[array([[[0.2709493 , 0.2742893 , 0.27946842, 0.25133526, 0.25355563,
         0.24710798, 0.2503746 , 0.25123322, 0.27033687],
        [0.28208095, 0.31938377, 0.27718902, 0.2272928 , 0.24369825,
         0.24911663, 0.22459319, 0.2174074 , 0.25539714],
        [0.28511384, 0.3330463 , 0.29135025, 0.21658196, 0.23893954,
         0.23868845, 0.21630391, 0.2071446 , 0.26021123],
        [0.28347525, 0.3421469 , 0.29994386, 0.1992679 , 0.22546759,
         0.22080536, 0.20162746, 0.19256198, 0.26030043],
        [0.27817616, 0.3460717 , 0.30587128, 0.1802372 , 0.20812567,
         0.1995969 , 0.18334709, 0.17482682, 0.25746688],
        [0.27089137, 0.34679067, 0.30853632, 0.16016647, 0.18825348,
         0.17641857, 0.16458459, 0.15517235, 0.2526589 ],
        [0.26161763, 0.34574875, 0.30969816, 0.1400706 , 0.16854641,
         0.15316989, 0.147387  , 0.13626704, 0.2474485 ],
        [0.25217727, 0.34379303, 0.31117788, 0.12265947, 0.14969248,
         0.13178807, 0.13104771, 0.1202435 , 0.24266931],
        [0.24249583, 0.34164497, 0.31140298, 0.10778032, 0.13262592,
         0.11391397, 0.11659354, 0.10618888, 0.2375294 ],
        [0.23259513, 0.3393102 , 0.31016073, 0.09463329, 0.11845348,
         0.09931014, 0.10432567, 0.0937975 , 0.23149943],
        [0.22389406, 0.33607864, 0.30717355, 0.08404759, 0.1066302 ,
         0.08763949, 0.09450936, 0.08421395, 0.22679295],
        [0.2166097 , 0.33351532, 0.30491924, 0.07537654, 0.09645496,
         0.0776258 , 0.08656267, 0.07614284, 0.22195195],
        [0.21133639, 0.33067957, 0.30336535, 0.06724452, 0.08736093,
         0.06857471, 0.07933305, 0.0686122 , 0.21758996],
        [0.20611209, 0.32789698, 0.3021792 , 0.06091996, 0.08003116,
         0.0614262 , 0.07320056, 0.06269209, 0.21418925],
        [0.20169035, 0.32592267, 0.30189493, 0.05611769, 0.07441238,
         0.05600169, 0.06846843, 0.05816381, 0.2099721 ],
        [0.19730893, 0.3245738 , 0.30227998, 0.05193423, 0.06963917,
         0.05145827, 0.06390244, 0.05456451, 0.20616025],
        [0.19344172, 0.32267228, 0.30314738, 0.04906444, 0.06548433,
         0.04782064, 0.0601263 , 0.05153219, 0.20259854],
        [0.18924023, 0.32100314, 0.30434388, 0.0463588 , 0.06187389,
         0.04451265, 0.05670412, 0.04884543, 0.1992502 ],
        [0.18569654, 0.31977957, 0.30457962, 0.04436863, 0.05931783,
         0.04203606, 0.05436208, 0.04702668, 0.19682373],
        [0.1824368 , 0.31888473, 0.3049667 , 0.0423635 , 0.05682523,
         0.03986368, 0.051909  , 0.04496754, 0.19459909],
        [0.17943048, 0.31796992, 0.30371913, 0.04048679, 0.05393268,
         0.03780909, 0.05005926, 0.04284753, 0.19107452],
        [0.17723121, 0.31633148, 0.30173206, 0.0393931 , 0.05201792,
         0.0363695 , 0.04855395, 0.04173542, 0.18830337],
        [0.17545621, 0.31437558, 0.30142942, 0.03815096, 0.05027533,
         0.03508492, 0.04722042, 0.04060258, 0.18524483],
        [0.17400865, 0.31280977, 0.30179372, 0.03695221, 0.04886511,
         0.03399674, 0.04595719, 0.03982987, 0.18370017],
        [0.17353772, 0.3119915 , 0.301955  , 0.03619596, 0.04785527,
         0.03328699, 0.04528357, 0.03911797, 0.18255362],
        [0.17293827, 0.31168568, 0.3019589 , 0.03544062, 0.04676665,
         0.03241171, 0.04454124, 0.03851668, 0.18118095],
        [0.17322391, 0.31076163, 0.3011313 , 0.03468059, 0.04553366,
         0.03159089, 0.04353663, 0.03782553, 0.18052232],
        [0.17330943, 0.31113553, 0.3004675 , 0.0342423 , 0.04490502,
         0.03134895, 0.04333985, 0.03742371, 0.1806848 ],
        [0.172649  , 0.31126478, 0.29948914, 0.03402076, 0.04478994,
         0.03135674, 0.04350071, 0.03719502, 0.18100041],
        [0.1730878 , 0.31184942, 0.29707947, 0.0340558 , 0.04494548,
         0.03139973, 0.04358984, 0.03747183, 0.18118495],
        [0.1731182 , 0.3123503 , 0.2973077 , 0.03377767, 0.04497901,
         0.0313265 , 0.04346086, 0.03766831, 0.18114322],
        [0.1734692 , 0.31291652, 0.29677856, 0.03370644, 0.04519749,
         0.03148972, 0.04384194, 0.03785383, 0.18144947]]], dtype=float32), array([[[2.78459370e-01, 2.71731615e-01, 2.87674636e-01, 2.00714856e-01,
         1.97799623e-01, 1.93579286e-01, 1.86097100e-01, 1.89747572e-01,
         2.53823906e-01],
        [2.94837743e-01, 3.08550537e-01, 3.02012801e-01, 1.31515056e-01,
         1.32852584e-01, 1.40086815e-01, 1.08432800e-01, 1.09953798e-01,
         2.16885298e-01],
        [3.02624792e-01, 3.12956482e-01, 3.36133093e-01, 7.79459402e-02,
         7.78228492e-02, 8.03742632e-02, 5.87229989e-02, 6.03737198e-02,
         1.92882255e-01],
        [3.04706484e-01, 3.12657028e-01, 3.67927074e-01, 3.90204340e-02,
         3.81043814e-02, 3.85255031e-02, 2.67931558e-02, 2.82011777e-02,
         1.61738753e-01],
        [3.03921908e-01, 3.10389757e-01, 3.96271557e-01, 1.87064838e-02,
         1.79309566e-02, 1.79150160e-02, 1.18229948e-02, 1.29642803e-02,
         1.32104620e-01],
        [3.00450921e-01, 3.07299167e-01, 4.22565162e-01, 9.00866091e-03,
         8.53517372e-03, 8.37835949e-03, 5.31918742e-03, 6.13806956e-03,
         1.05886884e-01],
        [2.96618640e-01, 3.04271847e-01, 4.49322373e-01, 4.63167299e-03,
         4.31706198e-03, 4.20093490e-03, 2.60660937e-03, 3.12336534e-03,
         8.51430967e-02],
        [2.92024106e-01, 3.01806420e-01, 4.72117722e-01, 2.67617451e-03,
         2.44907150e-03, 2.38590548e-03, 1.46558415e-03, 1.78707449e-03,
         7.03503415e-02],
        [2.88520873e-01, 3.00054818e-01, 4.91868049e-01, 1.71674916e-03,
         1.55000400e-03, 1.52017409e-03, 9.26729757e-04, 1.14159251e-03,
         5.95978647e-02],
        [2.86012590e-01, 2.97766685e-01, 5.07879436e-01, 1.20113208e-03,
         1.07012154e-03, 1.05831015e-03, 6.48710993e-04, 7.99588917e-04,
         5.18618450e-02],
        [2.84519643e-01, 2.96937376e-01, 5.21273494e-01, 9.14097589e-04,
         8.01735849e-04, 8.12417420e-04, 4.98962996e-04, 6.10622577e-04,
         4.65580449e-02],
        [2.83323407e-01, 2.95260698e-01, 5.31757772e-01, 7.31528038e-04,
         6.42630097e-04, 6.58736972e-04, 4.05829080e-04, 4.93569358e-04,
         4.24628444e-02],
        [2.82502919e-01, 2.94788063e-01, 5.40920913e-01, 6.20937382e-04,
         5.42415830e-04, 5.63164183e-04, 3.50424874e-04, 4.18220297e-04,
         3.97086777e-02],
        [2.82813430e-01, 2.94878840e-01, 5.47613204e-01, 5.27009193e-04,
         4.62838740e-04, 4.82860516e-04, 3.01944325e-04, 3.53538169e-04,
         3.70661020e-02],
        [2.82906085e-01, 2.92980433e-01, 5.53459644e-01, 4.71342239e-04,
         4.11599816e-04, 4.32278583e-04, 2.72825622e-04, 3.14060017e-04,
         3.53222005e-02],
        [2.83080935e-01, 2.91991293e-01, 5.59589088e-01, 4.27603431e-04,
         3.70229565e-04, 3.95983137e-04, 2.48508266e-04, 2.82540510e-04,
         3.37881371e-02],
        [2.82768309e-01, 2.91824251e-01, 5.63937187e-01, 3.92187096e-04,
         3.39894905e-04, 3.68978392e-04, 2.30971767e-04, 2.59179040e-04,
         3.27083059e-02],
        [2.81800121e-01, 2.91529089e-01, 5.67484081e-01, 3.71264876e-04,
         3.18601873e-04, 3.52386967e-04, 2.18698435e-04, 2.45560892e-04,
         3.20363753e-02],
        [2.81441063e-01, 2.91774809e-01, 5.70801139e-01, 3.54756688e-04,
         3.04547488e-04, 3.38819518e-04, 2.10669954e-04, 2.36409032e-04,
         3.14734280e-02],
        [2.81040639e-01, 2.91223854e-01, 5.73111415e-01, 3.43677180e-04,
         2.93376157e-04, 3.29392089e-04, 2.04070820e-04, 2.28853736e-04,
         3.09815109e-02],
        [2.81106859e-01, 2.90679902e-01, 5.75532138e-01, 3.37383215e-04,
         2.88389099e-04, 3.24459019e-04, 2.00225069e-04, 2.23586379e-04,
         3.08076944e-02],
        [2.81023026e-01, 2.90499777e-01, 5.77963769e-01, 3.28589435e-04,
         2.81631423e-04, 3.16939753e-04, 1.96603505e-04, 2.17258130e-04,
         3.05091962e-02],
        [2.80527145e-01, 2.88964778e-01, 5.78828812e-01, 3.21662490e-04,
         2.74437742e-04, 3.11800803e-04, 1.93760294e-04, 2.13775478e-04,
         3.03693470e-02],
        [2.81425476e-01, 2.88939863e-01, 5.80552578e-01, 3.17606493e-04,
         2.70279532e-04, 3.08894378e-04, 1.91175845e-04, 2.11028644e-04,
         3.01453844e-02],
        [2.81125218e-01, 2.88841754e-01, 5.80009639e-01, 3.14556615e-04,
         2.69177661e-04, 3.07424110e-04, 1.89949729e-04, 2.09059086e-04,
         3.00938580e-02],
        [2.80467153e-01, 2.89119452e-01, 5.80727279e-01, 3.09996161e-04,
         2.68377567e-04, 3.04174551e-04, 1.88004880e-04, 2.07330086e-04,
         2.99050827e-02],
        [2.79176027e-01, 2.89529800e-01, 5.81801653e-01, 3.06208996e-04,
         2.64025584e-04, 2.99725478e-04, 1.86125180e-04, 2.05052755e-04,
         2.96582431e-02],
        [2.79011786e-01, 2.90216684e-01, 5.82810402e-01, 2.99135660e-04,
         2.58568878e-04, 2.93426419e-04, 1.81322583e-04, 2.01100527e-04,
         2.92891674e-02],
        [2.78999001e-01, 2.88903266e-01, 5.83342791e-01, 2.95490376e-04,
         2.53561040e-04, 2.88103212e-04, 1.79069859e-04, 1.96582623e-04,
         2.90354863e-02],
        [2.79219300e-01, 2.87695557e-01, 5.83781660e-01, 2.93145189e-04,
         2.51661433e-04, 2.87902862e-04, 1.78503775e-04, 1.95058121e-04,
         2.89892126e-02],
        [2.78632194e-01, 2.87537217e-01, 5.84322572e-01, 2.87087925e-04,
         2.46314012e-04, 2.81395623e-04, 1.76212139e-04, 1.92023406e-04,
         2.87666637e-02],
        [2.78766245e-01, 2.87330657e-01, 5.84668934e-01, 2.83277244e-04,
         2.43635557e-04, 2.78741209e-04, 1.72824904e-04, 1.89916202e-04,
         2.85650045e-02]]], dtype=float32), array([[[2.80414611e-01, 2.73210049e-01, 2.80798614e-01, 1.69365406e-01,
         1.62498921e-01, 1.59367546e-01, 1.47639498e-01, 1.52106509e-01,
         2.56748110e-01],
        [2.99329668e-01, 3.12016428e-01, 2.82506704e-01, 9.48703066e-02,
         9.01159421e-02, 9.65136364e-02, 7.06477463e-02, 7.06017390e-02,
         2.27148235e-01],
        [3.08719397e-01, 3.24024647e-01, 2.93069869e-01, 4.53957021e-02,
         4.16424647e-02, 4.38853204e-02, 2.92033572e-02, 3.01538203e-02,
         2.09959030e-01],
        [3.11602265e-01, 3.33515614e-01, 2.94227391e-01, 1.75290927e-02,
         1.55524584e-02, 1.59601774e-02, 9.77305323e-03, 1.07057281e-02,
         1.84580371e-01],
        [3.08005810e-01, 3.42790544e-01, 2.89446265e-01, 6.26815297e-03,
         5.46557782e-03, 5.44609176e-03, 3.11389775e-03, 3.59305367e-03,
         1.56855345e-01],
        [3.02519262e-01, 3.51558000e-01, 2.81737655e-01, 2.38106446e-03,
         2.04711221e-03, 2.00867187e-03, 1.07751566e-03, 1.30516512e-03,
         1.32601693e-01],
        [2.96862394e-01, 3.60335797e-01, 2.72994101e-01, 1.07963977e-03,
         9.12611373e-04, 9.00891493e-04, 4.61806834e-04, 5.73162979e-04,
         1.14187390e-01],
        [2.91158587e-01, 3.67701322e-01, 2.64808416e-01, 5.87418210e-04,
         4.90818406e-04, 4.91067534e-04, 2.44612631e-04, 3.08285846e-04,
         1.01355173e-01],
        [2.86581159e-01, 3.75007927e-01, 2.56445825e-01, 3.64807027e-04,
         3.04189773e-04, 3.08188057e-04, 1.52371053e-04, 1.90844657e-04,
         9.19219479e-02],
        [2.82710671e-01, 3.80519867e-01, 2.48851717e-01, 2.46557145e-04,
         2.07290854e-04, 2.12205574e-04, 1.04166233e-04, 1.29284395e-04,
         8.48368779e-02],
        [2.80412883e-01, 3.83566618e-01, 2.41917536e-01, 1.85400553e-04,
         1.55419839e-04, 1.61470583e-04, 7.99141126e-05, 9.70368783e-05,
         8.03677812e-02],
        [2.78364152e-01, 3.87202770e-01, 2.36765459e-01, 1.49761996e-04,
         1.25431077e-04, 1.32195186e-04, 6.62588354e-05, 7.85259981e-05,
         7.71021321e-02],
        [2.76555806e-01, 3.89819622e-01, 2.32469708e-01, 1.28255124e-04,
         1.08292414e-04, 1.15197872e-04, 5.81587483e-05, 6.70664303e-05,
         7.51263201e-02],
        [2.74942577e-01, 3.92045438e-01, 2.29616791e-01, 1.14703398e-04,
         9.65712825e-05, 1.03270570e-04, 5.31030091e-05, 5.98078004e-05,
         7.39524141e-02],
        [2.74231315e-01, 3.92909944e-01, 2.25486130e-01, 1.04913554e-04,
         8.86171183e-05, 9.43799605e-05, 4.94654450e-05, 5.47236814e-05,
         7.25981891e-02],
        [2.73476332e-01, 3.95020068e-01, 2.23721534e-01, 9.91257766e-05,
         8.31326615e-05, 8.91961245e-05, 4.72502579e-05, 5.15346874e-05,
         7.15687498e-02],
        [2.71796048e-01, 3.96485358e-01, 2.22850114e-01, 9.51239344e-05,
         7.96970053e-05, 8.61935114e-05, 4.60030715e-05, 4.94196574e-05,
         7.09387437e-02],
        [2.71218240e-01, 3.96140248e-01, 2.20848233e-01, 9.14031698e-05,
         7.65420555e-05, 8.31411598e-05, 4.45788392e-05, 4.75912639e-05,
         7.05374107e-02],
        [2.71011412e-01, 3.96418720e-01, 2.19098672e-01, 8.98392536e-05,
         7.40617761e-05, 8.17102482e-05, 4.38079223e-05, 4.65898520e-05,
         7.02290684e-02],
        [2.70630687e-01, 3.97385597e-01, 2.17860371e-01, 8.83321409e-05,
         7.24693527e-05, 8.04546507e-05, 4.31705630e-05, 4.57524475e-05,
         6.98853135e-02],
        [2.70236969e-01, 3.99309456e-01, 2.16841295e-01, 8.66022237e-05,
         7.10088716e-05, 7.89871629e-05, 4.23345082e-05, 4.48507380e-05,
         6.94541857e-02],
        [2.70193785e-01, 3.98918539e-01, 2.15708911e-01, 8.46712865e-05,
         6.95700946e-05, 7.72896674e-05, 4.13917696e-05, 4.37913986e-05,
         6.91312999e-02],
        [2.68640786e-01, 3.97456914e-01, 2.14850530e-01, 8.41338697e-05,
         6.92846006e-05, 7.73434003e-05, 4.14137539e-05, 4.33004461e-05,
         6.91986606e-02],
        [2.68527806e-01, 3.97745222e-01, 2.14553654e-01, 8.27981567e-05,
         6.87282736e-05, 7.67354577e-05, 4.09658278e-05, 4.26171719e-05,
         6.93942457e-02],
        [2.69039571e-01, 3.98269981e-01, 2.15061769e-01, 8.16691245e-05,
         6.80085213e-05, 7.56179579e-05, 4.03968697e-05, 4.20354227e-05,
         6.88616186e-02],
        [2.68326521e-01, 3.98630381e-01, 2.15663031e-01, 8.07961624e-05,
         6.75443225e-05, 7.51970147e-05, 4.03069353e-05, 4.14366150e-05,
         6.88256472e-02],
        [2.68485516e-01, 3.98821026e-01, 2.15562984e-01, 7.93337167e-05,
         6.61914382e-05, 7.38346644e-05, 3.97638069e-05, 4.08313645e-05,
         6.88001364e-02],
        [2.69079477e-01, 3.98775250e-01, 2.15213135e-01, 7.85184602e-05,
         6.54287142e-05, 7.27184524e-05, 3.93435839e-05, 4.02123296e-05,
         6.85778186e-02],
        [2.68379629e-01, 3.97875994e-01, 2.15927109e-01, 7.85316224e-05,
         6.52202434e-05, 7.28376617e-05, 3.93960108e-05, 4.00190038e-05,
         6.85552061e-02],
        [2.68762171e-01, 3.99244875e-01, 2.16336280e-01, 7.61055853e-05,
         6.39666105e-05, 7.09255983e-05, 3.82683975e-05, 3.89340676e-05,
         6.83541447e-02],
        [2.69303888e-01, 3.98028314e-01, 2.15807438e-01, 7.51482075e-05,
         6.27989575e-05, 7.02996622e-05, 3.75794953e-05, 3.81468526e-05,
         6.83427900e-02],
        [2.69301742e-01, 3.96083862e-01, 2.14115322e-01, 7.48405873e-05,
         6.21925574e-05, 6.99004231e-05, 3.74672309e-05, 3.79542180e-05,
         6.85391873e-02]]], dtype=float32), array([[[2.76724964e-01, 2.64861166e-01, 2.86655843e-01, 1.53941169e-01,
         1.47223651e-01, 1.43566921e-01, 1.29239395e-01, 1.38041854e-01,
         2.61804670e-01],
        [2.87981600e-01, 2.91811794e-01, 2.96469033e-01, 7.08512291e-02,
         6.56285286e-02, 6.99013025e-02, 4.78791371e-02, 5.15988059e-02,
         2.39051551e-01],
        [2.87232935e-01, 2.91979641e-01, 3.17055613e-01, 3.22388597e-02,
         2.82490011e-02, 2.98122019e-02, 1.87846012e-02, 2.10061874e-02,
         2.37152427e-01],
        [2.75832117e-01, 2.90501535e-01, 3.29233378e-01, 1.16886972e-02,
         9.69665498e-03, 1.01243230e-02, 5.81552740e-03, 6.92845602e-03,
         2.27689967e-01],
        [2.59259254e-01, 2.88236469e-01, 3.33520621e-01, 4.13335394e-03,
         3.28561454e-03, 3.39104258e-03, 1.80420966e-03, 2.27605505e-03,
         2.18378454e-01],
        [2.40989178e-01, 2.86574125e-01, 3.33925009e-01, 1.51148683e-03,
         1.15792477e-03, 1.18183659e-03, 5.95207210e-04, 7.81028939e-04,
         2.08670169e-01],
        [2.21696541e-01, 2.86619961e-01, 3.30354691e-01, 6.18060061e-04,
         4.67855483e-04, 4.74509550e-04, 2.31117228e-04, 3.06944654e-04,
         2.01271504e-01],
        [2.05498666e-01, 2.86804289e-01, 3.25051993e-01, 2.93207180e-04,
         2.20088696e-04, 2.24332543e-04, 1.06880529e-04, 1.42397941e-04,
         1.96350992e-01],
        [1.92601293e-01, 2.88325548e-01, 3.18407118e-01, 1.66955331e-04,
         1.25395236e-04, 1.29835418e-04, 6.15788813e-05, 7.94024745e-05,
         1.93281993e-01],
        [1.81727409e-01, 2.89619505e-01, 3.10132354e-01, 1.08348075e-04,
         8.19734050e-05, 8.59408174e-05, 4.05513601e-05, 5.12247680e-05,
         1.93372235e-01],
        [1.72745317e-01, 2.90868968e-01, 3.03434700e-01, 8.00820562e-05,
         6.08562405e-05, 6.50527436e-05, 3.08532108e-05, 3.75780583e-05,
         1.94883883e-01],
        [1.66291118e-01, 2.92142510e-01, 2.97100633e-01, 6.37945632e-05,
         4.89793856e-05, 5.28580276e-05, 2.52112641e-05, 2.99507901e-05,
         1.96138039e-01],
        [1.60529613e-01, 2.94075876e-01, 2.92393386e-01, 5.44440700e-05,
         4.22839985e-05, 4.59403927e-05, 2.21800310e-05, 2.56086678e-05,
         1.98200390e-01],
        [1.57291219e-01, 2.95058280e-01, 2.87105232e-01, 4.89743761e-05,
         3.79117482e-05, 4.16288640e-05, 2.02598167e-05, 2.28119989e-05,
         2.01512992e-01],
        [1.54244184e-01, 2.96010554e-01, 2.83014357e-01, 4.47470411e-05,
         3.50015216e-05, 3.83824445e-05, 1.89730599e-05, 2.08538950e-05,
         2.03676879e-01],
        [1.51791856e-01, 2.96750039e-01, 2.80091643e-01, 4.13581001e-05,
         3.24780049e-05, 3.58997349e-05, 1.78430801e-05, 1.92159314e-05,
         2.05679536e-01],
        [1.49723843e-01, 2.98191637e-01, 2.78439552e-01, 3.98135235e-05,
         3.10823089e-05, 3.46771558e-05, 1.72611781e-05, 1.83285592e-05,
         2.07358390e-01],
        [1.48231879e-01, 2.97953188e-01, 2.76102215e-01, 3.84987325e-05,
         2.96235303e-05, 3.34875331e-05, 1.66844857e-05, 1.74535217e-05,
         2.10127831e-01],
        [1.47075489e-01, 2.97907710e-01, 2.72834897e-01, 3.72430113e-05,
         2.89545715e-05, 3.25695655e-05, 1.64585126e-05, 1.68275928e-05,
         2.11187318e-01],
        [1.45386979e-01, 2.99275875e-01, 2.70967722e-01, 3.62764586e-05,
         2.78507432e-05, 3.16925034e-05, 1.60531472e-05, 1.62658143e-05,
         2.11512595e-01],
        [1.44547775e-01, 2.98585802e-01, 2.68511474e-01, 3.55099728e-05,
         2.71053723e-05, 3.08665876e-05, 1.56548795e-05, 1.58607327e-05,
         2.13476449e-01],
        [1.44214824e-01, 2.98104584e-01, 2.67710418e-01, 3.49181937e-05,
         2.64903629e-05, 3.03204342e-05, 1.53684323e-05, 1.54622885e-05,
         2.14051992e-01],
        [1.42577946e-01, 2.98428535e-01, 2.66618788e-01, 3.44134387e-05,
         2.61021414e-05, 3.00093488e-05, 1.52211460e-05, 1.52465527e-05,
         2.15169489e-01],
        [1.42093673e-01, 2.96640605e-01, 2.65757710e-01, 3.40613224e-05,
         2.58141336e-05, 2.99089388e-05, 1.50996866e-05, 1.50148908e-05,
         2.16356710e-01],
        [1.41837955e-01, 2.97344059e-01, 2.66359329e-01, 3.35937839e-05,
         2.53372000e-05, 2.95177579e-05, 1.49309426e-05, 1.47469373e-05,
         2.15936378e-01],
        [1.41690537e-01, 2.97009826e-01, 2.65101165e-01, 3.31528136e-05,
         2.51498259e-05, 2.93269313e-05, 1.47458341e-05, 1.45331333e-05,
         2.17689320e-01],
        [1.40830293e-01, 2.96361893e-01, 2.63379693e-01, 3.29187642e-05,
         2.44203475e-05, 2.89033833e-05, 1.45198728e-05, 1.44624328e-05,
         2.17028171e-01],
        [1.41333789e-01, 2.94411153e-01, 2.62557268e-01, 3.26445734e-05,
         2.41777998e-05, 2.88752362e-05, 1.43886782e-05, 1.43078214e-05,
         2.18198404e-01],
        [1.41657904e-01, 2.93361783e-01, 2.61560321e-01, 3.30600051e-05,
         2.42206606e-05, 2.90515000e-05, 1.45234389e-05, 1.43933294e-05,
         2.19751373e-01],
        [1.41743049e-01, 2.93423384e-01, 2.61621177e-01, 3.31482843e-05,
         2.42966416e-05, 2.92984332e-05, 1.46492112e-05, 1.43987236e-05,
         2.20055118e-01],
        [1.41940489e-01, 2.93438196e-01, 2.60127366e-01, 3.32336713e-05,
         2.42345741e-05, 2.91330180e-05, 1.46478696e-05, 1.44401856e-05,
         2.20303386e-01],
        [1.42373011e-01, 2.92610675e-01, 2.58575141e-01, 3.33409407e-05,
         2.42175083e-05, 2.91868546e-05, 1.46601324e-05, 1.44508267e-05,
         2.19810769e-01]]], dtype=float32), array([[[2.79616892e-01, 2.60480285e-01, 2.97605127e-01, 1.15512498e-01,
         1.08244337e-01, 1.05708666e-01, 8.95504579e-02, 9.62813199e-02,
         2.38590270e-01],
        [2.94234812e-01, 2.83003330e-01, 3.22222501e-01, 3.80938984e-02,
         3.31876948e-02, 3.60395312e-02, 2.19125506e-02, 2.38531008e-02,
         1.92422077e-01],
        [2.94926584e-01, 2.83211499e-01, 3.55996847e-01, 1.02850292e-02,
         8.30200128e-03, 8.98576062e-03, 4.64986777e-03, 5.48894750e-03,
         1.61273509e-01],
        [2.86650330e-01, 2.86369145e-01, 3.80067527e-01, 2.45703640e-03,
         1.88062608e-03, 2.02424033e-03, 9.11766838e-04, 1.17388309e-03,
         1.29257560e-01],
        [2.72805363e-01, 2.93757707e-01, 3.94796461e-01, 7.05087208e-04,
         5.20456291e-04, 5.60322951e-04, 2.29657686e-04, 3.14403587e-04,
         1.05640024e-01],
        [2.57285178e-01, 3.03270698e-01, 4.03021961e-01, 2.57193227e-04,
         1.87259706e-04, 2.04242344e-04, 7.83505457e-05, 1.10351837e-04,
         8.92410129e-02],
        [2.42889583e-01, 3.12899441e-01, 4.05906081e-01, 1.14588896e-04,
         8.28881093e-05, 9.22020117e-05, 3.41032610e-05, 4.78566799e-05,
         7.82516003e-02],
        [2.30412871e-01, 3.23007107e-01, 4.03050572e-01, 6.39565114e-05,
         4.60458541e-05, 5.26864969e-05, 1.89982220e-05, 2.64020364e-05,
         7.16965273e-02],
        [2.20478207e-01, 3.33483577e-01, 3.98890436e-01, 4.25332728e-05,
         3.05258436e-05, 3.59890546e-05, 1.28137981e-05, 1.74142042e-05,
         6.78116083e-02],
        [2.11748302e-01, 3.42195481e-01, 3.93992603e-01, 3.13542660e-05,
         2.28495501e-05, 2.74301001e-05, 9.67968208e-06, 1.28895626e-05,
         6.53138235e-02],
        [2.05542356e-01, 3.49073827e-01, 3.87762100e-01, 2.50851044e-05,
         1.84781875e-05, 2.26129559e-05, 7.94538482e-06, 1.03516550e-05,
         6.40299693e-02],
        [2.00771675e-01, 3.54262322e-01, 3.82668018e-01, 2.09264635e-05,
         1.55692378e-05, 1.94150598e-05, 6.81953816e-06, 8.67326617e-06,
         6.31919876e-02],
        [1.97582886e-01, 3.58630210e-01, 3.76895368e-01, 1.83673401e-05,
         1.37556935e-05, 1.73776371e-05, 6.10360030e-06, 7.59814247e-06,
         6.25602454e-02],
        [1.94115102e-01, 3.62741739e-01, 3.73244256e-01, 1.68865754e-05,
         1.26511795e-05, 1.62738506e-05, 5.73104217e-06, 6.97566338e-06,
         6.27014562e-02],
        [1.91681668e-01, 3.64858627e-01, 3.67968529e-01, 1.56388651e-05,
         1.16686670e-05, 1.52038274e-05, 5.38010318e-06, 6.46516855e-06,
         6.26068488e-02],
        [1.88784316e-01, 3.67163181e-01, 3.62885296e-01, 1.47638493e-05,
         1.10133669e-05, 1.43559746e-05, 5.13550094e-06, 6.11675932e-06,
         6.23282157e-02],
        [1.87546909e-01, 3.69291693e-01, 3.61812174e-01, 1.40756783e-05,
         1.04463834e-05, 1.38577834e-05, 4.90484945e-06, 5.85333646e-06,
         6.23267367e-02],
        [1.85314640e-01, 3.71961832e-01, 3.59356850e-01, 1.38646410e-05,
         1.03486245e-05, 1.38449723e-05, 4.92046183e-06, 5.77585206e-06,
         6.24398105e-02],
        [1.83921501e-01, 3.72031659e-01, 3.56246740e-01, 1.34032616e-05,
         9.95572827e-06, 1.34439233e-05, 4.79667233e-06, 5.60496665e-06,
         6.23452961e-02],
        [1.83442712e-01, 3.73226106e-01, 3.54731590e-01, 1.32262639e-05,
         9.74029626e-06, 1.32163268e-05, 4.71307794e-06, 5.51992071e-06,
         6.24826699e-02],
        [1.82831123e-01, 3.74841183e-01, 3.54171842e-01, 1.30014587e-05,
         9.59712452e-06, 1.31382976e-05, 4.68078724e-06, 5.41499048e-06,
         6.22972250e-02],
        [1.81826189e-01, 3.74858707e-01, 3.53525728e-01, 1.26674249e-05,
         9.39558504e-06, 1.29153286e-05, 4.61051377e-06, 5.31728119e-06,
         6.21795096e-02],
        [1.81912825e-01, 3.74883413e-01, 3.52784425e-01, 1.24552307e-05,
         9.20580624e-06, 1.26811256e-05, 4.50220614e-06, 5.23251811e-06,
         6.24545999e-02],
        [1.81600466e-01, 3.74643683e-01, 3.51545215e-01, 1.21322391e-05,
         9.03439195e-06, 1.24436456e-05, 4.39284577e-06, 5.09775555e-06,
         6.25691786e-02],
        [1.80930808e-01, 3.74006599e-01, 3.51630360e-01, 1.19724882e-05,
         8.96276288e-06, 1.24417647e-05, 4.36617802e-06, 5.06470087e-06,
         6.26092330e-02],
        [1.80133119e-01, 3.74004543e-01, 3.51115495e-01, 1.18518501e-05,
         8.85469035e-06, 1.23291966e-05, 4.32871866e-06, 4.98280224e-06,
         6.30382523e-02],
        [1.79380834e-01, 3.74936402e-01, 3.50975752e-01, 1.17092613e-05,
         8.85844747e-06, 1.22782994e-05, 4.32959268e-06, 4.94536062e-06,
         6.32568374e-02],
        [1.78913146e-01, 3.75958413e-01, 3.50025296e-01, 1.16985075e-05,
         8.82993754e-06, 1.23080863e-05, 4.34204640e-06, 4.93566949e-06,
         6.31314665e-02],
        [1.79206848e-01, 3.75810564e-01, 3.50175649e-01, 1.16962201e-05,
         8.85595909e-06, 1.23554164e-05, 4.34239928e-06, 4.91919991e-06,
         6.32371902e-02],
        [1.79424211e-01, 3.75662774e-01, 3.48460585e-01, 1.16492329e-05,
         8.78206356e-06, 1.22490674e-05, 4.33699233e-06, 4.88213254e-06,
         6.35869056e-02],
        [1.78804860e-01, 3.75941485e-01, 3.47311676e-01, 1.16789988e-05,
         8.82339555e-06, 1.22514521e-05, 4.37862400e-06, 4.89102149e-06,
         6.37276918e-02],
        [1.78363934e-01, 3.75218898e-01, 3.47450852e-01, 1.16758492e-05,
         8.74822763e-06, 1.21630655e-05, 4.37863400e-06, 4.86037061e-06,
         6.37124181e-02]]], dtype=float32), array([[[2.90425479e-01, 2.58915246e-01, 3.01723748e-01, 1.07974991e-01,
         1.00228950e-01, 9.91943255e-02, 8.06293264e-02, 8.72864276e-02,
         2.47652024e-01],
        [3.17239612e-01, 2.79186994e-01, 3.29659581e-01, 3.64078656e-02,
         3.09431311e-02, 3.45936716e-02, 1.97107550e-02, 2.17245352e-02,
         2.16282681e-01],
        [3.32082540e-01, 2.76093960e-01, 3.69036913e-01, 8.38378072e-03,
         6.49285363e-03, 7.25019723e-03, 3.37028923e-03, 4.08180710e-03,
         1.97418138e-01],
        [3.36666018e-01, 2.74622232e-01, 3.96980464e-01, 1.65211153e-03,
         1.17063825e-03, 1.31732249e-03, 5.09473088e-04, 6.73354079e-04,
         1.75999090e-01],
        [3.31751287e-01, 2.78144956e-01, 4.12284046e-01, 4.18289303e-04,
         2.80719250e-04, 3.20980704e-04, 1.07955311e-04, 1.52154826e-04,
         1.61626309e-01],
        [3.21663976e-01, 2.84369648e-01, 4.16069567e-01, 1.46699225e-04,
         9.53056078e-05, 1.10955909e-04, 3.44665204e-05, 4.96618341e-05,
         1.54449388e-01],
        [3.10418099e-01, 2.91426837e-01, 4.15393859e-01, 6.16693360e-05,
         3.95454481e-05, 4.65692792e-05, 1.39108079e-05, 1.98240286e-05,
         1.50619850e-01],
        [3.00042003e-01, 2.98015982e-01, 4.09902781e-01, 3.34710603e-05,
         2.11526403e-05, 2.56127933e-05, 7.43742021e-06, 1.03667426e-05,
         1.50414616e-01],
        [2.90891856e-01, 3.03727239e-01, 4.02475476e-01, 2.16179960e-05,
         1.36544486e-05, 1.69780251e-05, 4.82387168e-06, 6.51680239e-06,
         1.53469712e-01],
        [2.81906307e-01, 3.09804618e-01, 3.93310010e-01, 1.56997430e-05,
         9.94173661e-06, 1.25592815e-05, 3.56993519e-06, 4.65781295e-06,
         1.56968579e-01],
        [2.76361108e-01, 3.13989758e-01, 3.85236353e-01, 1.25636152e-05,
         7.96794575e-06, 1.02953927e-05, 2.90199455e-06, 3.63319987e-06,
         1.62045568e-01],
        [2.69937932e-01, 3.17676514e-01, 3.76476258e-01, 1.05282352e-05,
         6.69690326e-06, 8.81967480e-06, 2.49811478e-06, 3.01142063e-06,
         1.66328117e-01],
        [2.65962094e-01, 3.19737345e-01, 3.69709402e-01, 9.21250103e-06,
         5.93803043e-06, 7.89211299e-06, 2.24180303e-06, 2.62437834e-06,
         1.69811070e-01],
        [2.62174517e-01, 3.21543932e-01, 3.63883436e-01, 8.38964297e-06,
         5.38631730e-06, 7.27743509e-06, 2.08526217e-06, 2.36027131e-06,
         1.73979416e-01],
        [2.57941097e-01, 3.23910505e-01, 3.58579278e-01, 7.87927638e-06,
         5.01589147e-06, 6.90948718e-06, 1.99331930e-06, 2.19920935e-06,
         1.76759452e-01],
        [2.54913360e-01, 3.25195253e-01, 3.54245037e-01, 7.56054715e-06,
         4.81669758e-06, 6.68338225e-06, 1.94144900e-06, 2.08962319e-06,
         1.80392921e-01],
        [2.52485245e-01, 3.26760828e-01, 3.51052791e-01, 7.21875449e-06,
         4.63886863e-06, 6.50068660e-06, 1.87814453e-06, 1.99537021e-06,
         1.83406621e-01],
        [2.50751555e-01, 3.28408092e-01, 3.48591298e-01, 7.07370918e-06,
         4.54412839e-06, 6.43493013e-06, 1.86481236e-06, 1.93572896e-06,
         1.85954660e-01],
        [2.49516740e-01, 3.29934388e-01, 3.47769350e-01, 6.77160142e-06,
         4.33251489e-06, 6.16414491e-06, 1.79458971e-06, 1.84693670e-06,
         1.86989978e-01],
        [2.48340651e-01, 3.28570396e-01, 3.44456315e-01, 6.62663888e-06,
         4.22235871e-06, 6.05083505e-06, 1.76508740e-06, 1.78936125e-06,
         1.88322425e-01],
        [2.47676671e-01, 3.28134477e-01, 3.43311250e-01, 6.47037086e-06,
         4.09805762e-06, 5.90257741e-06, 1.71271279e-06, 1.73594231e-06,
         1.90708831e-01],
        [2.46877179e-01, 3.28425258e-01, 3.40992451e-01, 6.34685648e-06,
         4.01529496e-06, 5.78445906e-06, 1.68049564e-06, 1.69922134e-06,
         1.92004919e-01],
        [2.46032894e-01, 3.28269452e-01, 3.40210766e-01, 6.25416260e-06,
         3.98141810e-06, 5.75661124e-06, 1.65728420e-06, 1.68074246e-06,
         1.94013193e-01],
        [2.45491713e-01, 3.29434842e-01, 3.38536412e-01, 6.20213632e-06,
         3.94717335e-06, 5.71523879e-06, 1.64995788e-06, 1.66352106e-06,
         1.94439471e-01],
        [2.45235354e-01, 3.28433692e-01, 3.36939812e-01, 6.16036505e-06,
         3.90413197e-06, 5.67995994e-06, 1.64075209e-06, 1.64826383e-06,
         1.95769310e-01],
        [2.44226784e-01, 3.27842295e-01, 3.36342484e-01, 6.15939007e-06,
         3.91250933e-06, 5.69720078e-06, 1.64576647e-06, 1.64566165e-06,
         1.97087511e-01],
        [2.42994994e-01, 3.28230381e-01, 3.35319608e-01, 6.17372507e-06,
         3.92288302e-06, 5.72980844e-06, 1.65381414e-06, 1.64613402e-06,
         1.98510200e-01],
        [2.42737845e-01, 3.27948362e-01, 3.33786517e-01, 6.24152290e-06,
         3.94771951e-06, 5.76989078e-06, 1.67643850e-06, 1.65815493e-06,
         1.99068144e-01],
        [2.42490441e-01, 3.27654988e-01, 3.31825167e-01, 6.26821702e-06,
         3.98031079e-06, 5.75679042e-06, 1.67884457e-06, 1.65899075e-06,
         2.00123981e-01],
        [2.41865456e-01, 3.27924311e-01, 3.31736088e-01, 6.28278121e-06,
         3.98690599e-06, 5.72299177e-06, 1.67978533e-06, 1.66250550e-06,
         2.00703934e-01],
        [2.40949407e-01, 3.29393983e-01, 3.31934214e-01, 6.37574658e-06,
         4.02254682e-06, 5.81501854e-06, 1.70247154e-06, 1.68247163e-06,
         2.01000303e-01],
        [2.41702527e-01, 3.28286946e-01, 3.31841618e-01, 6.33363334e-06,
         3.97871190e-06, 5.75069089e-06, 1.68873532e-06, 1.67392841e-06,
         2.00002447e-01]]], dtype=float32), array([[[2.93105632e-01, 2.64819533e-01, 3.10036004e-01, 9.40536261e-02,
         8.08511451e-02, 8.29671547e-02, 6.51821867e-02, 7.30540901e-02,
         2.20478237e-01],
        [3.22160333e-01, 2.91641802e-01, 3.62130433e-01, 2.08935142e-02,
         1.52079193e-02, 1.80515032e-02, 9.50509030e-03, 1.13040758e-02,
         1.51494563e-01],
        [3.37640554e-01, 3.00119013e-01, 4.29617554e-01, 3.40597727e-03,
         2.12193909e-03, 2.59498740e-03, 1.09272287e-03, 1.50863652e-03,
         1.02421105e-01],
        [3.40731710e-01, 3.14811647e-01, 4.89237726e-01, 5.42121590e-04,
         2.99018400e-04, 3.81644670e-04, 1.31266119e-04, 2.08088968e-04,
         6.62312210e-02],
        [3.33902478e-01, 3.32493633e-01, 5.36874235e-01, 1.24502651e-04,
         6.31458752e-05, 8.51816803e-05, 2.54229144e-05, 4.38281131e-05,
         4.64663357e-02],
        [3.22103262e-01, 3.50100398e-01, 5.72882652e-01, 4.21417317e-05,
         2.05884917e-05, 2.93744561e-05, 8.04685442e-06, 1.43229527e-05,
         3.63538116e-02],
        [3.09341580e-01, 3.67062718e-01, 5.98465204e-01, 1.99022179e-05,
         9.69735174e-06, 1.44254236e-05, 3.74983642e-06, 6.68177427e-06,
         3.10039446e-02],
        [2.98239410e-01, 3.81035626e-01, 6.16280258e-01, 1.18095695e-05,
         5.70399743e-06, 8.83074790e-06, 2.24382711e-06, 3.94567724e-06,
         2.82847155e-02],
        [2.88958579e-01, 3.92562807e-01, 6.28397048e-01, 8.16789361e-06,
         4.00079352e-06, 6.36715913e-06, 1.59004844e-06, 2.74532476e-06,
         2.66773682e-02],
        [2.82224894e-01, 4.02697027e-01, 6.36491597e-01, 6.45094678e-06,
         3.16645605e-06, 5.19971400e-06, 1.28263252e-06, 2.15353703e-06,
         2.58564241e-02],
        [2.76552290e-01, 4.09493238e-01, 6.42101884e-01, 5.32718332e-06,
         2.61236005e-06, 4.39150745e-06, 1.07830715e-06, 1.78057985e-06,
         2.53250692e-02],
        [2.71590143e-01, 4.15543199e-01, 6.47127628e-01, 4.62486696e-06,
         2.27053556e-06, 3.93848450e-06, 9.59211320e-07, 1.54180827e-06,
         2.49935016e-02],
        [2.67277896e-01, 4.20601606e-01, 6.49580181e-01, 4.20829338e-06,
         2.06268123e-06, 3.65493543e-06, 8.87452018e-07, 1.40335294e-06,
         2.49192342e-02],
        [2.64007479e-01, 4.24841583e-01, 6.50052845e-01, 3.90985360e-06,
         1.92328298e-06, 3.43285274e-06, 8.42212444e-07, 1.30851379e-06,
         2.48800460e-02],
        [2.60933667e-01, 4.29085255e-01, 6.52121723e-01, 3.73289777e-06,
         1.84843611e-06, 3.34395418e-06, 8.18786532e-07, 1.25256054e-06,
         2.48099752e-02],
        [2.59732246e-01, 4.30383742e-01, 6.52815580e-01, 3.58024749e-06,
         1.77909419e-06, 3.25016299e-06, 7.96966276e-07, 1.19922095e-06,
         2.49108486e-02],
        [2.57999510e-01, 4.33694959e-01, 6.53337002e-01, 3.39130497e-06,
         1.69127850e-06, 3.10652945e-06, 7.60620367e-07, 1.14464581e-06,
         2.47546807e-02],
        [2.56725073e-01, 4.34437990e-01, 6.54709041e-01, 3.28629153e-06,
         1.63869856e-06, 3.04620016e-06, 7.43339172e-07, 1.11049917e-06,
         2.47829668e-02],
        [2.57065594e-01, 4.35591400e-01, 6.55134737e-01, 3.16748674e-06,
         1.58799617e-06, 2.95484870e-06, 7.22923573e-07, 1.07183007e-06,
         2.46702321e-02],
        [2.55966395e-01, 4.34507430e-01, 6.55717731e-01, 3.02668968e-06,
         1.50727078e-06, 2.83956751e-06, 6.92691231e-07, 1.01787407e-06,
         2.44835019e-02],
        [2.54700541e-01, 4.35994714e-01, 6.56078815e-01, 2.98141072e-06,
         1.49473533e-06, 2.81587609e-06, 6.84266354e-07, 1.01220235e-06,
         2.46035811e-02],
        [2.53316939e-01, 4.37336534e-01, 6.56865776e-01, 2.89231320e-06,
         1.45102922e-06, 2.74829813e-06, 6.65089885e-07, 9.82367396e-07,
         2.45676190e-02],
        [2.52582401e-01, 4.35982466e-01, 6.56099081e-01, 2.90285857e-06,
         1.43483044e-06, 2.75914567e-06, 6.70650763e-07, 9.79449283e-07,
         2.45825201e-02],
        [2.51414806e-01, 4.36020672e-01, 6.54652059e-01, 2.91636275e-06,
         1.44231092e-06, 2.76911555e-06, 6.80151686e-07, 9.88635293e-07,
         2.47657690e-02],
        [2.52217263e-01, 4.35658664e-01, 6.55034959e-01, 2.86124327e-06,
         1.42794545e-06, 2.71822682e-06, 6.75123033e-07, 9.69305916e-07,
         2.47969311e-02],
        [2.52575457e-01, 4.35218692e-01, 6.55643225e-01, 2.81557391e-06,
         1.39092413e-06, 2.68548729e-06, 6.59804812e-07, 9.54115876e-07,
         2.46878751e-02],
        [2.51680225e-01, 4.34603095e-01, 6.54199660e-01, 2.83005625e-06,
         1.40181805e-06, 2.70866894e-06, 6.68889754e-07, 9.55314704e-07,
         2.49188244e-02],
        [2.52368689e-01, 4.34934378e-01, 6.52963042e-01, 2.78703897e-06,
         1.38124915e-06, 2.68532449e-06, 6.59941918e-07, 9.42570921e-07,
         2.48262361e-02],
        [2.51962185e-01, 4.33992893e-01, 6.51388466e-01, 2.74484159e-06,
         1.35606251e-06, 2.65536414e-06, 6.50863342e-07, 9.30025863e-07,
         2.46959422e-02],
        [2.51826823e-01, 4.34127808e-01, 6.51523769e-01, 2.75830939e-06,
         1.36098095e-06, 2.67135465e-06, 6.54355119e-07, 9.31992531e-07,
         2.48761009e-02],
        [2.51200736e-01, 4.34178233e-01, 6.50499165e-01, 2.73881301e-06,
         1.35610776e-06, 2.66421421e-06, 6.46739750e-07, 9.26861446e-07,
         2.49172822e-02],
        [2.51129955e-01, 4.34199750e-01, 6.50107503e-01, 2.76765513e-06,
         1.36972574e-06, 2.69824727e-06, 6.56631414e-07, 9.37405503e-07,
         2.50722636e-02]]], dtype=float32), array([[[3.12244445e-01, 2.55061120e-01, 3.16459924e-01, 7.82099664e-02,
         6.68609589e-02, 6.73059523e-02, 5.08120060e-02, 5.89658096e-02,
         2.43338719e-01],
        [3.72898400e-01, 2.61087805e-01, 3.74598593e-01, 1.62380692e-02,
         1.16929039e-02, 1.33744096e-02, 6.73433999e-03, 8.31361674e-03,
         2.05244064e-01],
        [4.25383151e-01, 2.47245207e-01, 4.43948895e-01, 2.90630106e-03,
         1.80163747e-03, 2.07166374e-03, 8.33224796e-04, 1.18220330e-03,
         1.85851276e-01],
        [4.69248950e-01, 2.32623577e-01, 5.06289482e-01, 5.12253726e-04,
         2.77045270e-04, 3.20684165e-04, 1.05625702e-04, 1.70181243e-04,
         1.68481097e-01],
        [5.00081718e-01, 2.19601899e-01, 5.57807267e-01, 1.24091748e-04,
         5.97357030e-05, 7.10627137e-05, 2.02292977e-05, 3.52350580e-05,
         1.59043923e-01],
        [5.21196842e-01, 2.08074361e-01, 5.97797334e-01, 4.09295535e-05,
         1.82104486e-05, 2.22210274e-05, 5.75174863e-06, 1.03449465e-05,
         1.56663299e-01],
        [5.34230173e-01, 1.99289665e-01, 6.28453374e-01, 1.82474669e-05,
         7.76491652e-06, 9.74254908e-06, 2.37097265e-06, 4.27101213e-06,
         1.59537017e-01],
        [5.41473746e-01, 1.92099959e-01, 6.51997149e-01, 1.02784579e-05,
         4.24288373e-06, 5.49405240e-06, 1.28683689e-06, 2.26161592e-06,
         1.65682137e-01],
        [5.45870304e-01, 1.85584903e-01, 6.67610168e-01, 7.00274313e-06,
         2.81607777e-06, 3.74882006e-06, 8.59941167e-07, 1.46472428e-06,
         1.73602447e-01],
        [5.48701763e-01, 1.80980369e-01, 6.79064989e-01, 5.32993045e-06,
         2.12796772e-06, 2.87082116e-06, 6.52764129e-07, 1.06741334e-06,
         1.82751670e-01],
        [5.50443649e-01, 1.77391946e-01, 6.88883364e-01, 4.36436858e-06,
         1.70742601e-06, 2.35222319e-06, 5.32953891e-07, 8.45782097e-07,
         1.91036940e-01],
        [5.51381886e-01, 1.75122947e-01, 6.95267022e-01, 3.83721772e-06,
         1.48367519e-06, 2.06841037e-06, 4.67447336e-07, 7.23408561e-07,
         1.98596105e-01],
        [5.51423430e-01, 1.72580779e-01, 6.99990571e-01, 3.50497726e-06,
         1.34664299e-06, 1.90550327e-06, 4.30795097e-07, 6.44514273e-07,
         2.05670178e-01],
        [5.50985754e-01, 1.71563849e-01, 7.03033388e-01, 3.35281993e-06,
         1.27646365e-06, 1.81909058e-06, 4.14434425e-07, 6.04844274e-07,
         2.12880045e-01],
        [5.50264120e-01, 1.70711607e-01, 7.05588341e-01, 3.24022039e-06,
         1.22562199e-06, 1.76128140e-06, 4.04543499e-07, 5.74493981e-07,
         2.18009055e-01],
        [5.49381018e-01, 1.70163333e-01, 7.07678556e-01, 3.10060068e-06,
         1.16394483e-06, 1.68985639e-06, 3.91800683e-07, 5.44320585e-07,
         2.21670583e-01],
        [5.48991919e-01, 1.69657096e-01, 7.09661007e-01, 2.99763406e-06,
         1.12653765e-06, 1.63540631e-06, 3.84661462e-07, 5.20610740e-07,
         2.25344390e-01],
        [5.49483776e-01, 1.68493256e-01, 7.11608350e-01, 2.87955254e-06,
         1.08753432e-06, 1.57623367e-06, 3.71636673e-07, 4.98198574e-07,
         2.29405895e-01],
        [5.49943626e-01, 1.67942375e-01, 7.13401616e-01, 2.81561347e-06,
         1.05638162e-06, 1.54144141e-06, 3.64348097e-07, 4.82360917e-07,
         2.31949449e-01],
        [5.49922049e-01, 1.66971743e-01, 7.13986397e-01, 2.75041475e-06,
         1.03993398e-06, 1.51311849e-06, 3.60185709e-07, 4.68398099e-07,
         2.34727263e-01],
        [5.49603403e-01, 1.66218489e-01, 7.14168608e-01, 2.75478260e-06,
         1.04006858e-06, 1.52476730e-06, 3.63325626e-07, 4.65303174e-07,
         2.36724466e-01],
        [5.49678743e-01, 1.66153774e-01, 7.13795424e-01, 2.72949296e-06,
         1.02057948e-06, 1.49649770e-06, 3.56700554e-07, 4.60401907e-07,
         2.38987029e-01],
        [5.49773991e-01, 1.65662929e-01, 7.13630140e-01, 2.68585859e-06,
         9.93138542e-07, 1.46683681e-06, 3.49614169e-07, 4.52148726e-07,
         2.40858510e-01],
        [5.49561679e-01, 1.65245503e-01, 7.14012921e-01, 2.69870156e-06,
         9.92119681e-07, 1.47216690e-06, 3.51689351e-07, 4.53196208e-07,
         2.41489083e-01],
        [5.49218893e-01, 1.64987668e-01, 7.14663327e-01, 2.70361193e-06,
         1.00148281e-06, 1.48133518e-06, 3.54901999e-07, 4.55066356e-07,
         2.43163660e-01],
        [5.49469233e-01, 1.64696544e-01, 7.15594709e-01, 2.69988277e-06,
         9.98446012e-07, 1.47924732e-06, 3.53913919e-07, 4.52544782e-07,
         2.43928909e-01],
        [5.49705863e-01, 1.64750695e-01, 7.17652500e-01, 2.63418929e-06,
         9.85617362e-07, 1.44819501e-06, 3.51541814e-07, 4.43356527e-07,
         2.45323673e-01],
        [5.49357533e-01, 1.65217131e-01, 7.17814624e-01, 2.65314179e-06,
         1.00146610e-06, 1.46534910e-06, 3.55670153e-07, 4.47193344e-07,
         2.46447772e-01],
        [5.49103498e-01, 1.65341899e-01, 7.17929661e-01, 2.66474808e-06,
         1.01036539e-06, 1.47629873e-06, 3.60048972e-07, 4.47182970e-07,
         2.47425929e-01],
        [5.49809635e-01, 1.64336383e-01, 7.18818069e-01, 2.59094872e-06,
         9.75017997e-07, 1.43090210e-06, 3.48694329e-07, 4.35157403e-07,
         2.47642592e-01],
        [5.49358487e-01, 1.64279729e-01, 7.18304515e-01, 2.63483548e-06,
         9.86070290e-07, 1.45610886e-06, 3.54233862e-07, 4.38126733e-07,
         2.49163449e-01],
        [5.49071968e-01, 1.64545700e-01, 7.18821108e-01, 2.63680545e-06,
         9.83897394e-07, 1.45985621e-06, 3.55834004e-07, 4.38498404e-07,
         2.48279482e-01]]], dtype=float32), array([[[2.6704741e-01, 2.8133330e-01, 3.3480495e-01, 6.2195469e-02,
         5.1865418e-02, 5.2263148e-02, 3.8031470e-02, 4.5063887e-02,
         2.1766323e-01],
        [2.5733227e-01, 3.2556719e-01, 4.1287276e-01, 9.2075039e-03,
         6.3524591e-03, 7.4703596e-03, 3.5535879e-03, 4.5014624e-03,
         1.4919816e-01],
        [2.2459027e-01, 3.5940915e-01, 4.9352655e-01, 1.2038277e-03,
         7.2070764e-04, 8.7569270e-04, 3.2998761e-04, 4.8336707e-04,
         1.0496741e-01],
        [1.8670531e-01, 3.9264682e-01, 5.5634570e-01, 1.9476080e-04,
         1.0414515e-04, 1.3223181e-04, 4.1661224e-05, 6.8704241e-05,
         7.4402668e-02],
        [1.5375282e-01, 4.1995955e-01, 6.0209811e-01, 4.6063633e-05,
         2.2882890e-05, 3.0548097e-05, 8.5485672e-06, 1.5089664e-05,
         5.6538042e-02],
        [1.2932676e-01, 4.3977889e-01, 6.3264591e-01, 1.6716020e-05,
         8.0004211e-06, 1.1167007e-05, 2.9062471e-06, 5.2701398e-06,
         4.7198564e-02],
        [1.1228371e-01, 4.5334482e-01, 6.5300989e-01, 8.1920325e-06,
         3.8454364e-06, 5.5809028e-06, 1.4016282e-06, 2.5350218e-06,
         4.1934580e-02],
        [1.0076511e-01, 4.6141595e-01, 6.6613591e-01, 5.0381827e-06,
         2.3413472e-06, 3.5143789e-06, 8.6686128e-07, 1.5331959e-06,
         3.9100304e-02],
        [9.2563942e-02, 4.6583262e-01, 6.7307669e-01, 3.6391982e-06,
         1.6852401e-06, 2.6006257e-06, 6.3794471e-07, 1.1010593e-06,
         3.7586842e-02],
        [8.6614937e-02, 4.6895292e-01, 6.7821681e-01, 2.7649935e-06,
         1.2805500e-06, 2.0032276e-06, 4.8934214e-07, 8.3024747e-07,
         3.6416668e-02],
        [8.2627028e-02, 4.6907949e-01, 6.8036193e-01, 2.2887853e-06,
         1.0512897e-06, 1.6772219e-06, 4.1117420e-07, 6.7677456e-07,
         3.5908978e-02],
        [7.9267271e-02, 4.7022468e-01, 6.8264502e-01, 1.9502691e-06,
         8.9513645e-07, 1.4470691e-06, 3.5410565e-07, 5.7516081e-07,
         3.5361975e-02],
        [7.7002443e-02, 4.6954015e-01, 6.8373013e-01, 1.7189943e-06,
         7.8306277e-07, 1.2930301e-06, 3.1461084e-07, 4.9885978e-07,
         3.5153367e-02],
        [7.5219385e-02, 4.6921775e-01, 6.8361580e-01, 1.5880784e-06,
         7.1587658e-07, 1.2053999e-06, 2.9395619e-07, 4.5769912e-07,
         3.4934886e-02],
        [7.3643491e-02, 4.6870795e-01, 6.8429369e-01, 1.4605705e-06,
         6.5538046e-07, 1.1207725e-06, 2.7091721e-07, 4.1806166e-07,
         3.4821473e-02],
        [7.2324671e-02, 4.6697965e-01, 6.8389904e-01, 1.3658187e-06,
         6.1085007e-07, 1.0595696e-06, 2.5447764e-07, 3.8966107e-07,
         3.4571450e-02],
        [7.1344420e-02, 4.6673355e-01, 6.8282658e-01, 1.3103308e-06,
         5.7969743e-07, 1.0206969e-06, 2.4356027e-07, 3.7101717e-07,
         3.4717791e-02],
        [7.0516728e-02, 4.6602872e-01, 6.8054569e-01, 1.3099030e-06,
         5.7833040e-07, 1.0263324e-06, 2.4532275e-07, 3.6897637e-07,
         3.5157997e-02],
        [6.9874696e-02, 4.6506640e-01, 6.7887944e-01, 1.2908006e-06,
         5.6632678e-07, 1.0193585e-06, 2.4239506e-07, 3.6189539e-07,
         3.5217356e-02],
        [6.9511294e-02, 4.6479917e-01, 6.7749369e-01, 1.2796489e-06,
         5.6085344e-07, 1.0158527e-06, 2.4314880e-07, 3.5875195e-07,
         3.5416018e-02],
        [6.8937972e-02, 4.6539637e-01, 6.7734754e-01, 1.2491116e-06,
         5.4959520e-07, 9.9639965e-07, 2.3806125e-07, 3.5150734e-07,
         3.5412997e-02],
        [6.8630420e-02, 4.6382341e-01, 6.7662996e-01, 1.2268922e-06,
         5.3504198e-07, 9.8526732e-07, 2.3390332e-07, 3.4551513e-07,
         3.5441775e-02],
        [6.8127945e-02, 4.6407226e-01, 6.7547834e-01, 1.2118271e-06,
         5.2696964e-07, 9.7460463e-07, 2.3172505e-07, 3.4155667e-07,
         3.5522602e-02],
        [6.8215378e-02, 4.6432850e-01, 6.7389196e-01, 1.2042563e-06,
         5.2585398e-07, 9.7473992e-07, 2.3120076e-07, 3.3895759e-07,
         3.5794772e-02],
        [6.7881681e-02, 4.6385255e-01, 6.7337018e-01, 1.1997012e-06,
         5.2055924e-07, 9.7170596e-07, 2.3057137e-07, 3.3700252e-07,
         3.5789784e-02],
        [6.7877822e-02, 4.6359876e-01, 6.7310190e-01, 1.1911289e-06,
         5.1730382e-07, 9.6563201e-07, 2.2925030e-07, 3.3275893e-07,
         3.5849735e-02],
        [6.7691721e-02, 4.6346435e-01, 6.7337561e-01, 1.1710807e-06,
         5.0401235e-07, 9.3268608e-07, 2.2405985e-07, 3.2718083e-07,
         3.5781179e-02],
        [6.7421310e-02, 4.6326718e-01, 6.7266685e-01, 1.1736545e-06,
         5.0289788e-07, 9.3829726e-07, 2.2492740e-07, 3.2813529e-07,
         3.5977039e-02],
        [6.7176625e-02, 4.6291712e-01, 6.7256904e-01, 1.1698397e-06,
         4.9698531e-07, 9.3066359e-07, 2.2426225e-07, 3.2559265e-07,
         3.5792686e-02],
        [6.6843897e-02, 4.6262488e-01, 6.7112464e-01, 1.1961749e-06,
         5.0958698e-07, 9.5311833e-07, 2.2988783e-07, 3.3260167e-07,
         3.6061060e-02],
        [6.6716686e-02, 4.6281368e-01, 6.7126518e-01, 1.1909833e-06,
         5.0601489e-07, 9.4616354e-07, 2.2987085e-07, 3.3274185e-07,
         3.5995837e-02],
        [6.6880912e-02, 4.6253392e-01, 6.7088979e-01, 1.1914051e-06,
         5.0423313e-07, 9.4208718e-07, 2.2876576e-07, 3.3236338e-07,
         3.6080170e-02]]], dtype=float32), array([[[3.01379919e-01, 2.77225584e-01, 3.27204913e-01, 7.35921115e-02,
         6.28266335e-02, 6.26510903e-02, 4.71813641e-02, 5.54386750e-02,
         2.14084923e-01],
        [3.49110126e-01, 3.14235121e-01, 3.94701391e-01, 1.44205783e-02,
         1.04474016e-02, 1.19230859e-02, 5.93289873e-03, 7.65863946e-03,
         1.41389400e-01],
        [3.89883727e-01, 3.40116143e-01, 4.74486679e-01, 1.96655886e-03,
         1.23278704e-03, 1.45178137e-03, 5.47953590e-04, 8.39758664e-04,
         8.74183774e-02],
        [4.25590336e-01, 3.68028790e-01, 5.40470660e-01, 2.71670520e-04,
         1.48974272e-04, 1.85321114e-04, 5.41414011e-05, 9.68524546e-05,
         5.07514663e-02],
        [4.51366037e-01, 3.92054290e-01, 5.89444339e-01, 5.64733964e-05,
         2.79804462e-05, 3.71885144e-05, 9.03709861e-06, 1.77201746e-05,
         3.17967683e-02],
        [4.68085617e-01, 4.08819020e-01, 6.20389462e-01, 1.87297883e-05,
         8.65409856e-06, 1.23157361e-05, 2.65968424e-06, 5.42478301e-06,
         2.26865169e-02],
        [4.80200946e-01, 4.18755829e-01, 6.41214967e-01, 8.41436304e-06,
         3.69433724e-06, 5.59665887e-06, 1.11614327e-06, 2.31307058e-06,
         1.77628528e-02],
        [4.90094543e-01, 4.24405485e-01, 6.54260576e-01, 4.73078171e-06,
         2.02695469e-06, 3.22872916e-06, 6.07721233e-07, 1.24841915e-06,
         1.50093623e-02],
        [4.96273637e-01, 4.27588731e-01, 6.61729157e-01, 3.28153055e-06,
         1.38543567e-06, 2.29984448e-06, 4.19470098e-07, 8.41877466e-07,
         1.35460394e-02],
        [5.01391888e-01, 4.28159952e-01, 6.65819168e-01, 2.44130251e-06,
         1.02419858e-06, 1.75687626e-06, 3.13361397e-07, 6.16687942e-07,
         1.25310095e-02],
        [5.04995644e-01, 4.28197622e-01, 6.67376161e-01, 2.05338688e-06,
         8.56964050e-07, 1.50816186e-06, 2.65927696e-07, 5.12710415e-07,
         1.19895460e-02],
        [5.07825136e-01, 4.28338736e-01, 6.67765141e-01, 1.77724769e-06,
         7.45480861e-07, 1.33634603e-06, 2.33131090e-07, 4.40649927e-07,
         1.15785562e-02],
        [5.09740353e-01, 4.28697914e-01, 6.68057740e-01, 1.60927323e-06,
         6.69958013e-07, 1.22358722e-06, 2.13170566e-07, 3.94978031e-07,
         1.12979049e-02],
        [5.11612117e-01, 4.28472430e-01, 6.67793095e-01, 1.46398679e-06,
         6.09275730e-07, 1.12117391e-06, 1.94642254e-07, 3.58082190e-07,
         1.10361297e-02],
        [5.13264120e-01, 4.27166760e-01, 6.66897953e-01, 1.39195652e-06,
         5.77179378e-07, 1.07088169e-06, 1.84830597e-07, 3.35589590e-07,
         1.09775458e-02],
        [5.13705254e-01, 4.26749259e-01, 6.66073799e-01, 1.35149071e-06,
         5.56611610e-07, 1.04918979e-06, 1.80385044e-07, 3.24258025e-07,
         1.08839767e-02],
        [5.14480829e-01, 4.25492823e-01, 6.64823949e-01, 1.30923411e-06,
         5.37893868e-07, 1.02437696e-06, 1.76697370e-07, 3.12950135e-07,
         1.08444057e-02],
        [5.16036212e-01, 4.25461829e-01, 6.63780868e-01, 1.26717475e-06,
         5.13782595e-07, 9.92145374e-07, 1.70248967e-07, 2.98948379e-07,
         1.07206954e-02],
        [5.16911924e-01, 4.25279975e-01, 6.62585437e-01, 1.20739867e-06,
         4.93582320e-07, 9.49823857e-07, 1.62306591e-07, 2.86215936e-07,
         1.06721325e-02],
        [5.18393219e-01, 4.24523622e-01, 6.62090003e-01, 1.16659169e-06,
         4.75952106e-07, 9.28228644e-07, 1.55930152e-07, 2.74494823e-07,
         1.05628548e-02],
        [5.18695652e-01, 4.24348891e-01, 6.62119031e-01, 1.14607531e-06,
         4.63547963e-07, 9.16193358e-07, 1.53790509e-07, 2.68688240e-07,
         1.05691385e-02],
        [5.18963277e-01, 4.24215764e-01, 6.61534965e-01, 1.14150794e-06,
         4.62603481e-07, 9.22860067e-07, 1.54117487e-07, 2.66523358e-07,
         1.05763283e-02],
        [5.18694162e-01, 4.23982084e-01, 6.60574675e-01, 1.12994417e-06,
         4.57425045e-07, 9.12055157e-07, 1.53349049e-07, 2.63077254e-07,
         1.05581461e-02],
        [5.19111812e-01, 4.23743486e-01, 6.60833597e-01, 1.10282463e-06,
         4.48501879e-07, 8.90858985e-07, 1.50505656e-07, 2.58502808e-07,
         1.04556615e-02],
        [5.18175125e-01, 4.23516303e-01, 6.60096586e-01, 1.11010922e-06,
         4.52446727e-07, 9.02639670e-07, 1.52702938e-07, 2.60586660e-07,
         1.05143813e-02],
        [5.18591106e-01, 4.23634797e-01, 6.59741223e-01, 1.11022928e-06,
         4.51699094e-07, 9.01050271e-07, 1.53190243e-07, 2.60350447e-07,
         1.04940319e-02],
        [5.18587351e-01, 4.23234612e-01, 6.59447908e-01, 1.09942027e-06,
         4.47906103e-07, 8.91812249e-07, 1.51892039e-07, 2.58235673e-07,
         1.05511704e-02],
        [5.18905461e-01, 4.24079776e-01, 6.59927428e-01, 1.08396694e-06,
         4.44450734e-07, 8.83060295e-07, 1.50192193e-07, 2.55157630e-07,
         1.05209388e-02],
        [5.20051360e-01, 4.24608797e-01, 6.60316885e-01, 1.07991161e-06,
         4.38310281e-07, 8.79534582e-07, 1.48697438e-07, 2.52945483e-07,
         1.04224468e-02],
        [5.19140959e-01, 4.24027562e-01, 6.58835232e-01, 1.09239784e-06,
         4.43885682e-07, 8.92693208e-07, 1.50735914e-07, 2.55813603e-07,
         1.05119357e-02],
        [5.18372059e-01, 4.24309254e-01, 6.58140361e-01, 1.12250802e-06,
         4.53239579e-07, 9.13989425e-07, 1.54696679e-07, 2.64398750e-07,
         1.05820727e-02],
        [5.18118620e-01, 4.24327612e-01, 6.57079935e-01, 1.12438158e-06,
         4.56160365e-07, 9.11344159e-07, 1.55135808e-07, 2.63780692e-07,
         1.06276758e-02]]], dtype=float32)]