tf.Tensor(
[[[3.00762266e-01 2.76617020e-01 3.26866984e-01 7.90804699e-02
   6.66134059e-02 6.73691034e-02 5.08847460e-02 5.93897887e-02
   2.16797695e-01]
  [3.50779265e-01 3.14984530e-01 3.97632003e-01 1.48490118e-02
   1.04034962e-02 1.22276833e-02 6.03614701e-03 7.62325665e-03
   1.41579986e-01]
  [3.94310594e-01 3.41579586e-01 4.80367452e-01 1.88762986e-03
   1.12514186e-03 1.36985350e-03 5.13525796e-04 7.65382079e-04
   8.57008025e-02]
  [4.27752584e-01 3.68966907e-01 5.44027925e-01 2.85062240e-04
   1.49645057e-04 1.91224201e-04 5.66128401e-05 9.83333593e-05
   5.08033447e-02]
  [4.53277051e-01 3.92519116e-01 5.91785610e-01 5.67960888e-05
   2.71917743e-05 3.66284403e-05 9.09081973e-06 1.73256103e-05
   3.15139256e-02]
  [4.70781624e-01 4.09132749e-01 6.23852551e-01 1.76853810e-05
   7.97851590e-06 1.14990726e-05 2.52851919e-06 5.02302964e-06
   2.21190043e-02]
  [4.82157141e-01 4.19863075e-01 6.44007444e-01 7.99502050e-06
   3.49685115e-06 5.33759248e-06 1.08668166e-06 2.17292381e-06
   1.74019244e-02]
  [4.90097195e-01 4.25716281e-01 6.55364215e-01 4.59191961e-06
   1.98506336e-06 3.15427155e-06 6.11070050e-07 1.21292760e-06
   1.48043530e-02]
  [4.96432483e-01 4.29607123e-01 6.62425816e-01 3.10245809e-06
   1.31808440e-06 2.18219179e-06 4.08366333e-07 7.99957149e-07
   1.31853046e-02]
  [5.01535356e-01 4.29939628e-01 6.65636003e-01 2.38811549e-06
   1.00550153e-06 1.72482657e-06 3.14265463e-07 6.02623629e-07
   1.22930305e-02]
  [5.05221248e-01 4.29122567e-01 6.66452527e-01 1.98752355e-06
   8.30971885e-07 1.46531465e-06 2.64027960e-07 4.98901500e-07
   1.17100347e-02]
  [5.07759809e-01 4.28465396e-01 6.66952908e-01 1.75009302e-06
   7.29169187e-07 1.31381762e-06 2.33514172e-07 4.36053540e-07
   1.13452552e-02]
  [5.09954751e-01 4.28152710e-01 6.67308688e-01 1.56615238e-06
   6.50507332e-07 1.19095341e-06 2.09804725e-07 3.86390411e-07
   1.10837175e-02]
  [5.11711061e-01 4.27227080e-01 6.67022228e-01 1.44171099e-06
   5.99546922e-07 1.11092652e-06 1.94080698e-07 3.53621232e-07
   1.09191006e-02]
  [5.14641106e-01 4.26392585e-01 6.66255593e-01 1.32952152e-06
   5.48423259e-07 1.02916272e-06 1.77432568e-07 3.22888667e-07
   1.07459128e-02]
  [5.16667306e-01 4.25914109e-01 6.65607214e-01 1.24444955e-06
   5.10917005e-07 9.67308779e-07 1.65429284e-07 3.00027551e-07
   1.04773361e-02]
  [5.17678976e-01 4.24578011e-01 6.64271057e-01 1.20920822e-06
   4.95403071e-07 9.53277492e-07 1.61704222e-07 2.87145809e-07
   1.05447741e-02]
  [5.18894613e-01 4.24352765e-01 6.63226545e-01 1.17683010e-06
   4.74633453e-07 9.25386075e-07 1.57044880e-07 2.77775854e-07
   1.04584359e-02]
  [5.19430280e-01 4.24158514e-01 6.62923932e-01 1.14146178e-06
   4.63842497e-07 9.12299811e-07 1.54740832e-07 2.70517319e-07
   1.03689600e-02]
  [5.18937588e-01 4.24552053e-01 6.61869287e-01 1.11899931e-06
   4.53771719e-07 9.04334286e-07 1.51579300e-07 2.65266067e-07
   1.03660133e-02]
  [5.18441260e-01 4.24666554e-01 6.61003053e-01 1.14342367e-06
   4.64485794e-07 9.29866928e-07 1.56182907e-07 2.69911055e-07
   1.05089452e-02]
  [5.18044949e-01 4.24945116e-01 6.59938872e-01 1.12844816e-06
   4.57371044e-07 9.15987243e-07 1.54553859e-07 2.65178670e-07
   1.04714092e-02]
  [5.18594921e-01 4.25135672e-01 6.60309970e-01 1.11612906e-06
   4.53445750e-07 8.99136751e-07 1.52806933e-07 2.63167152e-07
   1.03921425e-02]
  [5.18782198e-01 4.24364269e-01 6.60081446e-01 1.10430381e-06
   4.48015697e-07 8.94519815e-07 1.50542007e-07 2.60619231e-07
   1.03654042e-02]
  [5.18728733e-01 4.23730105e-01 6.59584224e-01 1.09227551e-06
   4.43785439e-07 8.86401040e-07 1.49085480e-07 2.58240476e-07
   1.04071693e-02]
  [5.19788980e-01 4.23222721e-01 6.60113394e-01 1.07623339e-06
   4.34119926e-07 8.67589392e-07 1.46669151e-07 2.55111900e-07
   1.03979679e-02]
  [5.20463943e-01 4.23395246e-01 6.60693228e-01 1.05831032e-06
   4.30409358e-07 8.55318717e-07 1.44523241e-07 2.50446647e-07
   1.03673488e-02]
  [5.21219075e-01 4.23141360e-01 6.60744667e-01 1.03801381e-06
   4.22173940e-07 8.39007157e-07 1.41835457e-07 2.45503230e-07
   1.03131607e-02]
  [5.21265328e-01 4.23160791e-01 6.60879731e-01 1.05222023e-06
   4.28512749e-07 8.52997175e-07 1.43663854e-07 2.48082159e-07
   1.03425020e-02]
  [5.20756066e-01 4.23999965e-01 6.60975993e-01 1.06471566e-06
   4.31578059e-07 8.62946251e-07 1.46562968e-07 2.49646519e-07
   1.03809508e-02]
  [5.20023167e-01 4.24029112e-01 6.61020994e-01 1.07330288e-06
   4.32415504e-07 8.72719340e-07 1.47317863e-07 2.51748986e-07
   1.03802746e-02]
  [5.19617319e-01 4.23981249e-01 6.60436690e-01 1.08966537e-06
   4.37097725e-07 8.85868872e-07 1.49748814e-07 2.54582005e-07
   1.04841795e-02]]], shape=(1, 32, 9), dtype=float32)