[array([[[0.27897564, 0.28071064, 0.28165093, 0.2796426 , 0.28095922,
         0.2794025 , 0.27995396, 0.28138363, 0.28228927],
        [0.28772306, 0.30853546, 0.3063633 , 0.24975248, 0.31192166,
         0.3392301 , 0.26286018, 0.3229302 , 0.2670714 ],
        [0.29919884, 0.32254833, 0.32513192, 0.2581157 , 0.32757458,
         0.35198927, 0.27195084, 0.3480078 , 0.27714765],
        [0.3032393 , 0.32999876, 0.33916855, 0.2579312 , 0.33830535,
         0.35960546, 0.27426225, 0.36863652, 0.2885041 ],
        [0.30276293, 0.33256704, 0.3528339 , 0.25313854, 0.34498373,
         0.36176136, 0.27496788, 0.38600418, 0.29832554],
        [0.30109107, 0.33155367, 0.36322778, 0.24768205, 0.34976965,
         0.3616373 , 0.27429858, 0.4011419 , 0.306485  ],
        [0.29917422, 0.32958186, 0.3716282 , 0.24024035, 0.35317367,
         0.35823432, 0.27306274, 0.4153804 , 0.3150434 ],
        [0.2941041 , 0.3252764 , 0.37905756, 0.23071621, 0.3564561 ,
         0.35113838, 0.2729164 , 0.4273487 , 0.32219437],
        [0.2889018 , 0.31965524, 0.3872699 , 0.22260399, 0.35827133,
         0.34462625, 0.27170438, 0.43702883, 0.33085936],
        [0.28389627, 0.31445947, 0.39482093, 0.21452922, 0.35855076,
         0.33819818, 0.2702026 , 0.44396836, 0.33805618],
        [0.27899003, 0.31007817, 0.40190226, 0.2084437 , 0.3601784 ,
         0.33220568, 0.26883447, 0.44961748, 0.34549507],
        [0.27338865, 0.3060749 , 0.40783253, 0.20279422, 0.36259726,
         0.325641  , 0.2681261 , 0.4539149 , 0.3522128 ],
        [0.26649964, 0.30029008, 0.4120307 , 0.19746286, 0.36414745,
         0.31690368, 0.26645595, 0.4566733 , 0.36010545],
        [0.26163846, 0.2955314 , 0.41648826, 0.19201727, 0.36665785,
         0.3102253 , 0.26468083, 0.45956406, 0.3683399 ],
        [0.25732997, 0.2919576 , 0.4217841 , 0.18679473, 0.3687952 ,
         0.3024996 , 0.26197776, 0.46350148, 0.3770217 ],
        [0.25420058, 0.28830954, 0.4260606 , 0.1828717 , 0.371484  ,
         0.29608867, 0.26041636, 0.4647762 , 0.38504338],
        [0.25052303, 0.28251922, 0.43067518, 0.17864884, 0.37267596,
         0.2898078 , 0.25724304, 0.4645944 , 0.39336348],
        [0.2448914 , 0.27672833, 0.43575364, 0.17368437, 0.37315717,
         0.2804729 , 0.25551462, 0.4654988 , 0.40283707],
        [0.24002437, 0.27113605, 0.44031316, 0.16911605, 0.37226292,
         0.2732117 , 0.2559282 , 0.46482697, 0.40984803],
        [0.23582047, 0.26675633, 0.4423397 , 0.16480592, 0.371899  ,
         0.26754895, 0.2562716 , 0.46485108, 0.41597992],
        [0.23228174, 0.26289427, 0.44493645, 0.1611639 , 0.3706099 ,
         0.2626589 , 0.25596213, 0.4647381 , 0.42077115],
        [0.22859383, 0.2596224 , 0.44676885, 0.15768898, 0.36977324,
         0.2569674 , 0.25494665, 0.4647942 , 0.42663038],
        [0.22627774, 0.25647107, 0.45069033, 0.1552772 , 0.3697357 ,
         0.25231102, 0.2527713 , 0.4653827 , 0.43095052],
        [0.22269389, 0.25312272, 0.45596465, 0.15219514, 0.3694568 ,
         0.24509083, 0.2507632 , 0.46741158, 0.4376819 ],
        [0.21865931, 0.24969974, 0.46178102, 0.14872089, 0.36959136,
         0.23945597, 0.25008416, 0.46829292, 0.44297054],
        [0.2141146 , 0.24537697, 0.46948892, 0.14503485, 0.36743855,
         0.23295158, 0.24829994, 0.4701429 , 0.44886896],
        [0.21007697, 0.24127294, 0.47450262, 0.14133728, 0.36775383,
         0.22611518, 0.2477905 , 0.4720149 , 0.4560715 ],
        [0.2075072 , 0.23725645, 0.47919202, 0.13825823, 0.36767972,
         0.2208506 , 0.24632353, 0.47282222, 0.46281427],
        [0.20488247, 0.23357385, 0.48386762, 0.13494891, 0.3678813 ,
         0.21731403, 0.24605387, 0.47210446, 0.46893182],
        [0.20358087, 0.23116618, 0.48803872, 0.13139164, 0.36968407,
         0.21393067, 0.245768  , 0.4722772 , 0.47375062],
        [0.20293897, 0.2285835 , 0.4907852 , 0.1293925 , 0.371201  ,
         0.21172577, 0.24512255, 0.4708996 , 0.47811538],
        [0.20261177, 0.2261627 , 0.49280137, 0.12840329, 0.37218896,
         0.21059106, 0.24381419, 0.4692108 , 0.4815375 ]]], dtype=float32), array([[[0.27908486, 0.28175712, 0.2818367 , 0.2775698 , 0.27865437,
         0.27843678, 0.2788078 , 0.28514054, 0.28279665],
        [0.28654018, 0.31011063, 0.306946  , 0.24397205, 0.30704468,
         0.33571914, 0.26023412, 0.32897848, 0.26869974],
        [0.29351845, 0.32406366, 0.3259321 , 0.24691007, 0.3172788 ,
         0.3430938 , 0.26594788, 0.35653448, 0.2797766 ],
        [0.2909923 , 0.33160836, 0.3415981 , 0.24233533, 0.32374817,
         0.3423984 , 0.26589292, 0.37741077, 0.29375064],
        [0.28361225, 0.33267853, 0.3557154 , 0.23424381, 0.32735547,
         0.33577704, 0.26314807, 0.39302105, 0.30799854],
        [0.26939046, 0.32828277, 0.3725553 , 0.22005053, 0.32583076,
         0.31932348, 0.2560378 , 0.40563127, 0.3258215 ],
        [0.25332806, 0.32009274, 0.3909203 , 0.20421909, 0.32263747,
         0.29912803, 0.24797936, 0.4129891 , 0.34605235],
        [0.23592655, 0.30866832, 0.41124803, 0.18716532, 0.31757873,
         0.2752437 , 0.23833077, 0.4149395 , 0.37012056],
        [0.21530819, 0.29319048, 0.43530414, 0.168182  , 0.31085014,
         0.24617529, 0.22825272, 0.4130096 , 0.39958274],
        [0.19375898, 0.27709052, 0.46101987, 0.14779855, 0.30246973,
         0.21396212, 0.21705109, 0.40979123, 0.43353164],
        [0.1730301 , 0.25875074, 0.48800415, 0.1275896 , 0.29206654,
         0.18313092, 0.20538397, 0.403927  , 0.46996874],
        [0.15242949, 0.23778142, 0.5174186 , 0.10873879, 0.27904478,
         0.15323687, 0.19311117, 0.3927102 , 0.50879997],
        [0.13409619, 0.21715163, 0.5486814 , 0.09261342, 0.2668128 ,
         0.12687711, 0.18018577, 0.37724647, 0.55017835],
        [0.11677305, 0.19702902, 0.5821943 , 0.07812732, 0.2548873 ,
         0.10341781, 0.16634718, 0.36053687, 0.5922024 ],
        [0.10112013, 0.1781375 , 0.6157313 , 0.06521022, 0.24278238,
         0.0833212 , 0.15320133, 0.34332025, 0.63270706],
        [0.0874836 , 0.1589046 , 0.6514357 , 0.05381395, 0.23086631,
         0.06672354, 0.14162762, 0.3239578 , 0.6715278 ],
        [0.07372485, 0.13941962, 0.68927956, 0.04354329, 0.21778607,
         0.05148279, 0.12839872, 0.30502242, 0.7120653 ],
        [0.06233984, 0.12116713, 0.7253568 , 0.03551561, 0.20588385,
         0.03976976, 0.1179847 , 0.28395936, 0.7495518 ],
        [0.05364202, 0.10472663, 0.7578945 , 0.02928284, 0.19579129,
         0.03124778, 0.11000338, 0.260711  , 0.7821639 ],
        [0.04674682, 0.09090464, 0.7870851 , 0.02426581, 0.18679403,
         0.02477644, 0.10258266, 0.23883055, 0.8105159 ],
        [0.04153671, 0.07969259, 0.8116764 , 0.02052277, 0.17850493,
         0.02022728, 0.09694351, 0.2177082 , 0.83445865],
        [0.03726223, 0.06993707, 0.8345759 , 0.01761854, 0.17231725,
         0.01663291, 0.09140696, 0.19884716, 0.8557507 ],
        [0.033825  , 0.06197985, 0.8536499 , 0.01534163, 0.16643229,
         0.01389963, 0.08693769, 0.18246539, 0.87371194],
        [0.0305923 , 0.05489548, 0.8697221 , 0.01342342, 0.16072157,
         0.01157622, 0.08272077, 0.16915862, 0.88927406],
        [0.02824924, 0.04954678, 0.883305  , 0.01202519, 0.15704279,
         0.01007559, 0.07948362, 0.15739417, 0.90212834],
        [0.02640666, 0.04479104, 0.89511406, 0.01091425, 0.15344675,
         0.0088984 , 0.07600635, 0.14775556, 0.9131926 ],
        [0.02477896, 0.04138878, 0.9050294 , 0.00994276, 0.14947015,
         0.00788784, 0.07297593, 0.13981093, 0.9222426 ],
        [0.02329639, 0.03818242, 0.9135502 , 0.0090984 , 0.14595956,
         0.00702297, 0.07022494, 0.13326348, 0.929719  ],
        [0.02204938, 0.03554102, 0.92049515, 0.008443  , 0.14315698,
         0.0063158 , 0.06788972, 0.12812944, 0.93608814],
        [0.02079673, 0.03327829, 0.9253267 , 0.00784713, 0.14024095,
         0.00576547, 0.06604224, 0.12224966, 0.94126385],
        [0.01975334, 0.03117968, 0.93017834, 0.00734464, 0.13843662,
         0.00530459, 0.06427769, 0.11741155, 0.945715  ],
        [0.01896693, 0.02952645, 0.9339729 , 0.00690521, 0.13687956,
         0.00493416, 0.0629811 , 0.11353189, 0.9493499 ]]], dtype=float32), array([[[0.2796623 , 0.28309554, 0.28024966, 0.27912134, 0.2807494 ,
         0.2782865 , 0.2788542 , 0.28408384, 0.28176725],
        [0.28581432, 0.3157742 , 0.30428606, 0.24596646, 0.31036192,
         0.33242905, 0.25757852, 0.3298101 , 0.26657727],
        [0.29136038, 0.3355924 , 0.3219656 , 0.2493187 , 0.3199676 ,
         0.33456206, 0.2601543 , 0.36008734, 0.27782142],
        [0.2877471 , 0.34957683, 0.33656865, 0.24402085, 0.3230591 ,
         0.3305889 , 0.25379652, 0.38458464, 0.28955445],
        [0.27681854, 0.35819614, 0.3502181 , 0.23125039, 0.31894627,
         0.317777  , 0.24453753, 0.40371734, 0.3008479 ],
        [0.26293936, 0.36156386, 0.36151853, 0.21572132, 0.3097624 ,
         0.2989984 , 0.23466638, 0.41574058, 0.31249708],
        [0.24556184, 0.36214513, 0.37335652, 0.19806121, 0.29935142,
         0.2738981 , 0.22301836, 0.42305845, 0.32541007],
        [0.22618479, 0.36126187, 0.3859941 , 0.17705351, 0.2847711 ,
         0.24509151, 0.20948584, 0.42723083, 0.3392467 ],
        [0.20405513, 0.35740128, 0.40093014, 0.1557549 , 0.26925308,
         0.2128238 , 0.19447933, 0.42743075, 0.3564919 ],
        [0.17943387, 0.35162407, 0.42087644, 0.13309315, 0.24923961,
         0.17719199, 0.17734598, 0.4236992 , 0.37741044],
        [0.15482879, 0.34166664, 0.44384775, 0.11085228, 0.22783433,
         0.1425141 , 0.16064177, 0.41170374, 0.40104744],
        [0.13087735, 0.32953128, 0.4713391 , 0.08948013, 0.20503503,
         0.11063635, 0.14378925, 0.39422965, 0.42692262],
        [0.10921335, 0.3135994 , 0.50260144, 0.07128966, 0.18276398,
         0.08401311, 0.12735674, 0.36968786, 0.45548016],
        [0.08938122, 0.2962321 , 0.53593546, 0.05508479, 0.16089167,
         0.06108256, 0.10999049, 0.34035423, 0.48636633],
        [0.07250126, 0.27846536, 0.5749624 , 0.04192038, 0.14174801,
         0.04354353, 0.09369858, 0.30741107, 0.5190129 ],
        [0.05895185, 0.2582401 , 0.6154901 , 0.03177461, 0.1249815 ,
         0.03108246, 0.08003666, 0.27161548, 0.5512246 ],
        [0.04823126, 0.23684824, 0.65696865, 0.02418572, 0.11050758,
         0.02221452, 0.06798183, 0.2343322 , 0.5836303 ],
        [0.03900811, 0.21463723, 0.6976894 , 0.01850085, 0.09863911,
         0.0159356 , 0.05756272, 0.19662295, 0.6159612 ],
        [0.03157148, 0.19015385, 0.73660374, 0.01414857, 0.08741901,
         0.01137762, 0.04888452, 0.16114382, 0.6473096 ],
        [0.02571955, 0.16941218, 0.7721682 , 0.01086844, 0.0789658 ,
         0.00824763, 0.0417602 , 0.13071397, 0.67616105],
        [0.0215217 , 0.15034665, 0.8041974 , 0.00856523, 0.07206511,
         0.00614353, 0.03610563, 0.10557298, 0.7026792 ],
        [0.01832583, 0.13384055, 0.8308975 , 0.0069142 , 0.06689987,
         0.00473754, 0.03181841, 0.08496226, 0.72663283],
        [0.01585271, 0.1198066 , 0.8546413 , 0.00575022, 0.06244253,
         0.00369645, 0.02804529, 0.06897265, 0.7487116 ],
        [0.01417138, 0.10691335, 0.8736137 , 0.00498398, 0.05963798,
         0.00303446, 0.02567041, 0.05624403, 0.7683829 ],
        [0.01304203, 0.09689419, 0.88819176, 0.00441168, 0.05738907,
         0.00254704, 0.0238514 , 0.04690098, 0.7854318 ],
        [0.01212834, 0.08895519, 0.8997459 , 0.00399676, 0.05595537,
         0.00222961, 0.02237708, 0.03985936, 0.8007624 ],
        [0.01131567, 0.08287015, 0.9086289 , 0.0036532 , 0.05453992,
         0.00196814, 0.02116003, 0.03478749, 0.8139619 ],
        [0.01066817, 0.07784972, 0.9163841 , 0.00339113, 0.05336569,
         0.00177228, 0.02017936, 0.03085282, 0.82534313],
        [0.01002663, 0.07291619, 0.92234963, 0.00315589, 0.05219306,
         0.0016114 , 0.01936182, 0.02750735, 0.8348568 ],
        [0.00952222, 0.07002561, 0.92783165, 0.00295637, 0.05204307,
         0.00148595, 0.01864172, 0.02515952, 0.84374815],
        [0.00913562, 0.06699509, 0.9322884 , 0.00280093, 0.05135912,
         0.00136637, 0.01792936, 0.02326941, 0.8510958 ],
        [0.00871341, 0.06434102, 0.9356292 , 0.00266967, 0.05078088,
         0.00127124, 0.01730067, 0.0217514 , 0.8583576 ]]], dtype=float32), array([[[2.79381812e-01, 2.86603808e-01, 2.79407412e-01, 2.77883410e-01,
         2.78943986e-01, 2.77222484e-01, 2.77346492e-01, 2.86119938e-01,
         2.80251980e-01],
        [2.87440598e-01, 3.23655456e-01, 2.99754530e-01, 2.45420113e-01,
         3.06448340e-01, 3.31940770e-01, 2.55488902e-01, 3.33113939e-01,
         2.62649596e-01],
        [2.96169639e-01, 3.48966926e-01, 3.12641948e-01, 2.49739274e-01,
         3.15070510e-01, 3.37957263e-01, 2.57673323e-01, 3.62396717e-01,
         2.68179804e-01],
        [2.94003993e-01, 3.71241421e-01, 3.19663405e-01, 2.45916724e-01,
         3.17419410e-01, 3.36644381e-01, 2.52570659e-01, 3.85450959e-01,
         2.70896941e-01],
        [2.84131050e-01, 3.94446403e-01, 3.23176354e-01, 2.33033270e-01,
         3.10260177e-01, 3.22450280e-01, 2.42217377e-01, 4.08944815e-01,
         2.68149972e-01],
        [2.66375214e-01, 4.18934017e-01, 3.23058218e-01, 2.13685438e-01,
         2.97480553e-01, 2.95396596e-01, 2.25577414e-01, 4.29762304e-01,
         2.61725515e-01],
        [2.44611010e-01, 4.41456616e-01, 3.24114710e-01, 1.92428425e-01,
         2.80407488e-01, 2.63346046e-01, 2.09213361e-01, 4.44685459e-01,
         2.54168481e-01],
        [2.21141949e-01, 4.63388741e-01, 3.26762378e-01, 1.69907615e-01,
         2.58679420e-01, 2.27891222e-01, 1.91961944e-01, 4.52442765e-01,
         2.47603416e-01],
        [1.93868861e-01, 4.89962190e-01, 3.29007417e-01, 1.43850729e-01,
         2.32863680e-01, 1.87660888e-01, 1.72015324e-01, 4.58107382e-01,
         2.38711268e-01],
        [1.66196242e-01, 5.16545177e-01, 3.32302809e-01, 1.18706197e-01,
         2.05466256e-01, 1.48208097e-01, 1.51964381e-01, 4.56088871e-01,
         2.27948919e-01],
        [1.38323635e-01, 5.45554996e-01, 3.37958455e-01, 9.44371074e-02,
         1.78297386e-01, 1.11214034e-01, 1.31183043e-01, 4.48688805e-01,
         2.15923354e-01],
        [1.11228056e-01, 5.75964570e-01, 3.46858740e-01, 7.24624917e-02,
         1.50565192e-01, 7.89527148e-02, 1.11068889e-01, 4.34164673e-01,
         2.02961296e-01],
        [8.73006508e-02, 6.05482936e-01, 3.59054208e-01, 5.37405610e-02,
         1.22785851e-01, 5.36973029e-02, 9.20511782e-02, 4.09907579e-01,
         1.89324677e-01],
        [6.79982007e-02, 6.35688782e-01, 3.77462566e-01, 3.90568078e-02,
         9.90974531e-02, 3.56799364e-02, 7.53886849e-02, 3.77319217e-01,
         1.76290706e-01],
        [5.26277758e-02, 6.62847877e-01, 4.00177836e-01, 2.82287505e-02,
         7.93291107e-02, 2.35983822e-02, 6.11391179e-02, 3.38582605e-01,
         1.63874775e-01],
        [4.05934304e-02, 6.87522471e-01, 4.28075403e-01, 2.03179624e-02,
         6.31628931e-02, 1.55528905e-02, 4.93772626e-02, 2.94984490e-01,
         1.52605161e-01],
        [3.12165488e-02, 7.12379873e-01, 4.62438405e-01, 1.46165723e-02,
         4.99953777e-02, 1.02041503e-02, 3.91457304e-02, 2.51051933e-01,
         1.41077727e-01],
        [2.40947697e-02, 7.31508791e-01, 4.95457411e-01, 1.05066011e-02,
         3.95334177e-02, 6.82112575e-03, 3.16405967e-02, 2.10075453e-01,
         1.30506277e-01],
        [1.91956535e-02, 7.47145891e-01, 5.26972055e-01, 7.84416683e-03,
         3.24755386e-02, 4.78031626e-03, 2.61476841e-02, 1.71813339e-01,
         1.20440878e-01],
        [1.57288667e-02, 7.57691860e-01, 5.58149576e-01, 6.06474793e-03,
         2.74811219e-02, 3.49410810e-03, 2.21887100e-02, 1.39786720e-01,
         1.12132981e-01],
        [1.32894283e-02, 7.64409304e-01, 5.88367879e-01, 4.89407126e-03,
         2.40407661e-02, 2.66185775e-03, 1.92495398e-02, 1.14107214e-01,
         1.05821647e-01],
        [1.15983812e-02, 7.67231286e-01, 6.15788579e-01, 4.07871790e-03,
         2.16267556e-02, 2.10214802e-03, 1.70686506e-02, 9.42186788e-02,
         1.01080924e-01],
        [1.03756301e-02, 7.67412543e-01, 6.42451584e-01, 3.49615165e-03,
         1.98025238e-02, 1.72086642e-03, 1.53741660e-02, 7.82609284e-02,
         9.74416509e-02],
        [9.26044676e-03, 7.71760881e-01, 6.62764132e-01, 3.01776733e-03,
         1.80697702e-02, 1.38911302e-03, 1.38849104e-02, 6.74621239e-02,
         9.35479999e-02],
        [8.51580966e-03, 7.71370530e-01, 6.82332277e-01, 2.66515533e-03,
         1.68827958e-02, 1.18440588e-03, 1.27773955e-02, 5.89738004e-02,
         9.03160423e-02],
        [7.93367531e-03, 7.70153403e-01, 7.00027704e-01, 2.40539853e-03,
         1.58231799e-02, 1.02542154e-03, 1.18451435e-02, 5.21530844e-02,
         8.78629908e-02],
        [7.36810686e-03, 7.68587410e-01, 7.11949766e-01, 2.16905889e-03,
         1.48643246e-02, 8.92128388e-04, 1.10612353e-02, 4.69568148e-02,
         8.54779035e-02],
        [6.91840937e-03, 7.67459810e-01, 7.22654581e-01, 2.02381052e-03,
         1.41911479e-02, 7.99224537e-04, 1.04295332e-02, 4.29937616e-02,
         8.36795941e-02],
        [6.57975348e-03, 7.65571713e-01, 7.31764615e-01, 1.90401205e-03,
         1.36207612e-02, 7.33183639e-04, 9.94614977e-03, 3.97605263e-02,
         8.19718391e-02],
        [6.28196169e-03, 7.64431477e-01, 7.38008022e-01, 1.82810263e-03,
         1.32382354e-02, 6.75440708e-04, 9.49264411e-03, 3.73595618e-02,
         7.98231661e-02],
        [6.08581677e-03, 7.61566281e-01, 7.45712459e-01, 1.75788940e-03,
         1.29459314e-02, 6.42202271e-04, 9.18775331e-03, 3.50982770e-02,
         7.86280483e-02],
        [5.89495199e-03, 7.59701312e-01, 7.51252413e-01, 1.68595312e-03,
         1.27695259e-02, 6.15601137e-04, 8.86123907e-03, 3.32926996e-02,
         7.75188357e-02]]], dtype=float32), array([[[2.75637120e-01, 2.88829595e-01, 2.78120995e-01, 2.74867743e-01,
         2.77317584e-01, 2.71349549e-01, 2.74434298e-01, 2.87771523e-01,
         2.79026121e-01],
        [2.79120892e-01, 3.29559445e-01, 2.97394663e-01, 2.37625763e-01,
         3.01260531e-01, 3.18203270e-01, 2.48667926e-01, 3.35370183e-01,
         2.58142591e-01],
        [2.77935982e-01, 3.63997549e-01, 3.05181742e-01, 2.31510863e-01,
         3.02492678e-01, 3.06429803e-01, 2.42160410e-01, 3.68937433e-01,
         2.56883353e-01],
        [2.62800366e-01, 4.00819600e-01, 3.02038968e-01, 2.12709740e-01,
         2.90198743e-01, 2.79226035e-01, 2.23844171e-01, 3.98661584e-01,
         2.49025702e-01],
        [2.37176016e-01, 4.43199247e-01, 2.91136980e-01, 1.83346435e-01,
         2.64450788e-01, 2.32557669e-01, 1.97974458e-01, 4.22432423e-01,
         2.34064177e-01],
        [2.04052597e-01, 4.87847209e-01, 2.78685451e-01, 1.48150355e-01,
         2.29210228e-01, 1.77436516e-01, 1.67716295e-01, 4.39782053e-01,
         2.11146906e-01],
        [1.70104548e-01, 5.29589236e-01, 2.66956389e-01, 1.13505773e-01,
         1.89596027e-01, 1.25514969e-01, 1.38587415e-01, 4.45121378e-01,
         1.85911655e-01],
        [1.34937793e-01, 5.74521363e-01, 2.53942817e-01, 8.03007334e-02,
         1.48416921e-01, 8.01819041e-02, 1.07873544e-01, 4.39195603e-01,
         1.57986894e-01],
        [1.01735733e-01, 6.20775163e-01, 2.40402117e-01, 5.27168177e-02,
         1.10562287e-01, 4.62268107e-02, 7.97725320e-02, 4.22165811e-01,
         1.27913117e-01],
        [7.42126480e-02, 6.62628829e-01, 2.29983315e-01, 3.25130783e-02,
         7.80692920e-02, 2.49078702e-02, 5.78656234e-02, 3.89838547e-01,
         9.90518183e-02],
        [5.43021709e-02, 6.97741866e-01, 2.25623429e-01, 1.97457969e-02,
         5.47696091e-02, 1.33510856e-02, 4.15034145e-02, 3.40669960e-01,
         7.54486397e-02],
        [4.02417295e-02, 7.23117054e-01, 2.28203118e-01, 1.19536957e-02,
         3.87432761e-02, 7.29661761e-03, 2.97967438e-02, 2.80428559e-01,
         5.69622889e-02],
        [3.03680822e-02, 7.37602472e-01, 2.37868235e-01, 7.37325335e-03,
         2.84881946e-02, 4.16321354e-03, 2.16611568e-02, 2.18302429e-01,
         4.36958335e-02],
        [2.33906396e-02, 7.42410064e-01, 2.54816443e-01, 4.73524723e-03,
         2.17537135e-02, 2.43936433e-03, 1.58909280e-02, 1.62610367e-01,
         3.38351987e-02],
        [1.90028735e-02, 7.29218304e-01, 2.80306309e-01, 3.29525280e-03,
         1.80735141e-02, 1.60160440e-03, 1.23657910e-02, 1.17193371e-01,
         2.78415103e-02],
        [1.59054808e-02, 6.99190974e-01, 3.12411726e-01, 2.41429708e-03,
         1.58290677e-02, 1.10786618e-03, 9.93334595e-03, 8.32988918e-02,
         2.40400974e-02],
        [1.35784326e-02, 6.57500029e-01, 3.52196425e-01, 1.87173742e-03,
         1.44422846e-02, 8.01382645e-04, 8.17039516e-03, 5.97261228e-02,
         2.14315299e-02],
        [1.19650429e-02, 6.02850139e-01, 3.92251611e-01, 1.50371960e-03,
         1.36304507e-02, 6.13908225e-04, 6.95606973e-03, 4.38295342e-02,
         2.01046448e-02],
        [1.07080024e-02, 5.41419804e-01, 4.37169433e-01, 1.25765044e-03,
         1.32554965e-02, 4.89922473e-04, 6.07190700e-03, 3.30231003e-02,
         1.94222424e-02],
        [9.78869386e-03, 4.74302679e-01, 4.81624454e-01, 1.08074036e-03,
         1.31048057e-02, 4.06669424e-04, 5.44365635e-03, 2.54991055e-02,
         1.94787662e-02],
        [9.09142941e-03, 4.12911922e-01, 5.24690807e-01, 9.65533254e-04,
         1.30727766e-02, 3.50268208e-04, 4.94315941e-03, 2.03971285e-02,
         1.98841654e-02],
        [8.55332334e-03, 3.59874308e-01, 5.63060582e-01, 8.76022561e-04,
         1.31951580e-02, 3.09951429e-04, 4.59703384e-03, 1.68081261e-02,
         2.06773877e-02],
        [8.16215575e-03, 3.15923542e-01, 5.97000360e-01, 8.14029831e-04,
         1.34163005e-02, 2.83514411e-04, 4.30057570e-03, 1.43061364e-02,
         2.15166174e-02],
        [7.87896011e-03, 2.81982392e-01, 6.22345865e-01, 7.67169637e-04,
         1.36187300e-02, 2.60949193e-04, 4.07005986e-03, 1.26152793e-02,
         2.24225819e-02],
        [7.72619713e-03, 2.56945252e-01, 6.45254374e-01, 7.39702547e-04,
         1.38475792e-02, 2.49208679e-04, 3.89160588e-03, 1.12342723e-02,
         2.33562384e-02],
        [7.62700010e-03, 2.35943332e-01, 6.62524760e-01, 7.14532449e-04,
         1.39851412e-02, 2.38335066e-04, 3.77055444e-03, 1.02403266e-02,
         2.42433045e-02],
        [7.55534507e-03, 2.19679043e-01, 6.78406537e-01, 6.91546651e-04,
         1.41489012e-02, 2.30176229e-04, 3.68187926e-03, 9.54242237e-03,
         2.51835175e-02],
        [7.41433632e-03, 2.08796516e-01, 6.88806832e-01, 6.76094380e-04,
         1.42711271e-02, 2.23718380e-04, 3.59146134e-03, 8.90532881e-03,
         2.59042010e-02],
        [7.44265364e-03, 1.99628249e-01, 6.98780239e-01, 6.68768771e-04,
         1.45337172e-02, 2.21261260e-04, 3.53727699e-03, 8.53542611e-03,
         2.68156435e-02],
        [7.35791633e-03, 1.92003295e-01, 7.05565155e-01, 6.53206313e-04,
         1.45089403e-02, 2.15788226e-04, 3.47103737e-03, 8.16891529e-03,
         2.71678753e-02],
        [7.34772207e-03, 1.86020836e-01, 7.11883545e-01, 6.47077104e-04,
         1.48033649e-02, 2.13012056e-04, 3.43644014e-03, 7.90470373e-03,
         2.77644023e-02],
        [7.31000537e-03, 1.81795612e-01, 7.18250096e-01, 6.39384147e-04,
         1.48538901e-02, 2.10773665e-04, 3.40128015e-03, 7.70326890e-03,
         2.83141080e-02]]], dtype=float32), array([[[2.73540944e-01, 2.91028678e-01, 2.76941627e-01, 2.70763785e-01,
         2.74166584e-01, 2.65682340e-01, 2.69538671e-01, 2.86576092e-01,
         2.77034938e-01],
        [2.73426205e-01, 3.37270200e-01, 2.92172939e-01, 2.25329384e-01,
         2.90634900e-01, 3.00526351e-01, 2.37237215e-01, 3.35105926e-01,
         2.51106381e-01],
        [2.69545466e-01, 3.77469659e-01, 2.95229137e-01, 2.11376339e-01,
         2.82248706e-01, 2.76458234e-01, 2.24492729e-01, 3.65113795e-01,
         2.43964717e-01],
        [2.48903915e-01, 4.23231006e-01, 2.84975052e-01, 1.82828739e-01,
         2.57920951e-01, 2.30770797e-01, 1.95664644e-01, 3.88953537e-01,
         2.28532359e-01],
        [2.19456419e-01, 4.72055703e-01, 2.64793277e-01, 1.47642836e-01,
         2.22429708e-01, 1.70750886e-01, 1.61094308e-01, 4.01699841e-01,
         2.05601886e-01],
        [1.84209689e-01, 5.23911059e-01, 2.38247380e-01, 1.09287262e-01,
         1.79862872e-01, 1.12341285e-01, 1.25115693e-01, 4.01986599e-01,
         1.75572336e-01],
        [1.47242963e-01, 5.78173637e-01, 2.07587808e-01, 7.27590919e-02,
         1.34768143e-01, 6.41237944e-02, 9.06576738e-02, 3.86352450e-01,
         1.40414953e-01],
        [1.12034418e-01, 6.32619262e-01, 1.74428046e-01, 4.29921150e-02,
         9.14994180e-02, 3.13161165e-02, 6.10987097e-02, 3.51168156e-01,
         1.04288280e-01],
        [8.37286115e-02, 6.81526780e-01, 1.44409016e-01, 2.39044968e-02,
         5.94515279e-02, 1.44758085e-02, 3.92500013e-02, 2.93409377e-01,
         7.33301565e-02],
        [6.28479943e-02, 7.15496123e-01, 1.19945437e-01, 1.28989536e-02,
         3.85909304e-02, 6.82499539e-03, 2.52130292e-02, 2.19912827e-01,
         4.97714728e-02],
        [4.81323637e-02, 7.32050955e-01, 1.02195002e-01, 7.11757876e-03,
         2.59206761e-02, 3.34609277e-03, 1.65221840e-02, 1.47163302e-01,
         3.42066623e-02],
        [3.84527482e-02, 7.24300027e-01, 9.22215581e-02, 4.21215035e-03,
         1.89575758e-02, 1.80501107e-03, 1.14754979e-02, 9.04381946e-02,
         2.48380136e-02],
        [3.20227891e-02, 6.89364254e-01, 8.85619819e-02, 2.77180620e-03,
         1.52365137e-02, 1.07914174e-03, 8.43817648e-03, 5.41658588e-02,
         1.92146003e-02],
        [2.71697529e-02, 6.27173424e-01, 8.90612006e-02, 1.94482389e-03,
         1.31829083e-02, 6.91306079e-04, 6.40841993e-03, 3.30228098e-02,
         1.60146505e-02],
        [2.36718599e-02, 5.39266050e-01, 9.41151381e-02, 1.45455147e-03,
         1.21153146e-02, 4.81205148e-04, 5.10965753e-03, 2.07632538e-02,
         1.42582655e-02],
        [2.10381597e-02, 4.39587623e-01, 1.03036828e-01, 1.16472482e-03,
         1.16695175e-02, 3.58590565e-04, 4.21617087e-03, 1.38038723e-02,
         1.35654733e-02],
        [1.92887727e-02, 3.44291955e-01, 1.15479164e-01, 9.76261217e-04,
         1.16181709e-02, 2.87639297e-04, 3.64531111e-03, 9.68041644e-03,
         1.36680575e-02],
        [1.78842209e-02, 2.67058104e-01, 1.31686166e-01, 8.61527980e-04,
         1.18427109e-02, 2.42447713e-04, 3.23747681e-03, 7.22888298e-03,
         1.41149787e-02],
        [1.67846438e-02, 2.08558351e-01, 1.49517611e-01, 7.87152094e-04,
         1.22752143e-02, 2.14404674e-04, 2.97046080e-03, 5.74150402e-03,
         1.47746084e-02],
        [1.59585122e-02, 1.67310089e-01, 1.68029562e-01, 7.31480774e-04,
         1.26515729e-02, 1.92391293e-04, 2.77024927e-03, 4.75637894e-03,
         1.52526638e-02],
        [1.52277919e-02, 1.39714882e-01, 1.87144667e-01, 7.03913916e-04,
         1.29386457e-02, 1.80495903e-04, 2.61478615e-03, 4.15511429e-03,
         1.59477945e-02],
        [1.46762757e-02, 1.20340444e-01, 2.04148218e-01, 6.85557548e-04,
         1.33332843e-02, 1.72164320e-04, 2.53587728e-03, 3.72412754e-03,
         1.64965317e-02],
        [1.41129382e-02, 1.06806360e-01, 2.20341861e-01, 6.69892295e-04,
         1.35469344e-02, 1.64481127e-04, 2.44884402e-03, 3.41069745e-03,
         1.69636067e-02],
        [1.37949586e-02, 9.73482281e-02, 2.34305218e-01, 6.66757056e-04,
         1.38520775e-02, 1.60178548e-04, 2.42742826e-03, 3.14922538e-03,
         1.73857845e-02],
        [1.34590277e-02, 9.04586390e-02, 2.47845307e-01, 6.57967932e-04,
         1.40482532e-02, 1.56693088e-04, 2.37976620e-03, 3.00408434e-03,
         1.77403875e-02],
        [1.31383501e-02, 8.51510465e-02, 2.59998441e-01, 6.51627895e-04,
         1.42542440e-02, 1.53989371e-04, 2.37341854e-03, 2.85007386e-03,
         1.79299843e-02],
        [1.29502723e-02, 8.08494687e-02, 2.69683272e-01, 6.50432601e-04,
         1.44353490e-02, 1.52381312e-04, 2.35534343e-03, 2.75893090e-03,
         1.82467811e-02],
        [1.28036309e-02, 7.79535621e-02, 2.78736740e-01, 6.49305061e-04,
         1.45920990e-02, 1.50422304e-04, 2.36194674e-03, 2.67508416e-03,
         1.85066294e-02],
        [1.26131447e-02, 7.55603462e-02, 2.86559761e-01, 6.47367153e-04,
         1.47053376e-02, 1.47641185e-04, 2.34189816e-03, 2.61010043e-03,
         1.87334530e-02],
        [1.25278123e-02, 7.35480338e-02, 2.91913658e-01, 6.44285581e-04,
         1.48204407e-02, 1.47775601e-04, 2.35686311e-03, 2.54219281e-03,
         1.88702401e-02],
        [1.24385925e-02, 7.21830651e-02, 2.98676968e-01, 6.43899781e-04,
         1.49005335e-02, 1.46994280e-04, 2.36432208e-03, 2.49953428e-03,
         1.90057512e-02],
        [1.23378886e-02, 7.09157586e-02, 3.02995741e-01, 6.41377177e-04,
         1.49628893e-02, 1.44626334e-04, 2.36749835e-03, 2.45201099e-03,
         1.91942118e-02]]], dtype=float32), array([[[2.77757466e-01, 2.92501062e-01, 2.75236219e-01, 2.71787882e-01,
         2.75693774e-01, 2.66972512e-01, 2.72412866e-01, 2.89123744e-01,
         2.75625378e-01],
        [2.81594068e-01, 3.39046240e-01, 2.88947016e-01, 2.27871403e-01,
         2.92363793e-01, 3.03094298e-01, 2.39022955e-01, 3.36926043e-01,
         2.50514746e-01],
        [2.80605704e-01, 3.84275258e-01, 2.88821936e-01, 2.11086243e-01,
         2.80634224e-01, 2.69929975e-01, 2.18989387e-01, 3.67802411e-01,
         2.42026240e-01],
        [2.66674280e-01, 4.34865057e-01, 2.75851488e-01, 1.79356560e-01,
         2.53171623e-01, 2.17431620e-01, 1.86685234e-01, 3.89824331e-01,
         2.23028451e-01],
        [2.42270619e-01, 4.92484123e-01, 2.54392058e-01, 1.38385385e-01,
         2.10237309e-01, 1.49042219e-01, 1.44911319e-01, 4.02226359e-01,
         1.92915753e-01],
        [2.06895083e-01, 5.58848083e-01, 2.19789669e-01, 9.17556062e-02,
         1.56431586e-01, 8.12264830e-02, 9.92956087e-02, 4.00634825e-01,
         1.50092334e-01],
        [1.68459237e-01, 6.26181960e-01, 1.78620860e-01, 5.17906770e-02,
         1.01442665e-01, 3.59294564e-02, 6.12639487e-02, 3.75151634e-01,
         1.03139237e-01],
        [1.36314154e-01, 6.86191797e-01, 1.40384287e-01, 2.63316799e-02,
         6.12266958e-02, 1.44619774e-02, 3.55878063e-02, 3.21620733e-01,
         6.41217381e-02],
        [1.11553915e-01, 7.31811821e-01, 1.08866081e-01, 1.26716997e-02,
         3.58181223e-02, 5.56538021e-03, 2.00626031e-02, 2.44276807e-01,
         3.73627841e-02],
        [9.50304121e-02, 7.54542112e-01, 8.57448429e-02, 6.34693354e-03,
         2.22762972e-02, 2.36754003e-03, 1.21042561e-02, 1.64153188e-01,
         2.21989956e-02],
        [8.59647989e-02, 7.46897817e-01, 7.22168908e-02, 3.53219686e-03,
         1.56066632e-02, 1.19838549e-03, 7.89153762e-03, 9.98066142e-02,
         1.43223796e-02],
        [8.02799314e-02, 7.08278537e-01, 6.54057637e-02, 2.20609712e-03,
         1.22796735e-02, 6.89711887e-04, 5.58750564e-03, 5.94278239e-02,
         1.01311626e-02],
        [7.72552639e-02, 6.34153605e-01, 6.38440251e-02, 1.52073288e-03,
         1.06377527e-02, 4.52403445e-04, 4.23881644e-03, 3.60252559e-02,
         8.01438931e-03],
        [7.53129423e-02, 5.31829357e-01, 6.64831549e-02, 1.14738720e-03,
         9.98140872e-03, 3.29393923e-04, 3.40235583e-03, 2.28356980e-02,
         7.08671985e-03],
        [7.38155097e-02, 4.17449206e-01, 7.17876032e-02, 9.12416668e-04,
         9.84843913e-03, 2.57359585e-04, 2.84856255e-03, 1.52677111e-02,
         6.73920847e-03],
        [7.27320015e-02, 3.11090022e-01, 8.01412091e-02, 7.69655453e-04,
         1.00736264e-02, 2.14204047e-04, 2.46261223e-03, 1.07733486e-02,
         6.76180515e-03],
        [7.18639940e-02, 2.26992548e-01, 9.07813758e-02, 6.79532706e-04,
         1.03954645e-02, 1.85786339e-04, 2.21003685e-03, 8.07090197e-03,
         7.09718140e-03],
        [7.03390390e-02, 1.69729114e-01, 1.02266058e-01, 6.24492241e-04,
         1.07923318e-02, 1.66759986e-04, 2.03276426e-03, 6.34815032e-03,
         7.49605987e-03],
        [6.92714006e-02, 1.30861878e-01, 1.14867471e-01, 5.92946599e-04,
         1.12184249e-02, 1.55545626e-04, 1.91403308e-03, 5.24063222e-03,
         7.91623071e-03],
        [6.81229010e-02, 1.04373090e-01, 1.27237037e-01, 5.74499310e-04,
         1.15894480e-02, 1.46247694e-04, 1.83356553e-03, 4.52543749e-03,
         8.46834667e-03],
        [6.65433481e-02, 8.71195868e-02, 1.38681740e-01, 5.60793967e-04,
         1.19167697e-02, 1.39298063e-04, 1.76977471e-03, 4.00424423e-03,
         8.86903703e-03],
        [6.53584749e-02, 7.48178586e-02, 1.50267586e-01, 5.51866309e-04,
         1.21619562e-02, 1.37065304e-04, 1.72292965e-03, 3.67638748e-03,
         9.23095178e-03],
        [6.46645948e-02, 6.66225255e-02, 1.60182059e-01, 5.49802033e-04,
         1.23712458e-02, 1.34138812e-04, 1.69960200e-03, 3.43265268e-03,
         9.60203353e-03],
        [6.31345883e-02, 6.12610169e-02, 1.68065965e-01, 5.47470816e-04,
         1.25777852e-02, 1.31079156e-04, 1.66437682e-03, 3.22954799e-03,
         9.84697882e-03],
        [6.18588552e-02, 5.69445081e-02, 1.75613791e-01, 5.42410475e-04,
         1.27465613e-02, 1.29155436e-04, 1.63984788e-03, 3.08803306e-03,
         9.94546432e-03],
        [6.12970516e-02, 5.39285466e-02, 1.81421220e-01, 5.42951515e-04,
         1.28627270e-02, 1.27396852e-04, 1.63139112e-03, 2.99469451e-03,
         1.02601768e-02],
        [6.07250780e-02, 5.14205098e-02, 1.86140120e-01, 5.38112887e-04,
         1.29413605e-02, 1.26497805e-04, 1.62045157e-03, 2.94126640e-03,
         1.03764264e-02],
        [6.01245463e-02, 4.95690703e-02, 1.91170141e-01, 5.39876637e-04,
         1.30782677e-02, 1.25690931e-04, 1.60717836e-03, 2.85486225e-03,
         1.05202431e-02],
        [5.94845228e-02, 4.79172841e-02, 1.95203036e-01, 5.36785694e-04,
         1.31604392e-02, 1.24612532e-04, 1.60655123e-03, 2.79546226e-03,
         1.06159169e-02],
        [5.88234030e-02, 4.68423367e-02, 1.98035419e-01, 5.35938772e-04,
         1.32332081e-02, 1.23569465e-04, 1.58975855e-03, 2.74097873e-03,
         1.06956130e-02],
        [5.85184656e-02, 4.61762920e-02, 2.00578615e-01, 5.40914305e-04,
         1.33373253e-02, 1.23388279e-04, 1.58906903e-03, 2.69503961e-03,
         1.08568026e-02],
        [5.84334955e-02, 4.51633148e-02, 2.03512743e-01, 5.35776315e-04,
         1.33669395e-02, 1.23776961e-04, 1.58807356e-03, 2.67958641e-03,
         1.08788898e-02]]], dtype=float32), array([[[2.77555704e-01, 2.90670127e-01, 2.78110176e-01, 2.71583855e-01,
         2.73706615e-01, 2.65317887e-01, 2.70708770e-01, 2.84419328e-01,
         2.76784211e-01],
        [2.82764345e-01, 3.46210510e-01, 2.92655319e-01, 2.21113399e-01,
         2.83855498e-01, 2.84344822e-01, 2.26511002e-01, 3.32398862e-01,
         2.47769818e-01],
        [2.89791942e-01, 4.01749849e-01, 2.93651134e-01, 1.94452271e-01,
         2.62744695e-01, 2.34805688e-01, 1.96239367e-01, 3.62326533e-01,
         2.30699852e-01],
        [2.87736982e-01, 4.66010004e-01, 2.81706154e-01, 1.51225105e-01,
         2.22487286e-01, 1.63713425e-01, 1.52638182e-01, 3.78393918e-01,
         2.00913623e-01],
        [2.83161998e-01, 5.43315053e-01, 2.57718742e-01, 9.84757841e-02,
         1.63188964e-01, 8.64445567e-02, 1.01907708e-01, 3.77870977e-01,
         1.57175183e-01],
        [2.85853595e-01, 6.24083996e-01, 2.26528317e-01, 5.33170775e-02,
         1.03027843e-01, 3.55529450e-02, 5.90065122e-02, 3.49158615e-01,
         1.07704327e-01],
        [3.01393867e-01, 6.96007192e-01, 1.95803151e-01, 2.51148138e-02,
         5.79053089e-02, 1.27206985e-02, 3.08737084e-02, 2.88783342e-01,
         6.56537712e-02],
        [3.39222282e-01, 7.49124408e-01, 1.71777412e-01, 1.13749374e-02,
         3.17141153e-02, 4.60341526e-03, 1.61833651e-02, 2.07717910e-01,
         3.77928540e-02],
        [4.03193653e-01, 7.79622018e-01, 1.57378837e-01, 5.49860019e-03,
         1.89551283e-02, 1.91488233e-03, 9.18804388e-03, 1.32283404e-01,
         2.21186746e-02],
        [4.85960037e-01, 7.83024907e-01, 1.50041729e-01, 2.92423554e-03,
         1.27481101e-02, 9.40616010e-04, 5.74761909e-03, 8.02206844e-02,
         1.38318902e-02],
        [5.72770655e-01, 7.62120306e-01, 1.51486412e-01, 1.79750519e-03,
         9.86570027e-03, 5.72544115e-04, 4.01054928e-03, 4.98512089e-02,
         9.89246648e-03],
        [6.52482748e-01, 7.18266964e-01, 1.58193141e-01, 1.21344114e-03,
         8.39285646e-03, 3.96311458e-04, 3.04487976e-03, 3.33013944e-02,
         7.87096564e-03],
        [7.17267394e-01, 6.57665789e-01, 1.71278507e-01, 9.12945543e-04,
         7.69010605e-03, 3.08195507e-04, 2.44549196e-03, 2.40222327e-02,
         6.96937786e-03],
        [7.66592860e-01, 5.85949659e-01, 1.89051375e-01, 7.48327177e-04,
         7.56605947e-03, 2.63109454e-04, 2.10446422e-03, 1.83468331e-02,
         6.75703865e-03],
        [8.03439260e-01, 5.14520526e-01, 2.07715750e-01, 6.53609517e-04,
         7.64390780e-03, 2.35679792e-04, 1.91239594e-03, 1.48264812e-02,
         6.95246598e-03],
        [8.30033600e-01, 4.51969951e-01, 2.26066589e-01, 5.86529321e-04,
         7.72641553e-03, 2.17136301e-04, 1.77245750e-03, 1.26386881e-02,
         7.30282580e-03],
        [8.48775864e-01, 4.02297586e-01, 2.44306460e-01, 5.49033808e-04,
         7.89627060e-03, 2.02886993e-04, 1.68008427e-03, 1.12743843e-02,
         7.66823161e-03],
        [8.62118781e-01, 3.64291817e-01, 2.59675145e-01, 5.22146525e-04,
         8.06586072e-03, 1.90971346e-04, 1.62728410e-03, 1.03125749e-02,
         8.08431394e-03],
        [8.72147918e-01, 3.34204614e-01, 2.73815840e-01, 5.11323335e-04,
         8.30100663e-03, 1.85847515e-04, 1.58168026e-03, 9.68880765e-03,
         8.43692105e-03],
        [8.79222512e-01, 3.12086612e-01, 2.86697417e-01, 5.03054820e-04,
         8.39652494e-03, 1.78712027e-04, 1.54125097e-03, 9.14707035e-03,
         8.74814112e-03],
        [8.84663045e-01, 2.95363516e-01, 2.96959341e-01, 4.97468223e-04,
         8.53244588e-03, 1.74403336e-04, 1.51649746e-03, 8.79936665e-03,
         9.08085797e-03],
        [8.88533890e-01, 2.79600471e-01, 3.05094838e-01, 4.99541871e-04,
         8.73351470e-03, 1.73133536e-04, 1.49475446e-03, 8.58257990e-03,
         9.36532952e-03],
        [8.92076254e-01, 2.67481834e-01, 3.11342746e-01, 4.96098655e-04,
         8.80275294e-03, 1.68388084e-04, 1.46836950e-03, 8.39119125e-03,
         9.56510007e-03],
        [8.94319355e-01, 2.59641618e-01, 3.16887915e-01, 5.00840833e-04,
         8.90997797e-03, 1.67998602e-04, 1.46373501e-03, 8.24852940e-03,
         9.85446293e-03],
        [8.96079898e-01, 2.52728641e-01, 3.23252052e-01, 5.05189062e-04,
         8.98499601e-03, 1.67019811e-04, 1.44339667e-03, 8.10207799e-03,
         1.00293541e-02],
        [8.97298932e-01, 2.47064054e-01, 3.27801377e-01, 5.10439626e-04,
         9.09919292e-03, 1.66905578e-04, 1.43255037e-03, 7.98318721e-03,
         1.01940027e-02],
        [8.98816705e-01, 2.42813334e-01, 3.30828071e-01, 5.15535765e-04,
         9.19948239e-03, 1.67295031e-04, 1.43246562e-03, 7.90788513e-03,
         1.03708329e-02],
        [8.99518251e-01, 2.39149556e-01, 3.33730400e-01, 5.14003972e-04,
         9.23307706e-03, 1.66420199e-04, 1.41808682e-03, 7.79948104e-03,
         1.04153957e-02],
        [9.00367558e-01, 2.35107094e-01, 3.37954164e-01, 5.17493405e-04,
         9.27937869e-03, 1.66025129e-04, 1.40463642e-03, 7.75504904e-03,
         1.04690474e-02],
        [9.01090860e-01, 2.31729344e-01, 3.39024305e-01, 5.11712162e-04,
         9.28941090e-03, 1.64797966e-04, 1.39947364e-03, 7.69166928e-03,
         1.04822228e-02],
        [9.01175678e-01, 2.30802923e-01, 3.41836810e-01, 5.14578191e-04,
         9.32554901e-03, 1.63137156e-04, 1.39864767e-03, 7.62901036e-03,
         1.06150024e-02],
        [9.01347578e-01, 2.29541615e-01, 3.42182100e-01, 5.12946106e-04,
         9.39287525e-03, 1.61346587e-04, 1.39345869e-03, 7.55062839e-03,
         1.06978100e-02]]], dtype=float32), array([[[2.78063715e-01, 2.90621042e-01, 2.79420525e-01, 2.70926356e-01,
         2.73792267e-01, 2.66325057e-01, 2.70728201e-01, 2.84531206e-01,
         2.75840461e-01],
        [2.83187062e-01, 3.41321647e-01, 2.99675018e-01, 2.19882220e-01,
         2.84874678e-01, 2.89553523e-01, 2.30725348e-01, 3.28849018e-01,
         2.46588111e-01],
        [2.90244788e-01, 3.89368385e-01, 3.11821461e-01, 1.96045563e-01,
         2.66076475e-01, 2.42122412e-01, 2.02995539e-01, 3.52299243e-01,
         2.33471096e-01],
        [2.89768457e-01, 4.43578452e-01, 3.17454040e-01, 1.56024590e-01,
         2.27267504e-01, 1.76160678e-01, 1.61023289e-01, 3.60117495e-01,
         2.09435314e-01],
        [2.88684756e-01, 5.09184182e-01, 3.22771281e-01, 1.05409741e-01,
         1.72450855e-01, 9.97905955e-02, 1.11423440e-01, 3.49140435e-01,
         1.71543375e-01],
        [2.92998523e-01, 5.81901133e-01, 3.30266178e-01, 5.81986979e-02,
         1.12217240e-01, 4.30316962e-02, 6.66919276e-02, 3.13690394e-01,
         1.24360964e-01],
        [3.13455760e-01, 6.52433753e-01, 3.44613045e-01, 2.63832472e-02,
         6.34961724e-02, 1.47775654e-02, 3.45006250e-02, 2.44945168e-01,
         7.87560344e-02],
        [3.59047890e-01, 7.04804480e-01, 3.76517534e-01, 1.08960681e-02,
         3.36284302e-02, 4.64724982e-03, 1.67094376e-02, 1.58345520e-01,
         4.54909317e-02],
        [4.38235730e-01, 7.27219999e-01, 4.28011805e-01, 4.55045560e-03,
         1.89160816e-02, 1.62748306e-03, 8.51770770e-03, 8.58641714e-02,
         2.61511616e-02],
        [5.42084515e-01, 7.13888526e-01, 4.98109818e-01, 2.20320863e-03,
         1.23486379e-02, 7.24759302e-04, 4.86463076e-03, 4.43662666e-02,
         1.66312214e-02],
        [6.46519005e-01, 6.60505295e-01, 5.77032208e-01, 1.27363077e-03,
         9.65153612e-03, 4.24316968e-04, 3.25966743e-03, 2.40468904e-02,
         1.25024440e-02],
        [7.32584476e-01, 5.79616547e-01, 6.53421521e-01, 8.37177155e-04,
         8.30669515e-03, 2.89332442e-04, 2.42248364e-03, 1.45145562e-02,
         1.06981769e-02],
        [7.94422150e-01, 4.97425199e-01, 7.17819035e-01, 6.37879362e-04,
         7.79611664e-03, 2.30704463e-04, 1.97251933e-03, 1.00110183e-02,
         1.03571005e-02],
        [8.37303460e-01, 4.32874858e-01, 7.68915415e-01, 5.32593403e-04,
         7.59489508e-03, 1.97825415e-04, 1.71796430e-03, 7.71892862e-03,
         1.05102677e-02],
        [8.65557432e-01, 3.86939168e-01, 8.05171549e-01, 4.79693728e-04,
         7.54531333e-03, 1.82967211e-04, 1.56995957e-03, 6.61092298e-03,
         1.09610837e-02],
        [8.85471284e-01, 3.56478840e-01, 8.31937671e-01, 4.49547078e-04,
         7.57760974e-03, 1.76727583e-04, 1.49139203e-03, 5.94574399e-03,
         1.14410836e-02],
        [8.99234414e-01, 3.37735683e-01, 8.51581693e-01, 4.33591136e-04,
         7.63867004e-03, 1.72773594e-04, 1.44373719e-03, 5.53484634e-03,
         1.18275639e-02],
        [9.08914208e-01, 3.25129151e-01, 8.65791917e-01, 4.27506166e-04,
         7.69639760e-03, 1.70370637e-04, 1.40955392e-03, 5.31926798e-03,
         1.21893343e-02],
        [9.15940523e-01, 3.16865176e-01, 8.76195431e-01, 4.21942648e-04,
         7.75955152e-03, 1.71398831e-04, 1.39679131e-03, 5.17479330e-03,
         1.25428308e-02],
        [9.21090007e-01, 3.10282111e-01, 8.83761108e-01, 4.20760480e-04,
         7.82170705e-03, 1.72577711e-04, 1.39427255e-03, 5.07195247e-03,
         1.27708782e-02],
        [9.24866557e-01, 3.04858327e-01, 8.89593899e-01, 4.17325733e-04,
         7.83573184e-03, 1.72708475e-04, 1.38615572e-03, 5.00512449e-03,
         1.29187061e-02],
        [9.27972019e-01, 3.02470267e-01, 8.94420207e-01, 4.17107018e-04,
         7.85151590e-03, 1.73487584e-04, 1.38864410e-03, 4.94116219e-03,
         1.30991908e-02],
        [9.30247366e-01, 3.00620943e-01, 8.97783756e-01, 4.16870462e-04,
         7.81618338e-03, 1.72502041e-04, 1.38783152e-03, 4.89897327e-03,
         1.32247927e-02],
        [9.31960821e-01, 2.99132973e-01, 9.00311828e-01, 4.17660398e-04,
         7.84936920e-03, 1.73966502e-04, 1.37337076e-03, 4.90342220e-03,
         1.33682163e-02],
        [9.33449984e-01, 2.98376948e-01, 9.02816892e-01, 4.20721539e-04,
         7.87310116e-03, 1.74868648e-04, 1.37346389e-03, 4.87720035e-03,
         1.34735489e-02],
        [9.34911132e-01, 2.97419041e-01, 9.04822350e-01, 4.20668424e-04,
         7.88855273e-03, 1.75398498e-04, 1.37623318e-03, 4.86039231e-03,
         1.35243461e-02],
        [9.35828865e-01, 2.96457320e-01, 9.05798554e-01, 4.20221273e-04,
         7.88983982e-03, 1.74628964e-04, 1.37875101e-03, 4.83124144e-03,
         1.35553908e-02],
        [9.36647177e-01, 2.96670437e-01, 9.07277226e-01, 4.17587114e-04,
         7.85081182e-03, 1.73559805e-04, 1.37070077e-03, 4.84490255e-03,
         1.36690987e-02],
        [9.37503457e-01, 2.95161515e-01, 9.07863319e-01, 4.18753451e-04,
         7.89227989e-03, 1.75391950e-04, 1.37493259e-03, 4.85995645e-03,
         1.36414161e-02],
        [9.38149869e-01, 2.95702398e-01, 9.08566058e-01, 4.17487929e-04,
         7.87218194e-03, 1.75163063e-04, 1.37767859e-03, 4.81536612e-03,
         1.37019502e-02],
        [9.38607097e-01, 2.95754313e-01, 9.09317374e-01, 4.20829747e-04,
         7.91952386e-03, 1.75358204e-04, 1.37713924e-03, 4.85401880e-03,
         1.37326429e-02],
        [9.39092577e-01, 2.95362920e-01, 9.09569681e-01, 4.20989294e-04,
         7.95630179e-03, 1.76618167e-04, 1.38163066e-03, 4.86401608e-03,
         1.37697775e-02]]], dtype=float32), array([[[2.76169240e-01, 2.92217225e-01, 2.81581551e-01, 2.70090163e-01,
         2.73372650e-01, 2.63167709e-01, 2.69684583e-01, 2.85294890e-01,
         2.75453508e-01],
        [2.78329700e-01, 3.41801167e-01, 3.06902736e-01, 2.18566999e-01,
         2.82935172e-01, 2.83514529e-01, 2.28420064e-01, 3.27072829e-01,
         2.46692806e-01],
        [2.78992355e-01, 3.92542124e-01, 3.29869986e-01, 1.89080521e-01,
         2.57777989e-01, 2.29215398e-01, 1.96259975e-01, 3.44803303e-01,
         2.32103541e-01],
        [2.69415289e-01, 4.47735876e-01, 3.55882496e-01, 1.43220499e-01,
         2.11893022e-01, 1.55157000e-01, 1.49322361e-01, 3.42075586e-01,
         2.04530075e-01],
        [2.54957646e-01, 5.18248975e-01, 3.97909254e-01, 8.62992108e-02,
         1.45005867e-01, 7.31177777e-02, 9.18653235e-02, 3.14837158e-01,
         1.59132481e-01],
        [2.44117007e-01, 5.96536756e-01, 4.59497124e-01, 3.84326316e-02,
         7.87592679e-02, 2.24427339e-02, 4.39517833e-02, 2.47972444e-01,
         1.03469424e-01],
        [2.55092531e-01, 6.58187509e-01, 5.46236634e-01, 1.41024962e-02,
         3.80451716e-02, 5.82444808e-03, 1.87905766e-02, 1.48811996e-01,
         5.83660193e-02],
        [2.97569692e-01, 6.87218428e-01, 6.51522636e-01, 5.00998273e-03,
         1.89735070e-02, 1.59595022e-03, 8.23130459e-03, 6.73495904e-02,
         3.13651599e-02],
        [3.74719650e-01, 6.69039905e-01, 7.52546728e-01, 2.11480493e-03,
         1.14462497e-02, 6.05248788e-04, 4.28634649e-03, 2.77653746e-02,
         1.88725647e-02],
        [4.70087588e-01, 6.12203360e-01, 8.32240522e-01, 1.09157688e-03,
         8.30217265e-03, 3.12387157e-04, 2.67803483e-03, 1.25733707e-02,
         1.33444685e-02],
        [5.61212778e-01, 5.40732086e-01, 8.86823416e-01, 7.01592129e-04,
         6.91111339e-03, 2.12291852e-04, 1.96091901e-03, 6.92073163e-03,
         1.11920107e-02],
        [6.33319497e-01, 4.82560784e-01, 9.21874285e-01, 5.25110459e-04,
         6.23735320e-03, 1.69951076e-04, 1.60315621e-03, 4.64511197e-03,
         1.03668962e-02],
        [6.85286701e-01, 4.48398262e-01, 9.43787277e-01, 4.44248493e-04,
         5.93632832e-03, 1.52240609e-04, 1.42661168e-03, 3.62525648e-03,
         1.01334564e-02],
        [7.23427832e-01, 4.33130831e-01, 9.57659245e-01, 4.04997816e-04,
         5.74046466e-03, 1.44403501e-04, 1.32784492e-03, 3.11940629e-03,
         1.00541506e-02],
        [7.49498665e-01, 4.28313136e-01, 9.66158926e-01, 3.88458546e-04,
         5.64496825e-03, 1.44498350e-04, 1.27286767e-03, 2.86688167e-03,
         1.02260942e-02],
        [7.69274235e-01, 4.29779679e-01, 9.71762955e-01, 3.79144447e-04,
         5.61713614e-03, 1.44039121e-04, 1.23778905e-03, 2.70102825e-03,
         1.02469912e-02],
        [7.84010649e-01, 4.32992727e-01, 9.75214958e-01, 3.77442950e-04,
         5.55165531e-03, 1.45526326e-04, 1.21516699e-03, 2.62952503e-03,
         1.04038576e-02],
        [7.95127809e-01, 4.38603878e-01, 9.77506042e-01, 3.79675155e-04,
         5.48670348e-03, 1.48135776e-04, 1.19361293e-03, 2.59228749e-03,
         1.05281482e-02],
        [8.04976940e-01, 4.43851739e-01, 9.79037106e-01, 3.80341691e-04,
         5.46066882e-03, 1.50356573e-04, 1.18689134e-03, 2.55959644e-03,
         1.06014069e-02],
        [8.11971486e-01, 4.48164970e-01, 9.80059087e-01, 3.81386752e-04,
         5.41595975e-03, 1.51737477e-04, 1.17624225e-03, 2.55181664e-03,
         1.07386447e-02],
        [8.18394125e-01, 4.54838693e-01, 9.80775833e-01, 3.82174680e-04,
         5.38251456e-03, 1.51356027e-04, 1.16244087e-03, 2.53966963e-03,
         1.07318303e-02],
        [8.23806882e-01, 4.61307675e-01, 9.81302500e-01, 3.85654392e-04,
         5.34589682e-03, 1.51826331e-04, 1.15549529e-03, 2.56083068e-03,
         1.08225131e-02],
        [8.28461289e-01, 4.65556651e-01, 9.81755316e-01, 3.89259192e-04,
         5.33020729e-03, 1.52989247e-04, 1.15018105e-03, 2.55292677e-03,
         1.08582070e-02],
        [8.30932498e-01, 4.69841212e-01, 9.81927097e-01, 3.93808819e-04,
         5.32056624e-03, 1.53547517e-04, 1.15048478e-03, 2.55889492e-03,
         1.09340977e-02],
        [8.33844244e-01, 4.73512650e-01, 9.82042551e-01, 3.97632917e-04,
         5.34906844e-03, 1.55591668e-04, 1.14715321e-03, 2.57716537e-03,
         1.10367667e-02],
        [8.36169600e-01, 4.75495487e-01, 9.82211828e-01, 4.01103578e-04,
         5.31761535e-03, 1.55505841e-04, 1.14695693e-03, 2.58898782e-03,
         1.09663028e-02],
        [8.38701248e-01, 4.78880107e-01, 9.82360244e-01, 4.02924838e-04,
         5.29819541e-03, 1.55154150e-04, 1.13792636e-03, 2.59533082e-03,
         1.09942751e-02],
        [8.39994907e-01, 4.81614232e-01, 9.82400954e-01, 4.06708539e-04,
         5.29661961e-03, 1.56462876e-04, 1.14367227e-03, 2.57302495e-03,
         1.09972497e-02],
        [8.41808319e-01, 4.84151751e-01, 9.82421339e-01, 4.10399429e-04,
         5.29099861e-03, 1.57030809e-04, 1.14619266e-03, 2.59384187e-03,
         1.11085251e-02],
        [8.43239129e-01, 4.85498309e-01, 9.82499242e-01, 4.14051785e-04,
         5.31306770e-03, 1.58039940e-04, 1.13853789e-03, 2.60166195e-03,
         1.11193592e-02],
        [8.43846798e-01, 4.86786962e-01, 9.82562065e-01, 4.16565192e-04,
         5.28754015e-03, 1.58773793e-04, 1.14489789e-03, 2.59595388e-03,
         1.11352382e-02],
        [8.45262766e-01, 4.87391174e-01, 9.82485533e-01, 4.20176104e-04,
         5.32049453e-03, 1.60865937e-04, 1.14632631e-03, 2.61952402e-03,
         1.12377703e-02]]], dtype=float32)]