tf.Tensor(
[[[2.78078496e-01 2.88410068e-01 2.81296015e-01 2.73103714e-01
   2.75415391e-01 2.69190878e-01 2.72008032e-01 2.83621192e-01
   2.76400506e-01]
  [2.81679273e-01 3.37289304e-01 3.09029073e-01 2.23558024e-01
   2.85970926e-01 2.93121219e-01 2.31231615e-01 3.27579230e-01
   2.47595787e-01]
  [2.85674095e-01 3.80269676e-01 3.31533223e-01 2.03500658e-01
   2.69899040e-01 2.51048982e-01 2.07375571e-01 3.46615881e-01
   2.35614449e-01]
  [2.79611737e-01 4.30943727e-01 3.55916649e-01 1.63027272e-01
   2.31853470e-01 1.83632210e-01 1.65200025e-01 3.48347843e-01
   2.12438941e-01]
  [2.66626686e-01 4.94251430e-01 3.88727754e-01 1.09713420e-01
   1.74097806e-01 1.01940766e-01 1.10979468e-01 3.29468459e-01
   1.74806863e-01]
  [2.54931778e-01 5.62804580e-01 4.36387837e-01 5.91223352e-02
   1.11028083e-01 4.11708541e-02 6.27782792e-02 2.77418375e-01
   1.27236575e-01]
  [2.51138777e-01 6.32284462e-01 5.08546472e-01 2.39293445e-02
   5.79153597e-02 1.17592933e-02 2.85995062e-02 1.92943588e-01
   7.78645128e-02]
  [2.73821354e-01 6.79363132e-01 6.03584051e-01 8.56856070e-03
   2.80933306e-02 3.07910307e-03 1.22728609e-02 1.01856813e-01
   4.28161770e-02]
  [3.32228363e-01 6.85068786e-01 7.06352293e-01 3.33464099e-03
   1.53767625e-02 1.01016217e-03 5.97264618e-03 4.43290435e-02
   2.44169962e-02]
  [4.19498563e-01 6.46054149e-01 7.96224713e-01 1.55522639e-03
   1.01546580e-02 4.45149344e-04 3.41580575e-03 1.90406535e-02
   1.58697274e-02]
  [5.14946640e-01 5.76741219e-01 8.62312078e-01 9.03731561e-04
   7.86071736e-03 2.61138426e-04 2.32608523e-03 9.59665980e-03
   1.22220321e-02]
  [5.96212506e-01 5.09556055e-01 9.05779243e-01 6.26649766e-04
   6.80794613e-03 1.92436855e-04 1.82998658e-03 5.82099566e-03
   1.07704783e-02]
  [6.57900870e-01 4.62555110e-01 9.33692157e-01 4.97878005e-04
   6.26600301e-03 1.61717689e-04 1.56422076e-03 4.16123355e-03
   1.02398610e-02]
  [7.02099323e-01 4.36905742e-01 9.51002836e-01 4.40827425e-04
   6.04355382e-03 1.51189321e-04 1.43185526e-03 3.39589803e-03
   1.02019375e-02]
  [7.34488010e-01 4.26625460e-01 9.62210000e-01 4.09069413e-04
   5.86861977e-03 1.45400496e-04 1.33657327e-03 2.96407938e-03
   1.01838671e-02]
  [7.58780479e-01 4.24500436e-01 9.69146371e-01 3.94045725e-04
   5.77284116e-03 1.44541918e-04 1.28514937e-03 2.77060084e-03
   1.02966614e-02]
  [7.75868714e-01 4.28308994e-01 9.73618925e-01 3.87604232e-04
   5.69431204e-03 1.45165701e-04 1.24652067e-03 2.65167654e-03
   1.03733363e-02]
  [7.88789153e-01 4.34376031e-01 9.76606667e-01 3.84642306e-04
   5.62055735e-03 1.45617450e-04 1.21982675e-03 2.57242168e-03
   1.04404902e-02]
  [7.98708797e-01 4.39423382e-01 9.78384435e-01 3.86587199e-04
   5.57741523e-03 1.48651758e-04 1.20802305e-03 2.56596995e-03
   1.06563261e-02]
  [8.07038546e-01 4.45903242e-01 9.79708612e-01 3.89304623e-04
   5.49389236e-03 1.49641957e-04 1.18112913e-03 2.53363536e-03
   1.06819700e-02]
  [8.14779401e-01 4.51606691e-01 9.80660856e-01 3.89709894e-04
   5.43382764e-03 1.49948944e-04 1.16714172e-03 2.51697446e-03
   1.07642822e-02]
  [8.20067704e-01 4.57135737e-01 9.81243730e-01 3.93608236e-04
   5.42657077e-03 1.51812477e-04 1.16100605e-03 2.51659495e-03
   1.07613066e-02]
  [8.24246168e-01 4.62091744e-01 9.81584668e-01 3.99257609e-04
   5.43940812e-03 1.54719994e-04 1.15988404e-03 2.54435069e-03
   1.09612839e-02]
  [8.28621447e-01 4.66282785e-01 9.82004523e-01 4.00541903e-04
   5.39528672e-03 1.54500725e-04 1.14466180e-03 2.55222782e-03
   1.09562008e-02]
  [8.32263410e-01 4.69736248e-01 9.82215643e-01 4.00868739e-04
   5.35776187e-03 1.54867463e-04 1.14692235e-03 2.55480735e-03
   1.09764980e-02]
  [8.34135056e-01 4.73304093e-01 9.82269824e-01 4.04196355e-04
   5.34364721e-03 1.56579801e-04 1.14267447e-03 2.54860939e-03
   1.09996051e-02]
  [8.36422086e-01 4.75616187e-01 9.82287288e-01 4.06687701e-04
   5.35628293e-03 1.56707174e-04 1.14311592e-03 2.57629738e-03
   1.10798450e-02]
  [8.38524222e-01 4.77982342e-01 9.82410967e-01 4.03630984e-04
   5.28282253e-03 1.54515466e-04 1.13093143e-03 2.56574294e-03
   1.10086706e-02]
  [8.40590537e-01 4.80766952e-01 9.82495308e-01 4.07177373e-04
   5.28612779e-03 1.54854439e-04 1.13134889e-03 2.57153763e-03
   1.10417800e-02]
  [8.40896785e-01 4.83891755e-01 9.82539892e-01 4.10360401e-04
   5.27479546e-03 1.55877147e-04 1.13004749e-03 2.57653254e-03
   1.10509032e-02]
  [8.42668295e-01 4.85478908e-01 9.82550085e-01 4.12813621e-04
   5.27803972e-03 1.56537819e-04 1.12422567e-03 2.58658943e-03
   1.10668447e-02]
  [8.44466686e-01 4.85975295e-01 9.82653975e-01 4.15716117e-04
   5.30335074e-03 1.58063922e-04 1.12770300e-03 2.58460874e-03
   1.10965753e-02]]], shape=(1, 32, 9), dtype=float32)