tf.Tensor(
[[[0.49674422]
  [0.49660543]
  [0.4955458 ]
  ...
  [0.49884006]
  [0.49929366]
  [0.50073946]]

 [[0.50706977]
  [0.50704163]
  [0.50802374]
  ...
  [0.50391775]
  [0.50363415]
  [0.5033236 ]]

 [[0.5029846 ]
  [0.50443196]
  [0.5058333 ]
  ...
  [0.4843146 ]
  [0.48424062]
  [0.48620322]]

 ...

 [[0.4818876 ]
  [0.4774217 ]
  [0.47373134]
  ...
  [0.47594362]
  [0.4802211 ]
  [0.4853752 ]]

 [[0.4817412 ]
  [0.47723573]
  [0.4735187 ]
  ...
  [0.4756035 ]
  [0.479922  ]
  [0.48512995]]

 [[0.4816634 ]
  [0.47713843]
  [0.4734031 ]
  ...
  [0.47580165]
  [0.480118  ]
  [0.4853112 ]]], shape=(105, 32, 1), dtype=float32)