tf.Tensor(
[[[0.28210834 0.2809255  0.28108925 0.28047535 0.2814724  0.28085488
   0.28191245 0.28141704 0.2810766 ]
  [0.25245476 0.29386148 0.3442596  0.3193662  0.32264027 0.3205213
   0.28131396 0.32463145 0.32108903]
  [0.26072943 0.30248147 0.36499894 0.3413917  0.34494978 0.3426369
   0.2975066  0.34500748 0.3438387 ]
  [0.26818454 0.3117202  0.37800604 0.3555133  0.35879624 0.35576537
   0.30812392 0.35911703 0.3595258 ]
  [0.2738339  0.31893802 0.38698974 0.3648163  0.36841035 0.36513522
   0.31536537 0.37014756 0.3703198 ]
  [0.27807593 0.32387453 0.39218256 0.37148    0.3750895  0.37251356
   0.32002133 0.37837562 0.37807077]
  [0.2818407  0.32758072 0.39529842 0.37567508 0.38035706 0.3773494
   0.32328796 0.38509977 0.38324797]
  [0.28478464 0.32956022 0.39783853 0.37910196 0.38340372 0.38027045
   0.32577866 0.39052027 0.38478792]
  [0.28580832 0.33121035 0.40005726 0.38221622 0.3848361  0.38257253
   0.3273633  0.39543763 0.38572904]
  [0.28689235 0.3320896  0.40226465 0.3848604  0.38363686 0.38470334
   0.32941148 0.39897573 0.3859811 ]
  [0.28773198 0.3326802  0.40417945 0.38694572 0.38295487 0.386083
   0.33108276 0.40114242 0.3853995 ]
  [0.28827974 0.33186686 0.4065224  0.3887642  0.3820015  0.38722843
   0.33163866 0.40251192 0.38510516]
  [0.2878311  0.3323681  0.4066012  0.38891292 0.38178566 0.38910776
   0.33217356 0.4045519  0.38702866]
  [0.28694367 0.33370975 0.4071055  0.3891226  0.3826776  0.3909852
   0.33154133 0.4060411  0.3897104 ]
  [0.2866098  0.33503106 0.40696165 0.38889027 0.38287747 0.39057902
   0.33100027 0.40775988 0.39273837]
  [0.2875804  0.3366924  0.4067056  0.38922304 0.3804458  0.39172962
   0.3307611  0.40832672 0.39262557]
  [0.28846258 0.33759567 0.40653133 0.38944167 0.3783511  0.39282012
   0.3301226  0.4085901  0.39069563]
  [0.28937867 0.33736357 0.40777484 0.389344   0.3765124  0.3937425
   0.32970014 0.40869066 0.38977888]
  [0.28833985 0.33588198 0.40877312 0.3882283  0.3730187  0.39378345
   0.33007994 0.4087737  0.39050835]
  [0.2870356  0.3365895  0.4092197  0.38762334 0.3725883  0.39487785
   0.33106598 0.40906617 0.39141408]
  [0.28556007 0.33653492 0.410594   0.38698122 0.37101912 0.39531347
   0.33133423 0.40962368 0.3912698 ]
  [0.28449067 0.3361549  0.41068333 0.38698578 0.3700998  0.396819
   0.33117783 0.40979016 0.3908816 ]
  [0.2852191  0.33577803 0.41011435 0.38611802 0.36994117 0.39847654
   0.33071074 0.410347   0.38979635]
  [0.28590462 0.33533224 0.40907305 0.38584748 0.36917004 0.40032107
   0.3298291  0.41062006 0.3885226 ]
  [0.285903   0.33471403 0.40808076 0.38488188 0.3688722  0.40172362
   0.3297828  0.41156775 0.388018  ]
  [0.28624123 0.33356315 0.40764248 0.3844566  0.36882994 0.40217277
   0.3300725  0.41187176 0.3865394 ]
  [0.28644305 0.3328825  0.40731704 0.38364428 0.36985517 0.4017633
   0.3309341  0.41209966 0.38624477]
  [0.28588447 0.33366647 0.4077884  0.3853753  0.3706731  0.40165445
   0.33172268 0.41095528 0.38713595]
  [0.28575316 0.33480752 0.40882137 0.38735572 0.37270668 0.40094346
   0.33281276 0.41000363 0.38801095]
  [0.28541562 0.33483568 0.4092036  0.38818246 0.3745498  0.40102103
   0.3335073  0.4089519  0.38815907]
  [0.28620657 0.3353473  0.4076131  0.38808087 0.3761937  0.40090582
   0.33384034 0.40847954 0.38794118]
  [0.28604892 0.3349192  0.40571952 0.38908133 0.3770713  0.40012315
   0.33410117 0.4089855  0.38872418]]], shape=(1, 32, 9), dtype=float32)