tf.Tensor(
[[[0.58197755]
  [0.5819905 ]
  [0.5813609 ]
  ...
  [0.52663237]
  [0.52198285]
  [0.51983905]]

 [[0.5580082 ]
  [0.5533258 ]
  [0.54935426]
  ...
  [0.5426456 ]
  [0.5364488 ]
  [0.53364044]]

 [[0.61167383]
  [0.61245674]
  [0.6116554 ]
  ...
  [0.47393763]
  [0.47080198]
  [0.46750826]]

 ...

 [[0.5167608 ]
  [0.5074219 ]
  [0.4989154 ]
  ...
  [0.4697044 ]
  [0.47410524]
  [0.4784147 ]]

 [[0.5191108 ]
  [0.50910497]
  [0.5001629 ]
  ...
  [0.47056845]
  [0.47495797]
  [0.47924596]]

 [[0.51994777]
  [0.5102531 ]
  [0.50149274]
  ...
  [0.47129807]
  [0.47569647]
  [0.47998735]]], shape=(105, 32, 1), dtype=float32)