tf.Tensor(
[[[2.9381290e-01 2.6243016e-01 2.8040859e-01 1.0095767e-01 1.1835686e-01
   1.0832555e-01 1.5077034e-02 8.0198497e-02 1.8021840e-01]
  [3.5251352e-01 2.9581475e-01 3.2974038e-01 1.0786343e-02 2.0568835e-02
   1.6755443e-02 1.3019649e-04 9.0809688e-03 8.5625380e-02]
  [3.7087741e-01 3.5570446e-01 3.5657468e-01 1.4829058e-03 3.6699835e-03
   3.0489748e-03 2.7729050e-06 1.7572042e-03 3.2461356e-02]
  [3.5144371e-01 3.5850081e-01 3.3230811e-01 5.0204113e-04 1.5658212e-03
   1.6081542e-03 4.8396828e-07 8.3502429e-04 1.4074518e-02]
  [3.0925325e-01 3.2766327e-01 2.8893507e-01 3.1692642e-04 1.2130967e-03
   1.4374466e-03 2.3419349e-07 5.8660092e-04 7.3877815e-03]
  [2.6954412e-01 2.9454377e-01 2.6091480e-01 2.7747944e-04 1.1941768e-03
   1.5221321e-03 1.8509340e-07 5.0029292e-04 4.8893318e-03]
  [2.4100709e-01 2.6915386e-01 2.4321102e-01 2.6829672e-04 1.2208683e-03
   1.6365056e-03 1.6934801e-07 4.5620123e-04 3.7867858e-03]
  [2.2206670e-01 2.5484031e-01 2.3123184e-01 2.6979126e-04 1.2614568e-03
   1.7303764e-03 1.6411710e-07 4.3425645e-04 3.2563063e-03]
  [2.1097012e-01 2.4527012e-01 2.2510232e-01 2.7569596e-04 1.2987219e-03
   1.8232458e-03 1.6577502e-07 4.2591486e-04 2.9793174e-03]
  [2.0261073e-01 2.3953854e-01 2.1911046e-01 2.7695234e-04 1.3188365e-03
   1.8738459e-03 1.6237252e-07 4.1490022e-04 2.8256138e-03]
  [1.9761758e-01 2.3427549e-01 2.1607880e-01 2.8375533e-04 1.3518224e-03
   1.9349635e-03 1.6650212e-07 4.1385289e-04 2.7050395e-03]
  [1.9338410e-01 2.3292594e-01 2.1322541e-01 2.8714797e-04 1.3667303e-03
   1.9823208e-03 1.6494484e-07 4.1072632e-04 2.6535497e-03]
  [1.9069891e-01 2.2965041e-01 2.1194035e-01 2.8461180e-04 1.3715110e-03
   2.0138063e-03 1.6366280e-07 4.0589430e-04 2.6188453e-03]
  [1.8925858e-01 2.2826633e-01 2.1084014e-01 2.8999042e-04 1.3901809e-03
   2.0492736e-03 1.6517320e-07 4.0612291e-04 2.5843962e-03]
  [1.8667841e-01 2.2901620e-01 2.0860925e-01 2.8401718e-04 1.3683656e-03
   2.0424384e-03 1.5798820e-07 3.9591559e-04 2.5806203e-03]
  [1.8483490e-01 2.2895434e-01 2.0737554e-01 2.8100345e-04 1.3714588e-03
   2.0494664e-03 1.5538484e-07 3.9345460e-04 2.6069074e-03]
  [1.8430959e-01 2.2902358e-01 2.0672368e-01 2.8210474e-04 1.3684683e-03
   2.0579291e-03 1.5496266e-07 3.9120734e-04 2.6033542e-03]
  [1.8461622e-01 2.2737496e-01 2.0674182e-01 2.8314881e-04 1.3746952e-03
   2.0652898e-03 1.5661725e-07 3.9216210e-04 2.6035614e-03]
  [1.8419729e-01 2.2792949e-01 2.0636788e-01 2.8284881e-04 1.3757268e-03
   2.0730225e-03 1.5660321e-07 3.9095609e-04 2.6087256e-03]
  [1.8330541e-01 2.2797719e-01 2.0541486e-01 2.8061704e-04 1.3717759e-03
   2.0754766e-03 1.5275877e-07 3.8654965e-04 2.5986442e-03]
  [1.8413207e-01 2.2568920e-01 2.0590034e-01 2.8438715e-04 1.3897798e-03
   2.1026183e-03 1.5779058e-07 3.9071919e-04 2.5772802e-03]
  [1.8417127e-01 2.2532532e-01 2.0521243e-01 2.8299715e-04 1.3856754e-03
   2.0982353e-03 1.5646638e-07 3.8776346e-04 2.5710918e-03]
  [1.8399504e-01 2.2545028e-01 2.0475800e-01 2.8535991e-04 1.3927729e-03
   2.1101581e-03 1.5735677e-07 3.8983463e-04 2.5642249e-03]
  [1.8257204e-01 2.2595769e-01 2.0354855e-01 2.8173756e-04 1.3818074e-03
   2.1043862e-03 1.5320082e-07 3.8420249e-04 2.5751889e-03]
  [1.8239978e-01 2.2589183e-01 2.0427972e-01 2.8152604e-04 1.3797199e-03
   2.1060836e-03 1.5343217e-07 3.8441046e-04 2.5807067e-03]
  [1.8301530e-01 2.2552115e-01 2.0469932e-01 2.8531003e-04 1.3919141e-03
   2.1220166e-03 1.5677240e-07 3.8861256e-04 2.5857994e-03]
  [1.8279871e-01 2.2494876e-01 2.0452924e-01 2.8375533e-04 1.3907850e-03
   2.1229857e-03 1.5581951e-07 3.8588906e-04 2.5748296e-03]
  [1.8267694e-01 2.2405803e-01 2.0488574e-01 2.8505820e-04 1.3908630e-03
   2.1269051e-03 1.5652905e-07 3.8540596e-04 2.5667138e-03]
  [1.8253393e-01 2.2424451e-01 2.0387925e-01 2.8197537e-04 1.3781517e-03
   2.1204350e-03 1.5355072e-07 3.8250076e-04 2.5752969e-03]
  [1.8326817e-01 2.2393715e-01 2.0472078e-01 2.8725507e-04 1.3970807e-03
   2.1477549e-03 1.5892451e-07 3.8851105e-04 2.5732839e-03]
  [1.8302603e-01 2.2344103e-01 2.0402604e-01 2.8644881e-04 1.3926866e-03
   2.1512569e-03 1.5730552e-07 3.8700626e-04 2.5618365e-03]
  [1.8296203e-01 2.2313687e-01 2.0448686e-01 2.8921722e-04 1.4056122e-03
   2.1621818e-03 1.5945602e-07 3.8857406e-04 2.5482166e-03]]], shape=(1, 32, 9), dtype=float32)