[array([[[5.83486915e-01, 2.14110676e-18, 7.31058598e-01, 2.75198131e-09,
         5.00787745e-10, 2.14212581e-09, 1.07948739e-09, 4.94646777e-08,
         4.48783720e-03],
        [6.71616761e-14, 1.03826729e-07, 3.13840952e-04, 3.46546454e-14,
         2.77932365e-11, 9.06125544e-13, 1.25648512e-14, 1.31716071e-09,
         2.86764124e-08],
        [2.91685787e-08, 4.60501185e-14, 9.52572107e-01, 1.81349011e-12,
         2.82303239e-12, 3.78872662e-11, 7.53308955e-14, 1.12672813e-08,
         2.66510369e-06],
        [1.51263195e-14, 5.27378109e-13, 9.82010841e-01, 1.36852117e-15,
         9.85044078e-13, 7.16609931e-13, 4.54363008e-14, 4.80068372e-12,
         1.42201570e-05],
        [9.53059238e-16, 6.46985232e-13, 9.93272424e-01, 1.26996497e-15,
         2.01098036e-12, 2.18448916e-14, 2.13353789e-13, 1.44197832e-13,
         3.27816764e-07],
        [2.55833874e-13, 1.93483047e-13, 9.97525811e-01, 1.52471097e-15,
         2.58434333e-12, 1.57798952e-14, 1.40471144e-13, 5.38220185e-13,
         4.82076871e-07],
        [2.04447917e-12, 6.04716337e-14, 9.99088883e-01, 1.67230046e-16,
         2.22219508e-12, 6.81893642e-14, 1.42488441e-14, 2.59550465e-13,
         9.00410502e-09],
        [7.10370890e-13, 1.26849364e-11, 9.99252081e-01, 4.36255849e-16,
         1.28482392e-12, 1.43920334e-14, 7.72157437e-15, 6.30625652e-14,
         4.25648324e-07],
        [6.30413333e-10, 1.62682866e-12, 9.99876559e-01, 5.13114189e-16,
         1.14205314e-12, 8.19415675e-14, 2.17166186e-14, 2.17026646e-14,
         2.20004259e-09],
        [1.00491637e-09, 1.18303744e-11, 9.99954283e-01, 1.64256603e-16,
         2.25932988e-12, 1.14686120e-13, 1.00274750e-14, 8.82284426e-14,
         3.76975651e-09],
        [4.20307567e-10, 2.40291684e-12, 9.99983311e-01, 2.09606283e-16,
         1.86925258e-12, 3.40254693e-14, 4.67051680e-15, 6.64366904e-14,
         1.14113807e-09],
        [8.83970258e-11, 2.25251762e-11, 9.99990106e-01, 4.74451688e-16,
         1.13729609e-12, 5.17934593e-14, 5.01980185e-15, 2.20338799e-14,
         2.61279154e-09],
        [3.55285912e-09, 7.56090543e-14, 9.99997735e-01, 8.19585162e-16,
         1.08623371e-11, 3.50256093e-13, 1.08549906e-14, 8.83258364e-13,
         1.45048640e-09],
        [8.48882006e-11, 4.78467335e-11, 9.99998093e-01, 1.75090525e-16,
         2.79261701e-11, 3.36655176e-14, 1.83410307e-13, 8.88575305e-14,
         1.30182536e-06],
        [4.85995355e-10, 9.21209832e-13, 9.99999464e-01, 2.92343575e-16,
         1.36213057e-12, 6.91899159e-15, 6.54201628e-14, 1.45527037e-14,
         1.08528930e-09],
        [1.77704171e-10, 4.92155816e-10, 9.99990225e-01, 8.35928557e-16,
         4.42179632e-13, 2.53772663e-14, 6.25284719e-15, 1.08978920e-14,
         7.58424292e-08],
        [1.30063436e-08, 2.96790912e-12, 1.00000000e+00, 1.16749008e-15,
         4.89011826e-12, 7.69345034e-15, 6.39595798e-14, 1.79226547e-13,
         1.73771575e-09],
        [8.15633516e-09, 2.33240619e-13, 1.00000000e+00, 1.93860875e-15,
         4.63785173e-12, 1.20544566e-13, 8.39237940e-14, 1.17033022e-12,
         4.75588180e-10],
        [1.80133719e-09, 5.57777956e-12, 9.99999642e-01, 6.95657783e-16,
         5.03686199e-12, 5.79946451e-14, 1.13233343e-13, 3.70383818e-13,
         1.10854529e-07],
        [3.41844608e-10, 2.64727296e-10, 9.99943137e-01, 5.37263363e-16,
         1.65289034e-13, 1.35615477e-13, 1.41528865e-13, 2.63047403e-14,
         4.00134574e-08],
        [1.03683327e-07, 1.70690786e-08, 9.96431768e-01, 1.17557903e-15,
         2.56110519e-12, 9.93620225e-13, 3.04837400e-13, 1.05340948e-13,
         2.87128508e-08],
        [2.38068026e-07, 2.40827740e-11, 9.99999404e-01, 8.55148370e-16,
         1.63644163e-12, 1.16009605e-13, 9.55995198e-14, 2.18633922e-13,
         3.39658945e-09],
        [3.89442167e-09, 4.84776302e-14, 1.00000000e+00, 9.63154070e-16,
         9.08841665e-12, 1.91818302e-14, 9.84432195e-14, 2.80687501e-13,
         1.61356456e-10],
        [3.61095015e-10, 4.47944806e-12, 9.99998391e-01, 8.51008973e-16,
         1.43425839e-13, 2.14715801e-15, 1.13446655e-14, 4.31221212e-15,
         5.78159354e-10],
        [1.60210831e-07, 4.83331994e-12, 1.00000000e+00, 8.75150471e-16,
         5.81915852e-12, 1.61489542e-14, 8.13048156e-14, 3.85098718e-13,
         2.69610112e-10],
        [4.06808525e-08, 6.60885279e-12, 9.99999642e-01, 3.39221528e-16,
         7.62595228e-13, 2.05245367e-14, 3.77929465e-14, 1.14958187e-13,
         3.88665322e-10],
        [4.13899102e-08, 1.08250600e-08, 9.98909891e-01, 7.06672123e-16,
         1.67034423e-13, 3.86956397e-14, 1.07194500e-13, 6.04734980e-15,
         1.88197831e-07],
        [1.11669145e-07, 6.21804136e-11, 9.99999404e-01, 5.34318177e-16,
         1.48359450e-12, 3.02080748e-14, 8.35017954e-14, 7.61153158e-14,
         2.20126273e-09],
        [1.83230000e-08, 1.07608468e-13, 1.00000000e+00, 7.05508512e-16,
         1.58252003e-12, 1.02810564e-14, 4.32258192e-14, 6.75024882e-14,
         1.11871783e-10],
        [1.35309886e-09, 4.15488095e-11, 9.99994636e-01, 6.34068430e-16,
         5.04619079e-13, 2.39214878e-14, 2.71877329e-13, 1.09326390e-14,
         2.78848677e-08],
        [8.74097239e-09, 5.65879978e-14, 1.00000000e+00, 3.37311940e-15,
         3.30360080e-11, 5.95789465e-15, 1.57829728e-12, 1.82335077e-13,
         4.75966350e-11],
        [8.08121481e-09, 1.09633093e-11, 1.00000000e+00, 9.87907232e-16,
         5.16114658e-13, 1.71714500e-15, 1.12344230e-13, 4.86403852e-16,
         3.48747378e-08]]], dtype=float32), array([[[7.30900288e-01, 4.99880314e-01, 1.12094944e-02, 5.00307381e-01,
         8.74717589e-05, 1.63056739e-05, 1.07104181e-09, 5.98346219e-07,
         3.33639775e-07],
        [2.42633466e-02, 4.99957532e-01, 1.75916682e-07, 5.00306308e-01,
         2.57781620e-14, 1.10705112e-09, 4.56413130e-09, 1.17110809e-14,
         2.47964344e-10],
        [8.27819924e-04, 4.45889950e-01, 4.11220613e-09, 5.00292599e-01,
         1.17911924e-14, 2.38974449e-13, 1.32981907e-11, 2.98420482e-14,
         1.57651969e-09],
        [1.16705975e-04, 4.99995947e-01, 6.19421181e-12, 5.00292599e-01,
         1.23222891e-15, 5.30240001e-12, 1.02266340e-12, 1.78049867e-11,
         3.60118952e-06],
        [1.83534485e-05, 5.00000000e-01, 1.69705938e-12, 5.00292540e-01,
         2.53298020e-14, 1.14830173e-10, 2.51314317e-11, 6.28704366e-10,
         2.90728349e-04],
        [6.00304975e-06, 5.00000119e-01, 2.82544469e-13, 5.00292540e-01,
         3.05595427e-14, 7.42534229e-11, 8.87506475e-12, 2.17431059e-10,
         1.05200894e-02],
        [1.94014574e-05, 5.00000119e-01, 2.82286451e-11, 5.00292540e-01,
         5.70909260e-13, 4.75540773e-10, 1.37055753e-12, 3.83256066e-11,
         1.40537834e-03],
        [2.84695602e-07, 4.99999225e-01, 1.39258813e-11, 5.00292540e-01,
         3.05657825e-11, 1.06466780e-09, 2.65737380e-11, 5.18038612e-10,
         3.36346440e-02],
        [8.34577136e-08, 4.99999642e-01, 5.88763240e-12, 5.00292540e-01,
         4.10173848e-13, 1.13241561e-09, 2.54230734e-11, 6.08077699e-10,
         9.41824517e-04],
        [1.38709524e-07, 4.99999404e-01, 1.25578506e-11, 5.00292540e-01,
         1.65132746e-13, 8.19828649e-11, 1.59144822e-10, 1.14276616e-10,
         1.17039745e-04],
        [1.74656478e-07, 4.99999613e-01, 9.96715297e-13, 5.00292540e-01,
         1.05007403e-14, 2.81877733e-11, 9.15002666e-13, 9.03043890e-11,
         6.68750863e-06],
        [4.00211820e-06, 5.00000119e-01, 1.39377268e-12, 5.00292480e-01,
         1.09375776e-15, 3.78488040e-11, 3.00416566e-13, 9.74454337e-11,
         4.40509793e-05],
        [2.08020290e-09, 4.99987900e-01, 3.53499066e-12, 5.00292480e-01,
         1.06758298e-13, 3.28500204e-12, 6.30324048e-12, 3.97100200e-11,
         5.63443791e-06],
        [1.07979270e-08, 4.99999046e-01, 1.06885604e-13, 5.00292480e-01,
         5.79901880e-15, 1.02266936e-12, 7.90863889e-14, 9.79013853e-13,
         1.38529765e-06],
        [5.01512829e-07, 5.00000119e-01, 2.77780508e-14, 5.00292480e-01,
         2.00568406e-14, 4.20065458e-13, 1.79960129e-14, 1.00922317e-11,
         1.87672540e-05],
        [1.87706064e-07, 5.00000000e-01, 5.07408894e-13, 5.00292420e-01,
         5.81457015e-14, 2.03034985e-12, 1.39003690e-13, 1.19861690e-11,
         2.79618143e-05],
        [8.87421663e-07, 5.00000000e-01, 4.01766511e-13, 5.00292420e-01,
         4.16059467e-14, 9.90741864e-12, 7.39249089e-14, 6.40556228e-12,
         4.36861046e-05],
        [1.21521122e-08, 4.99999940e-01, 4.79177651e-14, 5.00292420e-01,
         8.25679206e-13, 1.84434716e-13, 1.83487652e-13, 6.49444387e-12,
         1.11064280e-03],
        [2.93037576e-08, 5.00000119e-01, 5.03829554e-15, 5.00292420e-01,
         3.74455865e-13, 1.00644330e-12, 1.24500589e-13, 1.06579450e-11,
         6.40362501e-04],
        [7.71633140e-08, 4.99999940e-01, 8.01287747e-14, 5.00292420e-01,
         3.35133329e-14, 2.56473748e-12, 2.90736592e-13, 6.65479347e-12,
         1.10803754e-04],
        [8.51888586e-08, 4.99999732e-01, 5.03097116e-14, 5.00292420e-01,
         1.83282683e-14, 2.86980048e-13, 2.51785816e-13, 2.69966991e-13,
         4.30216596e-06],
        [1.16031587e-10, 4.99999613e-01, 2.79254755e-13, 5.00292420e-01,
         3.06655070e-12, 8.92882816e-12, 6.08423685e-13, 2.12157982e-12,
         1.80131337e-06],
        [5.48456502e-10, 4.99997616e-01, 6.46443402e-13, 5.00292420e-01,
         5.43372584e-13, 1.00393279e-11, 2.12414166e-13, 7.36033142e-13,
         2.37064455e-06],
        [2.52876053e-11, 4.99988705e-01, 3.36687329e-14, 5.00292420e-01,
         7.91887931e-13, 1.06513207e-13, 2.93044831e-13, 1.66577133e-13,
         3.66774339e-06],
        [5.44321566e-09, 4.99999821e-01, 1.46296061e-13, 5.00292420e-01,
         1.90216749e-14, 4.39981493e-13, 1.48096027e-13, 1.82572056e-12,
         2.33006585e-06],
        [8.99388031e-09, 4.99999702e-01, 2.04700059e-12, 5.00292420e-01,
         1.53859857e-12, 2.57175574e-12, 1.39945835e-13, 2.55094708e-12,
         7.02386023e-06],
        [4.26711324e-08, 5.00000119e-01, 3.13739269e-13, 5.00292420e-01,
         1.44073704e-13, 3.49659733e-12, 8.37771760e-14, 6.01503292e-11,
         7.87710451e-05],
        [7.75567628e-08, 5.00000119e-01, 3.81185189e-14, 5.00292420e-01,
         3.53455573e-13, 4.20500223e-12, 1.55421921e-12, 3.12421033e-10,
         3.39597464e-04],
        [3.41031897e-10, 4.99999940e-01, 9.82438740e-13, 5.00292420e-01,
         1.68225807e-12, 1.28465001e-12, 2.90455323e-13, 1.18435112e-12,
         3.87884247e-05],
        [1.15815846e-09, 4.99997318e-01, 1.05467813e-13, 5.00292420e-01,
         4.13942426e-13, 4.98740632e-12, 1.29963735e-13, 2.67531418e-12,
         2.51501115e-06],
        [1.27666354e-07, 5.00000119e-01, 3.71107564e-14, 5.00292420e-01,
         3.15817624e-14, 2.46573676e-13, 1.92680260e-14, 3.00092659e-11,
         4.46843706e-06],
        [9.89909665e-08, 5.00000119e-01, 5.53217465e-13, 5.00292361e-01,
         1.38121936e-13, 2.48192336e-13, 2.23951879e-13, 5.64846303e-12,
         2.86072493e-04]]], dtype=float32), array([[[7.31058598e-01, 9.82464943e-03, 5.67940474e-01, 2.69682211e-11,
         4.99933511e-01, 7.31058240e-01, 5.89122237e-06, 4.82853174e-01,
         5.00000417e-01],
        [6.73181203e-05, 1.76966247e-10, 5.00000954e-01, 9.94653253e-13,
         4.99998569e-01, 1.18368734e-02, 2.87740409e-09, 5.00622153e-01,
         1.47185565e-05],
        [2.10192153e-09, 1.30147123e-06, 5.00000000e-01, 8.43851031e-11,
         5.00001431e-01, 4.89727333e-02, 7.32889675e-05, 5.03464282e-01,
         2.06946438e-09],
        [5.65983926e-14, 1.10759481e-06, 5.00000000e-01, 1.34832683e-11,
         5.00000060e-01, 1.80965196e-03, 4.55933541e-01, 7.33005762e-01,
         2.43353775e-12],
        [1.12938651e-10, 2.94340168e-07, 5.00000000e-01, 7.47345652e-09,
         5.00000179e-01, 3.21947937e-07, 5.00055492e-01, 8.81835341e-01,
         2.36555757e-13],
        [5.43884252e-12, 2.60186788e-08, 5.00000000e-01, 1.94425535e-11,
         5.00000000e-01, 8.84909507e-11, 4.99996513e-01, 9.53020513e-01,
         1.58462754e-15],
        [5.69864121e-11, 2.99009810e-11, 5.00000000e-01, 1.04765398e-10,
         5.00000119e-01, 1.32261535e-09, 4.99976337e-01, 9.82188225e-01,
         9.71857652e-16],
        [2.77268156e-11, 2.09724616e-11, 5.00000000e-01, 7.39743822e-10,
         5.00000298e-01, 1.28262700e-09, 4.99039590e-01, 9.93372917e-01,
         3.35704700e-17],
        [5.21472761e-11, 2.95388491e-09, 5.00000000e-01, 2.04066009e-09,
         5.00000119e-01, 2.89550599e-07, 5.00027239e-01, 9.97551680e-01,
         1.82746008e-16],
        [2.55033993e-12, 5.98480128e-08, 5.00000000e-01, 5.01975350e-10,
         5.00000179e-01, 1.66094523e-07, 5.00002384e-01, 9.99097943e-01,
         6.91757084e-18],
        [3.58757858e-12, 1.93176986e-09, 5.00000000e-01, 3.45654874e-13,
         5.00015080e-01, 2.67231626e-10, 4.99949604e-01, 9.99667883e-01,
         9.13754369e-20],
        [2.43427258e-11, 2.11767104e-10, 5.00000000e-01, 2.23423627e-10,
         5.00000536e-01, 1.55397882e-11, 4.99824524e-01, 9.99877810e-01,
         7.91192828e-20],
        [4.53687272e-13, 6.73909956e-11, 5.00000000e-01, 7.44668049e-10,
         5.00005901e-01, 1.86464733e-10, 4.99927908e-01, 9.99954998e-01,
         8.51823615e-19],
        [3.65620267e-13, 1.45274726e-08, 5.00000000e-01, 5.05976034e-12,
         5.00002563e-01, 3.68927400e-09, 4.99973893e-01, 9.99983549e-01,
         1.33056008e-19],
        [2.08999905e-13, 4.60941862e-09, 5.00000000e-01, 1.78930677e-12,
         5.00003934e-01, 1.22719529e-10, 4.99986738e-01, 9.99993980e-01,
         5.57270958e-19],
        [2.37451253e-13, 2.99241765e-09, 5.00000000e-01, 9.30357125e-10,
         5.00000417e-01, 8.39431025e-11, 4.99957085e-01, 9.99997795e-01,
         1.60607016e-19],
        [1.31994624e-11, 2.56744016e-07, 5.00000000e-01, 1.25342195e-10,
         5.00001132e-01, 3.34820172e-08, 4.99983966e-01, 9.99999166e-01,
         3.94920168e-19],
        [8.00983412e-12, 1.27647648e-09, 5.00000000e-01, 4.54829202e-10,
         5.00000179e-01, 1.52999093e-07, 4.99911278e-01, 9.99999702e-01,
         8.27208158e-18],
        [2.23787239e-11, 2.70184852e-08, 5.00000000e-01, 6.08937770e-12,
         5.00003636e-01, 1.14457110e-09, 4.99878764e-01, 1.00000000e+00,
         2.06932737e-19],
        [3.21149661e-12, 1.13742356e-10, 5.00000000e-01, 1.66116398e-10,
         5.00006676e-01, 3.58186397e-10, 4.99718606e-01, 1.00000000e+00,
         7.21115482e-19],
        [8.06255426e-14, 5.30727498e-08, 5.00000000e-01, 4.54433149e-12,
         5.00000775e-01, 1.83868376e-09, 4.99913573e-01, 1.00000000e+00,
         5.40135595e-20],
        [6.68728311e-13, 1.47502561e-08, 5.00000000e-01, 8.38090639e-11,
         5.00000298e-01, 4.06218774e-08, 4.99957949e-01, 1.00000000e+00,
         1.66055888e-18],
        [4.05168222e-13, 1.18444792e-08, 5.00000000e-01, 9.51772439e-10,
         5.00003934e-01, 6.87219281e-10, 4.99972701e-01, 1.00000000e+00,
         1.26004694e-19],
        [3.61164787e-12, 8.35045100e-09, 5.00000000e-01, 5.15839975e-12,
         5.00001967e-01, 6.96992402e-08, 4.99995470e-01, 1.00000000e+00,
         3.23043477e-18],
        [5.64516532e-12, 1.38747458e-09, 5.00000000e-01, 2.15987978e-10,
         5.00000060e-01, 2.30023761e-06, 4.99904215e-01, 1.00000000e+00,
         4.79199262e-17],
        [1.31473798e-13, 4.05071976e-09, 5.00000000e-01, 6.66120588e-13,
         5.00005782e-01, 2.17214892e-11, 4.99949574e-01, 1.00000000e+00,
         2.11814039e-20],
        [5.16115850e-13, 8.79081341e-09, 5.00000000e-01, 4.20722242e-11,
         5.00002563e-01, 1.66523317e-09, 4.99963462e-01, 1.00000000e+00,
         8.32306224e-21],
        [1.35312646e-13, 1.56259727e-09, 5.00000000e-01, 1.94333590e-12,
         5.00000298e-01, 1.58906881e-11, 4.99461144e-01, 1.00000000e+00,
         3.50843123e-21],
        [7.83805659e-12, 1.29558018e-08, 5.00000000e-01, 2.26926620e-11,
         5.00001848e-01, 6.56610979e-08, 4.99867380e-01, 1.00000000e+00,
         1.22126135e-18],
        [1.38927476e-12, 5.27430410e-09, 5.00000000e-01, 1.21551302e-11,
         5.00003219e-01, 3.77794393e-11, 4.99765277e-01, 1.00000000e+00,
         7.17295646e-21],
        [2.81343351e-12, 6.09184667e-08, 5.00000000e-01, 2.27591730e-11,
         5.00000298e-01, 2.29575132e-08, 4.99859840e-01, 1.00000000e+00,
         1.45551489e-19],
        [3.21359591e-14, 2.63684882e-07, 5.00000000e-01, 1.01783838e-10,
         5.00000060e-01, 5.08976328e-08, 5.00000000e-01, 1.00000000e+00,
         7.35245239e-20]]], dtype=float32), array([[[7.26456761e-01, 2.42068570e-15, 5.00002027e-01, 5.00000000e-01,
         2.16327086e-17, 7.31057823e-01, 5.43275576e-07, 7.71798532e-14,
         1.76031811e-11],
        [3.98973042e-11, 4.87273236e-15, 5.00002027e-01, 1.32656277e-08,
         5.71454378e-15, 2.01440940e-04, 4.99983549e-01, 5.05487621e-01,
         9.93336381e-13],
        [4.67173855e-10, 2.10356177e-11, 5.00002027e-01, 8.68056826e-09,
         1.05213137e-10, 1.01763917e-10, 5.00000000e-01, 7.37980127e-01,
         9.23819528e-12],
        [2.17660459e-10, 1.29063427e-10, 5.00002027e-01, 2.18633389e-10,
         3.28604415e-08, 1.21954877e-11, 5.00000000e-01, 8.84473920e-01,
         1.11136740e-12],
        [2.29113922e-10, 6.24150731e-10, 5.00002027e-01, 3.95829231e-10,
         6.19971463e-10, 5.75462698e-11, 5.00000000e-01, 9.54150856e-01,
         1.32844267e-12],
        [2.24526975e-09, 3.88968280e-09, 5.00002027e-01, 1.36776093e-08,
         1.10481579e-09, 3.84814819e-10, 5.00000000e-01, 9.82629657e-01,
         4.89333357e-12],
        [1.20596055e-09, 2.74754830e-10, 5.00002027e-01, 1.49697033e-10,
         1.54341141e-11, 8.92557556e-12, 5.00000000e-01, 9.93539095e-01,
         1.81091904e-12],
        [3.29377581e-10, 1.01884657e-12, 5.00002027e-01, 7.67583427e-11,
         2.15779512e-11, 9.87883928e-13, 5.00000000e-01, 9.97613192e-01,
         6.30481995e-13],
        [1.09796492e-08, 2.86523149e-11, 5.00002027e-01, 3.96948663e-12,
         1.88075777e-10, 1.36102653e-12, 5.00000000e-01, 9.99120712e-01,
         4.06250317e-14],
        [3.78474647e-11, 8.10805069e-12, 5.00002027e-01, 5.44360564e-12,
         1.37942005e-10, 2.24667333e-11, 5.00000000e-01, 9.99676347e-01,
         1.11773695e-13],
        [2.30918396e-10, 6.20331217e-11, 5.00002027e-01, 3.49939825e-12,
         3.08275450e-09, 5.15982916e-12, 5.00000000e-01, 9.99880910e-01,
         2.99050708e-14],
        [1.48529921e-11, 6.33641468e-13, 5.00002027e-01, 4.83911305e-12,
         1.72669552e-11, 1.97239135e-11, 5.00000000e-01, 9.99956191e-01,
         7.14955926e-13],
        [2.45477770e-12, 1.13148026e-10, 5.00002027e-01, 6.47538134e-11,
         1.56937574e-10, 2.00120150e-12, 5.00000000e-01, 9.99983907e-01,
         1.57954570e-11],
        [2.08136910e-11, 4.66801764e-10, 5.00002027e-01, 1.23108442e-11,
         2.40147404e-08, 2.08681401e-12, 5.00000000e-01, 9.99994159e-01,
         2.85116630e-13],
        [5.05363355e-11, 6.20435370e-11, 5.00002027e-01, 9.38279923e-12,
         1.53672422e-10, 4.37329209e-13, 5.00000000e-01, 9.99997854e-01,
         5.21258329e-13],
        [2.49438708e-12, 4.45910019e-13, 5.00002027e-01, 2.33125796e-10,
         2.23439860e-11, 1.25823408e-12, 5.00000000e-01, 9.99999285e-01,
         7.97940013e-12],
        [2.21860464e-12, 5.96127358e-12, 5.00002027e-01, 2.16969498e-10,
         1.21267805e-11, 3.29262713e-13, 5.00000000e-01, 9.99999762e-01,
         2.93264219e-12],
        [1.06139871e-11, 3.67519543e-10, 5.00002027e-01, 6.48704788e-12,
         4.10873895e-08, 1.69642978e-12, 5.00000000e-01, 1.00000000e+00,
         4.78292861e-13],
        [7.75006309e-11, 1.34856737e-10, 5.00002027e-01, 2.12556587e-11,
         3.92123667e-08, 2.07316412e-12, 5.00000000e-01, 1.00000000e+00,
         3.36618103e-13],
        [2.61065215e-12, 2.28383458e-11, 5.00002027e-01, 1.79463763e-10,
         7.79309839e-10, 5.25550270e-10, 5.00000000e-01, 1.00000000e+00,
         3.90223930e-11],
        [3.70252277e-13, 1.24837467e-11, 5.00002027e-01, 2.15043844e-10,
         2.13421778e-08, 5.61916995e-13, 5.00000000e-01, 1.00000000e+00,
         1.70390254e-12],
        [2.19478233e-12, 2.63218943e-11, 5.00002027e-01, 3.58025692e-10,
         1.39823664e-09, 3.12829380e-11, 5.00000000e-01, 1.00000000e+00,
         3.24893099e-11],
        [3.65314237e-11, 1.26809414e-11, 5.00002027e-01, 9.14192055e-11,
         1.59555551e-08, 1.35139070e-11, 5.00000000e-01, 1.00000000e+00,
         2.25283399e-12],
        [1.16126296e-10, 6.36335984e-10, 5.00002027e-01, 3.55471173e-11,
         6.71365497e-09, 5.01412557e-11, 5.00000000e-01, 1.00000000e+00,
         5.28637767e-12],
        [5.38144182e-12, 1.32216599e-10, 5.00002027e-01, 3.36276257e-10,
         2.89529556e-08, 1.35612496e-13, 5.00000000e-01, 1.00000000e+00,
         6.69459808e-14],
        [3.11971352e-11, 4.05598229e-11, 5.00002027e-01, 7.74810702e-11,
         1.67382154e-07, 2.32662468e-13, 5.00000000e-01, 1.00000000e+00,
         9.58081271e-14],
        [6.64364744e-12, 6.29867773e-12, 5.00002027e-01, 1.27097933e-11,
         4.59558525e-09, 7.65693065e-13, 5.00000000e-01, 1.00000000e+00,
         1.60920409e-11],
        [6.95130639e-13, 1.21367829e-11, 5.00002027e-01, 1.65969773e-11,
         1.85380822e-09, 5.54586654e-11, 5.00000000e-01, 9.99999523e-01,
         2.67986913e-12],
        [1.90266379e-12, 4.32727205e-12, 5.00002027e-01, 1.58080704e-09,
         7.98848931e-10, 1.84733197e-12, 5.00000000e-01, 1.00000000e+00,
         2.90823762e-13],
        [4.74762027e-12, 1.19919588e-10, 5.00002027e-01, 1.47883761e-10,
         2.95528473e-08, 3.17987451e-14, 5.00000000e-01, 1.00000000e+00,
         3.32001645e-14],
        [4.71745594e-11, 5.56695905e-11, 5.00001907e-01, 1.30486455e-10,
         1.36147760e-08, 1.19969291e-12, 5.00000000e-01, 9.99999821e-01,
         3.29214547e-13],
        [3.28464547e-11, 1.46003164e-12, 5.00002027e-01, 1.41451573e-11,
         7.19320645e-11, 1.89530379e-12, 5.00000000e-01, 1.00000000e+00,
         1.90095115e-14]]], dtype=float32), array([[[2.2530784e-01, 4.9575704e-01, 1.9532063e-06, 1.0233821e-11,
         2.1484868e-10, 1.0196966e-06, 1.4169053e-11, 3.3211494e-05,
         2.4103613e-07],
        [7.8030908e-01, 1.8135351e-03, 7.2877765e-01, 3.3656634e-16,
         4.4563336e-11, 3.4517757e-07, 1.1914819e-08, 7.3245186e-01,
         8.5292570e-02],
        [9.0601516e-01, 2.8579659e-11, 8.7958294e-01, 9.8682796e-20,
         4.8080610e-20, 7.0445189e-08, 2.9653661e-11, 7.3244780e-01,
         3.1008554e-01],
        [9.6179289e-01, 6.3246966e-13, 9.5205110e-01, 8.5038548e-17,
         3.6087843e-18, 5.7472168e-14, 2.4583433e-10, 7.3245233e-01,
         4.9772921e-01],
        [9.8494339e-01, 2.0589718e-13, 9.8180926e-01, 3.4578542e-16,
         2.7325986e-20, 4.0927246e-17, 1.6254142e-10, 7.3245233e-01,
         4.9999705e-01],
        [9.9228346e-01, 1.1225678e-11, 9.9323010e-01, 4.3570369e-16,
         1.1517072e-23, 1.4869342e-17, 1.3106793e-13, 7.3245233e-01,
         4.9999768e-01],
        [9.9714434e-01, 1.2978105e-09, 9.9749881e-01, 1.3224445e-16,
         2.1071754e-23, 4.3277436e-19, 1.3424612e-15, 7.3245233e-01,
         4.9993005e-01],
        [9.9894595e-01, 3.0275182e-10, 9.9907839e-01, 4.3035169e-16,
         2.1240514e-24, 7.3417847e-19, 3.3507356e-14, 7.3245215e-01,
         4.9999934e-01],
        [9.9961197e-01, 2.8712159e-11, 9.9966073e-01, 1.3302355e-17,
         5.5363072e-25, 3.4926088e-19, 3.6206066e-17, 7.3245192e-01,
         4.9995792e-01],
        [9.9985695e-01, 2.0149170e-10, 9.9987489e-01, 7.2218575e-19,
         1.3891337e-23, 2.4927114e-19, 8.7205167e-15, 7.3245233e-01,
         4.9996632e-01],
        [9.9994546e-01, 6.3620424e-12, 9.9995399e-01, 4.4606263e-19,
         8.6080707e-24, 7.7582526e-19, 7.9908003e-16, 7.3245233e-01,
         4.9999937e-01],
        [9.9997967e-01, 1.9887916e-11, 9.9998307e-01, 1.5205565e-17,
         1.1330477e-22, 4.7631467e-20, 5.7588298e-16, 7.3245233e-01,
         4.9999762e-01],
        [9.9999255e-01, 6.3951233e-10, 9.9999368e-01, 1.3046849e-18,
         4.4461242e-24, 4.5956237e-19, 1.4540453e-16, 7.3245233e-01,
         4.9999887e-01],
        [9.9999726e-01, 9.2068536e-10, 9.9999762e-01, 3.3814738e-19,
         2.0705158e-23, 1.9827481e-16, 2.1120603e-15, 7.3245233e-01,
         4.9992949e-01],
        [9.9999905e-01, 8.6763416e-11, 9.9999917e-01, 8.2424075e-17,
         3.3829284e-21, 1.3154976e-19, 9.1069235e-14, 7.3245233e-01,
         4.9999863e-01],
        [9.9999964e-01, 2.0669679e-09, 9.9999976e-01, 7.5131611e-17,
         6.7853549e-23, 1.0398552e-19, 1.5164361e-12, 7.3245215e-01,
         5.0000000e-01],
        [1.0000000e+00, 2.7108757e-09, 1.0000000e+00, 2.5842755e-17,
         3.1183887e-21, 2.9662058e-17, 9.2000355e-13, 7.3242515e-01,
         4.9999934e-01],
        [1.0000000e+00, 1.2251446e-10, 1.0000000e+00, 3.8789203e-19,
         7.1597691e-23, 1.4193896e-18, 5.3200390e-15, 7.3245233e-01,
         4.9999630e-01],
        [1.0000000e+00, 6.6466710e-10, 1.0000000e+00, 3.9696815e-18,
         6.0121546e-22, 4.0447302e-19, 8.9485000e-13, 7.3245227e-01,
         4.9999982e-01],
        [1.0000000e+00, 3.4545539e-10, 9.9999940e-01, 2.9926917e-18,
         1.7743515e-23, 8.9869942e-21, 5.6217582e-16, 7.3245233e-01,
         4.9999970e-01],
        [1.0000000e+00, 3.6635516e-08, 1.0000000e+00, 6.2363297e-18,
         9.2080548e-25, 5.1530779e-16, 3.9478660e-15, 7.3235041e-01,
         4.9999991e-01],
        [1.0000000e+00, 7.5295638e-11, 1.0000000e+00, 5.9251252e-19,
         2.9724289e-25, 2.6278107e-18, 7.8362443e-16, 7.3245233e-01,
         4.9998987e-01],
        [1.0000000e+00, 3.9905551e-11, 1.0000000e+00, 1.0532747e-17,
         7.8344263e-23, 1.4151322e-19, 6.3761489e-15, 7.3245233e-01,
         5.0000000e-01],
        [1.0000000e+00, 6.1511000e-12, 9.9999928e-01, 1.0345396e-16,
         3.9717159e-24, 8.0968967e-19, 2.0503000e-14, 7.3245233e-01,
         4.9999315e-01],
        [1.0000000e+00, 1.4905480e-10, 1.0000000e+00, 2.4481594e-19,
         3.5218458e-24, 3.1813929e-20, 4.1211173e-16, 7.3245233e-01,
         4.9999046e-01],
        [1.0000000e+00, 1.1597290e-10, 1.0000000e+00, 3.1894683e-21,
         4.9961093e-24, 2.2298362e-19, 9.4375066e-16, 7.3245233e-01,
         5.0000000e-01],
        [1.0000000e+00, 1.8312011e-09, 9.9999964e-01, 2.3242457e-19,
         1.6158790e-24, 6.0299980e-20, 3.6551609e-17, 7.3245233e-01,
         4.9999121e-01],
        [1.0000000e+00, 5.4088506e-10, 1.0000000e+00, 4.6171382e-17,
         6.0223699e-23, 7.0156796e-19, 4.0947402e-14, 7.3245144e-01,
         4.9999988e-01],
        [1.0000000e+00, 1.1343570e-08, 9.9999988e-01, 8.0333935e-19,
         8.5859660e-24, 7.5445999e-17, 5.6557254e-15, 7.3235959e-01,
         4.9999824e-01],
        [1.0000000e+00, 4.0066016e-11, 9.9999928e-01, 6.1092432e-20,
         6.6516846e-24, 1.8077416e-18, 1.2256586e-15, 7.3244661e-01,
         4.9999917e-01],
        [1.0000000e+00, 1.0411514e-11, 9.9999809e-01, 7.6035223e-17,
         4.7868288e-23, 2.5514624e-19, 1.8269759e-14, 7.3245233e-01,
         4.9999765e-01],
        [1.0000000e+00, 7.7163931e-10, 1.0000000e+00, 5.7302267e-18,
         9.5394247e-25, 1.5172753e-18, 1.9683104e-16, 7.3245233e-01,
         5.0000000e-01]]], dtype=float32), array([[[5.00000000e-01, 1.76892286e-06, 7.08644331e-01, 2.41766563e-17,
         4.05578654e-14, 3.52491533e-15, 3.74565762e-15, 5.00000000e-01,
         5.00019073e-01],
        [5.00000000e-01, 9.99616175e-14, 5.00000298e-01, 4.40411104e-23,
         3.33496553e-19, 5.89632539e-19, 1.20900110e-16, 5.00000000e-01,
         5.00000000e-01],
        [5.00000000e-01, 5.86875417e-15, 5.00000000e-01, 6.90110414e-22,
         4.87553223e-16, 8.29170435e-23, 3.15877478e-13, 5.00000000e-01,
         5.00000000e-01],
        [5.00000000e-01, 1.84811679e-14, 5.00000000e-01, 9.08694004e-25,
         2.03870507e-16, 2.22541803e-25, 2.84193767e-14, 5.00000000e-01,
         5.00000000e-01],
        [5.00000000e-01, 1.08662948e-11, 5.00000000e-01, 1.79211864e-18,
         3.17796407e-15, 8.63476300e-25, 3.18681951e-12, 5.00000000e-01,
         5.00000000e-01],
        [5.00000000e-01, 1.02586264e-11, 5.00000000e-01, 1.01717521e-19,
         6.07253802e-16, 1.00646552e-24, 8.03005232e-12, 5.00000000e-01,
         5.00000000e-01],
        [5.00000000e-01, 1.86018396e-13, 5.00000000e-01, 3.76681352e-19,
         3.40541359e-15, 2.38877297e-26, 6.23771651e-12, 5.00000000e-01,
         5.00000000e-01],
        [5.00000000e-01, 7.84120685e-12, 5.00000000e-01, 5.29276321e-21,
         1.08181865e-17, 1.30313166e-26, 3.38325353e-12, 5.00000000e-01,
         5.00000000e-01],
        [5.00000000e-01, 2.91404789e-10, 5.00000000e-01, 6.18822137e-21,
         2.28304413e-18, 4.60565285e-26, 1.31041432e-13, 5.00000000e-01,
         5.00000000e-01],
        [5.00000000e-01, 5.38919664e-09, 5.00000000e-01, 6.70491834e-22,
         3.78728793e-14, 1.19573263e-26, 2.04691819e-12, 5.00000000e-01,
         5.00000000e-01],
        [5.00000000e-01, 1.27883551e-10, 5.00000000e-01, 1.82221846e-22,
         2.02496858e-17, 3.75637228e-26, 1.02557055e-13, 5.00000000e-01,
         5.00000000e-01],
        [5.00000000e-01, 5.86056941e-12, 5.00000000e-01, 6.51046123e-22,
         1.72019653e-17, 6.11328695e-25, 2.12349496e-12, 5.00000000e-01,
         5.00000000e-01],
        [5.00000000e-01, 2.03475084e-10, 5.00000000e-01, 7.74052093e-23,
         9.50143079e-18, 2.91484574e-21, 5.12351229e-13, 5.00000000e-01,
         5.00000000e-01],
        [5.00000000e-01, 3.26926264e-10, 5.00000000e-01, 1.06762491e-22,
         2.18609410e-17, 1.92938306e-25, 2.62796946e-12, 5.00000000e-01,
         5.00000000e-01],
        [5.00000000e-01, 6.96969175e-13, 5.00000000e-01, 1.14848592e-20,
         5.97721455e-18, 7.21351846e-24, 3.80338643e-12, 5.00000000e-01,
         5.00000000e-01],
        [5.00000000e-01, 2.33620436e-12, 5.00000000e-01, 3.90900303e-19,
         5.61571718e-18, 5.08877505e-25, 5.37743244e-12, 5.00000000e-01,
         5.00000000e-01],
        [5.00000000e-01, 2.02641441e-12, 5.00000179e-01, 2.57714965e-18,
         4.06772771e-21, 3.58130236e-28, 2.44449144e-12, 5.00000000e-01,
         5.00000000e-01],
        [5.00000000e-01, 2.84643641e-12, 5.00000000e-01, 8.31593690e-23,
         2.49109452e-16, 3.50229282e-26, 2.90715108e-11, 5.00000000e-01,
         5.00000000e-01],
        [5.00000000e-01, 1.19263679e-11, 5.00000000e-01, 9.17329922e-20,
         2.54214523e-17, 8.95188320e-28, 7.90981516e-11, 5.00000000e-01,
         5.00000000e-01],
        [5.00000000e-01, 4.47194452e-12, 5.00000000e-01, 4.16518009e-20,
         6.96892652e-16, 1.54247286e-27, 2.61585220e-12, 5.00000000e-01,
         5.00000000e-01],
        [5.00000000e-01, 1.15818605e-10, 5.00000000e-01, 3.36428210e-19,
         5.55867436e-16, 1.16776150e-28, 4.92767762e-12, 5.00000000e-01,
         5.00000000e-01],
        [5.00000000e-01, 1.85577081e-10, 5.00000000e-01, 8.38236841e-17,
         7.70895780e-19, 3.35692388e-29, 5.68353898e-15, 5.00000000e-01,
         5.00000000e-01],
        [5.00000000e-01, 8.42783482e-12, 5.00000000e-01, 4.51523711e-20,
         1.62628878e-19, 1.16614426e-29, 7.71670461e-14, 5.00000000e-01,
         5.00000000e-01],
        [5.00000000e-01, 4.55732847e-12, 5.00000000e-01, 8.59657080e-20,
         1.06312842e-17, 9.23931572e-28, 4.69925910e-13, 5.00000000e-01,
         5.00000000e-01],
        [5.00000000e-01, 5.76543246e-16, 5.00000000e-01, 4.21730518e-22,
         4.80962926e-18, 2.60705671e-24, 3.15062269e-16, 5.00000000e-01,
         5.00000000e-01],
        [5.00000000e-01, 1.49324129e-12, 5.00000000e-01, 3.27238648e-21,
         1.46689265e-17, 8.40988048e-27, 2.95521664e-13, 5.00000000e-01,
         5.00000000e-01],
        [5.00000000e-01, 1.79961043e-15, 5.00000000e-01, 2.35541174e-21,
         1.72159870e-18, 5.62964484e-26, 4.07464326e-16, 5.00000000e-01,
         5.00000000e-01],
        [5.00000000e-01, 1.29976155e-14, 5.00000000e-01, 1.31764883e-19,
         4.92490309e-19, 1.50149843e-26, 7.47163019e-14, 5.00000000e-01,
         5.00000000e-01],
        [5.00000000e-01, 3.67405411e-16, 5.00000000e-01, 8.10734440e-22,
         4.45721517e-18, 1.56527926e-25, 7.07468914e-13, 5.00000000e-01,
         5.00000000e-01],
        [5.00000000e-01, 1.17035059e-14, 5.00000000e-01, 1.06621582e-22,
         1.64449147e-17, 1.33990139e-23, 9.80296053e-12, 5.00000000e-01,
         5.00000000e-01],
        [5.00000000e-01, 2.78637671e-15, 5.00000000e-01, 1.30781344e-21,
         1.68920194e-19, 2.87825427e-24, 7.05655673e-11, 5.00000000e-01,
         5.00000000e-01],
        [5.00000000e-01, 5.75058397e-16, 5.00000000e-01, 7.75851844e-22,
         5.10372013e-21, 5.99590186e-26, 2.75934093e-12, 5.00000000e-01,
         5.00000000e-01]]], dtype=float32), array([[[4.59826559e-01, 2.03309300e-10, 7.31055021e-01, 3.17432318e-06,
         6.19588309e-06, 4.87045682e-11, 1.02168551e-05, 4.94914293e-01,
         7.30981708e-01],
        [4.04107539e-07, 1.04448443e-17, 8.80795240e-01, 1.68350538e-19,
         5.88577846e-03, 8.03475496e-16, 8.57580340e-20, 7.51097500e-03,
         2.64882386e-15],
        [1.73040942e-08, 8.13305110e-20, 9.52573299e-01, 1.83387267e-20,
         7.17533410e-08, 1.83373369e-12, 1.50590596e-17, 4.99589741e-01,
         1.11518253e-16],
        [4.27208453e-14, 8.06732530e-22, 9.82013464e-01, 2.82075956e-20,
         1.68506650e-11, 1.54380416e-15, 6.36308161e-21, 4.99999404e-01,
         6.89775788e-17],
        [9.50108132e-15, 1.15578760e-21, 9.93307054e-01, 9.50713390e-24,
         1.89341819e-07, 1.27032665e-14, 4.61058634e-19, 4.99999702e-01,
         3.50812453e-22],
        [1.68659573e-16, 9.49231989e-25, 9.97527361e-01, 2.39823872e-24,
         3.00638514e-09, 5.71497449e-15, 2.12580441e-20, 4.99944508e-01,
         1.15818210e-18],
        [1.02617593e-14, 4.55796447e-23, 9.99088883e-01, 3.51304012e-26,
         1.62721996e-08, 3.05431339e-14, 2.78335151e-18, 4.99999553e-01,
         2.73069200e-19],
        [4.64675864e-18, 1.45393632e-24, 9.99664664e-01, 7.31030236e-27,
         6.86816446e-12, 1.95383432e-11, 1.25083771e-17, 4.99995887e-01,
         4.15129483e-19],
        [2.50499353e-16, 4.02828894e-26, 9.99876618e-01, 6.21052195e-26,
         1.16944579e-11, 2.24411418e-12, 3.56661953e-19, 5.00000000e-01,
         5.07873800e-22],
        [7.21603415e-19, 2.93635465e-28, 9.99954700e-01, 1.82317311e-27,
         8.00072786e-11, 1.10997552e-14, 7.65390211e-23, 4.99997258e-01,
         1.14532534e-18],
        [6.30895347e-13, 7.35958631e-24, 9.99983311e-01, 1.96418406e-32,
         8.75278528e-13, 5.68154496e-16, 5.21965752e-19, 5.00000000e-01,
         5.24165250e-21],
        [1.61121294e-15, 6.83941326e-27, 9.99993920e-01, 2.45412180e-29,
         3.44575164e-06, 5.52452160e-17, 4.16571672e-18, 5.00000000e-01,
         1.07361465e-19],
        [7.19719220e-14, 1.65179924e-26, 9.99997735e-01, 1.31829173e-27,
         2.22890845e-10, 3.38762899e-14, 4.69977295e-23, 4.99437034e-01,
         1.36636261e-16],
        [1.07856730e-13, 1.14378344e-22, 9.99999166e-01, 5.43514610e-27,
         1.66029031e-11, 1.79992729e-12, 6.77713519e-21, 4.99999493e-01,
         2.21422792e-20],
        [5.99040349e-13, 8.93710065e-24, 9.99999762e-01, 8.70963477e-25,
         1.54510649e-12, 7.47844808e-09, 1.12830124e-18, 4.99997735e-01,
         2.21942071e-18],
        [2.63585303e-14, 7.18500773e-22, 1.00000000e+00, 3.95207604e-27,
         6.42716891e-13, 2.31809724e-10, 3.00167527e-20, 4.99976933e-01,
         1.51404638e-16],
        [9.49020512e-18, 3.36441978e-25, 1.00000000e+00, 1.61045683e-25,
         5.24601766e-08, 5.30428826e-12, 3.96844592e-15, 5.00000000e-01,
         4.30387566e-22],
        [8.79259692e-16, 1.19496864e-22, 1.00000000e+00, 2.62953715e-28,
         4.91279302e-08, 7.42483332e-15, 7.07791742e-16, 5.00000000e-01,
         2.96291127e-21],
        [7.45392220e-18, 4.49808135e-22, 1.00000000e+00, 1.38575616e-24,
         4.71848428e-11, 4.50709077e-13, 1.32401930e-16, 5.00000000e-01,
         1.58639428e-18],
        [1.39751585e-15, 1.74412768e-24, 1.00000000e+00, 1.61546975e-27,
         5.48469848e-17, 2.67202944e-11, 3.37751782e-18, 5.00000000e-01,
         7.50549276e-23],
        [6.16548499e-18, 3.89019466e-23, 1.00000000e+00, 9.67017514e-28,
         7.37617649e-13, 7.10378454e-15, 7.70769828e-15, 5.00000000e-01,
         7.65134241e-22],
        [1.35202340e-18, 1.11946817e-23, 1.00000000e+00, 2.06801422e-28,
         5.98446043e-13, 1.29814426e-13, 6.74370416e-16, 5.00000000e-01,
         8.63520660e-21],
        [4.14078144e-17, 5.97006087e-25, 1.00000000e+00, 1.28391426e-25,
         3.85162302e-08, 3.06946688e-13, 8.44198696e-18, 4.99999702e-01,
         1.88765352e-22],
        [2.32961301e-14, 2.51378564e-25, 1.00000000e+00, 2.26653196e-23,
         5.35953681e-09, 3.98854703e-14, 2.01032517e-18, 4.99922812e-01,
         4.96514170e-18],
        [1.62502808e-16, 1.85626741e-24, 1.00000000e+00, 1.59298735e-26,
         1.51990580e-08, 1.08338284e-14, 1.80260258e-16, 4.99995530e-01,
         1.52848881e-21],
        [2.01273348e-19, 3.83805640e-24, 1.00000000e+00, 3.51156425e-27,
         5.67862912e-07, 2.51828804e-13, 5.35655721e-13, 5.00000000e-01,
         3.92589882e-24],
        [1.60861145e-14, 1.90800967e-23, 1.00000000e+00, 7.13900199e-26,
         7.70807192e-13, 6.00525607e-15, 3.11482999e-17, 4.99999762e-01,
         6.65537630e-20],
        [1.46066210e-13, 5.04409487e-21, 1.00000000e+00, 3.01951129e-27,
         7.24196311e-13, 4.20588564e-12, 1.91958025e-21, 4.99952883e-01,
         4.92524223e-19],
        [8.64614423e-18, 7.48841991e-25, 1.00000000e+00, 3.49262249e-26,
         6.56794549e-11, 3.50523999e-13, 4.19416919e-15, 5.00000000e-01,
         2.21118292e-22],
        [1.61811798e-17, 6.30340766e-24, 1.00000000e+00, 1.93836128e-26,
         3.26362830e-08, 6.96635607e-14, 2.18005952e-16, 4.99999821e-01,
         9.18520529e-24],
        [1.71702684e-16, 1.69371677e-20, 1.00000000e+00, 1.19574944e-25,
         4.82783591e-08, 4.84198836e-13, 7.75003277e-16, 4.99999762e-01,
         2.43332222e-20],
        [2.55475407e-16, 9.37125242e-25, 1.00000000e+00, 1.55209690e-25,
         8.82295799e-12, 1.63218161e-10, 3.88934037e-17, 4.98700142e-01,
         9.31816892e-19]]], dtype=float32), array([[[7.31058002e-01, 1.65284355e-15, 2.35050130e-08, 6.01664186e-04,
         1.65096665e-08, 1.04923975e-05, 4.99994159e-01, 1.72651251e-14,
         4.29058701e-07],
        [7.31058598e-01, 1.18202139e-12, 7.31237054e-01, 1.49368040e-16,
         1.00307094e-04, 2.37173430e-04, 5.00000000e-01, 9.20483470e-03,
         1.57031640e-01],
        [7.31058598e-01, 7.91205073e-14, 7.31239080e-01, 4.11946692e-16,
         5.00002682e-01, 1.02810638e-07, 5.00000000e-01, 4.60302846e-12,
         5.11831284e-01],
        [7.31058598e-01, 1.65442806e-08, 7.19564617e-01, 2.95390628e-15,
         5.00001967e-01, 6.79022394e-09, 5.00000000e-01, 1.70978545e-15,
         5.11842251e-01],
        [7.31058598e-01, 1.84171944e-09, 7.10531235e-01, 1.59623857e-15,
         5.00024498e-01, 1.06178497e-07, 5.00000000e-01, 4.83878692e-12,
         5.11848330e-01],
        [7.31058598e-01, 6.55334675e-11, 7.31164157e-01, 6.02810891e-18,
         5.00006497e-01, 1.47448709e-12, 5.00000000e-01, 1.23128634e-12,
         5.11848986e-01],
        [7.31058598e-01, 1.79856401e-14, 7.31163800e-01, 1.62551869e-15,
         5.00019968e-01, 3.45530218e-14, 5.00000000e-01, 5.93855604e-15,
         5.11848986e-01],
        [7.31056452e-01, 2.98188767e-14, 7.31098831e-01, 1.59957196e-16,
         5.00000000e-01, 1.68999370e-14, 5.00000000e-01, 4.55772572e-14,
         5.11848986e-01],
        [7.31058598e-01, 2.21145359e-11, 7.31162012e-01, 1.41138178e-14,
         4.99999583e-01, 1.47346666e-11, 5.00000000e-01, 3.55287468e-13,
         5.11848986e-01],
        [7.31058598e-01, 6.46124751e-11, 7.31162012e-01, 1.87474610e-16,
         5.00000715e-01, 3.38720649e-11, 5.00000000e-01, 6.82542022e-13,
         5.11848986e-01],
        [7.31058598e-01, 1.40901221e-10, 7.31098592e-01, 4.20533382e-16,
         5.00239372e-01, 1.45896609e-12, 5.00000000e-01, 2.72663050e-13,
         5.11848986e-01],
        [7.31058598e-01, 1.73073036e-13, 7.30371654e-01, 6.69329247e-16,
         5.00000298e-01, 1.55381943e-14, 5.00000000e-01, 1.77981341e-14,
         5.11848986e-01],
        [7.31058598e-01, 9.55388754e-11, 7.31162012e-01, 1.64897512e-17,
         5.00006914e-01, 2.12850842e-13, 5.00000000e-01, 1.08157027e-14,
         5.11848986e-01],
        [7.31058598e-01, 2.24918262e-09, 7.31161296e-01, 3.23531745e-17,
         5.01375258e-01, 3.97393097e-14, 5.00000000e-01, 1.85090447e-17,
         5.11848986e-01],
        [7.31058598e-01, 4.72419215e-09, 7.29867637e-01, 2.91232072e-13,
         5.00000119e-01, 1.66693458e-14, 5.00000000e-01, 1.51353181e-16,
         5.11848986e-01],
        [7.31058598e-01, 3.55863360e-11, 7.29844749e-01, 2.49946003e-16,
         5.00000000e-01, 1.25796422e-12, 5.00000298e-01, 2.23021796e-12,
         5.11848986e-01],
        [7.31058598e-01, 1.07870162e-11, 7.29829907e-01, 3.30185111e-15,
         4.99998838e-01, 1.34299211e-10, 5.00000179e-01, 8.10672102e-12,
         5.11848807e-01],
        [7.31058598e-01, 7.46503499e-13, 7.29818881e-01, 9.04180581e-19,
         5.00000179e-01, 1.93610725e-14, 5.00000000e-01, 1.20214602e-13,
         5.11844337e-01],
        [7.31058598e-01, 7.63571742e-15, 7.27501094e-01, 1.47399242e-18,
         5.00001550e-01, 2.39162446e-14, 5.00000000e-01, 9.35543282e-14,
         5.11848509e-01],
        [7.31058598e-01, 3.30009042e-09, 7.29816258e-01, 1.00270966e-17,
         5.00000954e-01, 3.08850992e-12, 5.00000000e-01, 4.56617251e-15,
         5.11848986e-01],
        [7.31058598e-01, 1.19852989e-10, 7.26227582e-01, 2.46907672e-17,
         5.00000179e-01, 8.01332091e-13, 5.00000000e-01, 1.00691601e-14,
         5.11848986e-01],
        [7.31058598e-01, 1.61608088e-10, 7.29720592e-01, 2.15600114e-16,
         5.00000000e-01, 3.74132947e-11, 5.00000000e-01, 1.11661846e-14,
         5.11848986e-01],
        [7.31058598e-01, 1.12356613e-09, 6.58088982e-01, 1.57584090e-18,
         5.00000298e-01, 1.23793337e-12, 5.00000000e-01, 2.90585770e-16,
         5.11848986e-01],
        [7.31058478e-01, 2.41424675e-12, 7.29634345e-01, 3.84134422e-14,
         5.00005007e-01, 1.24578071e-12, 5.00000000e-01, 3.22067053e-13,
         5.11848986e-01],
        [7.31058419e-01, 5.51962379e-14, 7.27929413e-01, 2.31869035e-14,
         5.00000119e-01, 6.88103207e-14, 5.00000000e-01, 1.77096852e-14,
         5.11848867e-01],
        [7.31058598e-01, 2.18332123e-12, 7.29800403e-01, 6.63102813e-16,
         5.00000000e-01, 1.98793339e-15, 5.00000000e-01, 1.76426174e-15,
         5.11848986e-01],
        [7.31057942e-01, 2.41915337e-14, 7.25845337e-01, 2.12702218e-19,
         5.00026882e-01, 1.20608641e-17, 5.00000000e-01, 3.12740759e-14,
         5.11848986e-01],
        [7.31058598e-01, 1.91133771e-13, 7.29802966e-01, 6.62831869e-17,
         5.00000000e-01, 1.07391374e-12, 5.00000000e-01, 7.63297303e-14,
         5.11848986e-01],
        [7.31057882e-01, 3.78201741e-11, 7.24008620e-01, 1.48865702e-13,
         5.00000775e-01, 6.50824457e-15, 5.00000000e-01, 2.48703072e-11,
         5.11820495e-01],
        [7.31058598e-01, 5.55145444e-11, 7.29801476e-01, 3.70125344e-13,
         5.00000000e-01, 5.63053937e-14, 5.00000000e-01, 8.75550521e-10,
         5.11848986e-01],
        [7.31058478e-01, 4.70320692e-11, 7.29775488e-01, 3.92948694e-13,
         5.00000000e-01, 1.24329366e-11, 5.00000000e-01, 3.43210866e-13,
         5.11848509e-01],
        [7.31058598e-01, 9.70772182e-13, 7.29690254e-01, 1.73003633e-14,
         5.00242531e-01, 5.05914199e-11, 5.00000000e-01, 1.22228009e-12,
         5.11848986e-01]]], dtype=float32), array([[[7.3105860e-01, 2.2597709e-14, 1.2566797e-04, 4.5561851e-15,
         7.3105860e-01, 3.8673346e-16, 7.3105454e-01, 4.9999881e-01,
         5.0000000e-01],
        [7.3105860e-01, 3.7891843e-14, 2.7755809e-13, 6.7843349e-11,
         8.8079596e-01, 7.5572425e-22, 8.8074565e-01, 5.0000000e-01,
         5.0000000e-01],
        [7.3105860e-01, 1.6377978e-13, 4.7525898e-18, 1.9791674e-16,
         9.5257360e-01, 1.7810225e-26, 9.5255196e-01, 5.0000000e-01,
         5.0000000e-01],
        [7.3105860e-01, 1.9953881e-11, 3.7127346e-22, 9.4272017e-19,
         9.8201358e-01, 6.8668146e-27, 9.8200512e-01, 5.0000000e-01,
         5.0000000e-01],
        [7.3105860e-01, 1.9862832e-13, 1.8933448e-22, 8.9298883e-19,
         9.9330699e-01, 2.5196968e-28, 9.9330384e-01, 5.0000000e-01,
         5.0000000e-01],
        [7.3105860e-01, 2.1366834e-12, 8.0071237e-21, 6.2704208e-17,
         9.9752736e-01, 2.3860486e-28, 9.9752623e-01, 5.0000000e-01,
         5.0000000e-01],
        [7.3105860e-01, 6.0629331e-14, 7.1238061e-20, 7.1144233e-19,
         9.9908888e-01, 3.0010634e-31, 9.9908853e-01, 5.0000000e-01,
         5.0000000e-01],
        [7.3105860e-01, 3.0286757e-13, 2.2625387e-22, 4.3011306e-19,
         9.9966466e-01, 8.1556983e-31, 9.9966443e-01, 5.0000000e-01,
         5.0000000e-01],
        [7.3105860e-01, 4.4514831e-14, 3.9920686e-21, 1.1219485e-19,
         9.9987650e-01, 1.2670525e-31, 9.9987650e-01, 5.0000000e-01,
         5.0000000e-01],
        [7.3105860e-01, 2.6876621e-14, 2.6162641e-22, 1.3586288e-21,
         9.9995458e-01, 8.6943324e-31, 9.9995458e-01, 5.0000000e-01,
         5.0000000e-01],
        [7.3105860e-01, 5.3973003e-15, 1.9497330e-20, 1.6689304e-22,
         9.9998331e-01, 1.8571671e-31, 9.9998331e-01, 5.0000000e-01,
         5.0000000e-01],
        [7.3105860e-01, 1.4601634e-17, 8.7133267e-21, 4.3493329e-23,
         9.9999386e-01, 1.4041595e-28, 9.9999386e-01, 5.0000000e-01,
         5.0000000e-01],
        [7.3105860e-01, 2.1659106e-18, 8.8326946e-22, 1.6305939e-21,
         9.9999774e-01, 4.0388210e-30, 9.9999779e-01, 5.0000000e-01,
         5.0000000e-01],
        [7.3105860e-01, 1.6214098e-15, 3.5656990e-21, 4.2376269e-21,
         9.9999928e-01, 5.7716908e-30, 9.9999917e-01, 5.0000000e-01,
         5.0000000e-01],
        [7.3105860e-01, 1.7404285e-12, 4.6164522e-21, 7.9302364e-19,
         9.9999964e-01, 9.4238232e-29, 9.9999976e-01, 5.0000000e-01,
         5.0000000e-01],
        [7.3105860e-01, 1.4457278e-12, 6.4630287e-21, 6.1093889e-18,
         1.0000000e+00, 7.6786528e-28, 1.0000000e+00, 5.0000000e-01,
         5.0000000e-01],
        [7.3105860e-01, 3.6796212e-16, 6.4918645e-21, 2.1379950e-20,
         1.0000000e+00, 1.3788614e-30, 1.0000000e+00, 5.0000000e-01,
         5.0000000e-01],
        [7.3105860e-01, 6.8480794e-17, 5.3023702e-20, 3.4168453e-20,
         1.0000000e+00, 1.3721617e-29, 1.0000000e+00, 5.0000000e-01,
         5.0000000e-01],
        [7.3105860e-01, 4.3557657e-15, 5.6207458e-22, 7.6616591e-19,
         1.0000000e+00, 7.5193693e-31, 1.0000000e+00, 5.0000000e-01,
         5.0000000e-01],
        [7.3105860e-01, 8.2732391e-14, 3.1769786e-22, 9.4740677e-19,
         1.0000000e+00, 3.4196866e-31, 1.0000000e+00, 5.0000000e-01,
         5.0000000e-01],
        [7.3105860e-01, 6.1394195e-14, 2.0516461e-18, 3.8009690e-17,
         1.0000000e+00, 8.2704820e-32, 1.0000000e+00, 5.0000000e-01,
         5.0000000e-01],
        [7.3105860e-01, 2.2953764e-14, 1.4110145e-20, 6.2796959e-21,
         1.0000000e+00, 1.4299101e-32, 1.0000000e+00, 5.0000000e-01,
         5.0000000e-01],
        [7.3105860e-01, 1.0099026e-14, 2.6807920e-21, 2.7429669e-21,
         1.0000000e+00, 9.9349712e-33, 1.0000000e+00, 5.0000000e-01,
         5.0000000e-01],
        [7.3105860e-01, 1.5465204e-17, 6.7361615e-23, 2.2620698e-20,
         1.0000000e+00, 1.8385219e-32, 1.0000000e+00, 5.0000000e-01,
         5.0000000e-01],
        [7.3105860e-01, 2.0842188e-15, 2.9829440e-24, 3.4339724e-22,
         1.0000000e+00, 2.0526252e-31, 1.0000000e+00, 5.0000000e-01,
         5.0000000e-01],
        [7.3105860e-01, 2.2572515e-15, 1.8121025e-21, 3.3807275e-18,
         1.0000000e+00, 7.5726550e-30, 1.0000000e+00, 5.0000000e-01,
         5.0000000e-01],
        [7.3105860e-01, 2.0836207e-13, 6.8060673e-20, 7.4415723e-23,
         1.0000000e+00, 1.6385959e-29, 1.0000000e+00, 5.0000000e-01,
         5.0000000e-01],
        [7.3105860e-01, 2.6691309e-14, 2.7339223e-24, 8.2826403e-21,
         1.0000000e+00, 3.8985746e-30, 1.0000000e+00, 5.0000000e-01,
         5.0000000e-01],
        [7.3105860e-01, 4.8159678e-16, 4.2237062e-22, 4.1374754e-20,
         1.0000000e+00, 6.2534287e-30, 1.0000000e+00, 5.0000000e-01,
         5.0000000e-01],
        [7.3105860e-01, 1.4914834e-14, 4.5061865e-24, 2.4593024e-23,
         1.0000000e+00, 1.2495680e-29, 1.0000000e+00, 5.0000000e-01,
         5.0000000e-01],
        [7.3105860e-01, 1.0598203e-12, 1.2191913e-26, 9.5922935e-19,
         1.0000000e+00, 1.8876616e-28, 1.0000000e+00, 5.0000000e-01,
         5.0000000e-01],
        [7.3105860e-01, 1.1868880e-12, 5.9775171e-25, 1.3350585e-19,
         1.0000000e+00, 1.6039822e-28, 1.0000000e+00, 5.0000000e-01,
         5.0000000e-01]]], dtype=float32), array([[[7.31058598e-01, 1.18292146e-23, 2.23563057e-20, 1.19500335e-22,
         5.02455294e-01, 6.75674915e-01, 5.00000000e-01, 5.00000000e-01,
         1.33942440e-05],
        [7.31058598e-01, 1.86268440e-24, 4.02569494e-26, 2.30097322e-27,
         6.71187861e-09, 6.75674915e-01, 5.00000000e-01, 5.00000000e-01,
         2.69427330e-13],
        [7.31058598e-01, 6.55758689e-22, 5.74791111e-26, 1.26322679e-27,
         2.52625650e-05, 8.00865889e-01, 5.00000000e-01, 5.00000000e-01,
         2.23811617e-14],
        [7.31058598e-01, 1.02249025e-24, 4.15033003e-26, 1.53542763e-22,
         2.05654351e-06, 8.73049319e-01, 5.00000000e-01, 5.00000000e-01,
         5.45774851e-13],
        [7.31058598e-01, 3.14731170e-25, 2.11029616e-23, 4.01823207e-28,
         8.27069016e-06, 9.49176669e-01, 5.00000000e-01, 5.00000000e-01,
         1.20789535e-15],
        [7.31058598e-01, 1.82550756e-24, 8.03410089e-26, 4.02869950e-28,
         3.17868590e-03, 9.80682492e-01, 5.00000000e-01, 5.00000000e-01,
         8.87627067e-17],
        [7.31058598e-01, 9.74315300e-25, 2.42552313e-20, 7.14225242e-31,
         1.53140036e-07, 9.92805600e-01, 5.00000000e-01, 5.00000000e-01,
         1.03324934e-17],
        [7.31058598e-01, 1.69630259e-23, 9.42567234e-23, 9.31003563e-30,
         6.15377394e-06, 9.97341156e-01, 5.00000000e-01, 5.00000000e-01,
         3.61263076e-14],
        [7.31058598e-01, 1.91132273e-23, 6.31689614e-26, 8.28470043e-27,
         1.23871118e-08, 9.99006987e-01, 5.00000000e-01, 5.00000000e-01,
         6.29736157e-18],
        [7.31058598e-01, 2.46781672e-27, 1.56651099e-23, 1.07418037e-31,
         1.26418200e-07, 9.99633193e-01, 5.00000000e-01, 5.00000000e-01,
         3.24782078e-16],
        [7.31058598e-01, 1.29214243e-24, 1.38514059e-20, 2.79498927e-27,
         9.64521223e-06, 9.99864936e-01, 5.00000000e-01, 5.00000000e-01,
         6.07599709e-16],
        [7.31058598e-01, 9.94214098e-20, 1.80925091e-23, 3.71274673e-26,
         8.02784825e-08, 9.99900579e-01, 5.00000000e-01, 5.00000000e-01,
         1.25796632e-19],
        [7.31058598e-01, 8.62922954e-23, 5.54501808e-24, 1.28349858e-24,
         1.22862502e-06, 9.99956608e-01, 5.00000000e-01, 5.00000000e-01,
         4.31302595e-19],
        [7.31058598e-01, 4.65581112e-22, 1.93823124e-23, 5.71542693e-25,
         1.73344652e-05, 9.99957442e-01, 5.00000000e-01, 5.00000000e-01,
         9.73719642e-16],
        [7.31058598e-01, 1.32787247e-20, 5.89469508e-25, 5.43641955e-24,
         6.72221177e-07, 9.99962687e-01, 5.00000000e-01, 5.00000000e-01,
         4.17837761e-14],
        [7.31058598e-01, 6.46682019e-24, 6.10738039e-27, 2.59950519e-22,
         1.69316505e-09, 9.99970615e-01, 5.00000000e-01, 5.00000000e-01,
         2.60361305e-15],
        [7.31058598e-01, 1.90761397e-22, 2.01423183e-26, 6.27797618e-27,
         1.77852760e-10, 9.99989152e-01, 5.00000000e-01, 5.00000000e-01,
         3.86378504e-18],
        [7.31058598e-01, 2.85915625e-27, 2.46779554e-25, 5.65572374e-23,
         3.83136047e-08, 9.99990940e-01, 5.00000000e-01, 5.00000000e-01,
         2.21580891e-17],
        [7.31058598e-01, 7.55979840e-28, 4.40237633e-25, 2.43632455e-29,
         7.29609084e-09, 9.99996305e-01, 5.00000000e-01, 5.00000000e-01,
         2.27266987e-16],
        [7.31058598e-01, 1.46229753e-25, 1.06278743e-25, 8.13593120e-28,
         3.07147934e-06, 9.99998629e-01, 5.00000000e-01, 5.00000000e-01,
         2.73962616e-17],
        [7.31058598e-01, 2.51313949e-21, 7.47094714e-25, 1.71710564e-23,
         9.57548618e-05, 9.99999404e-01, 5.00000000e-01, 5.00000000e-01,
         4.75916367e-16],
        [7.31058598e-01, 1.26610487e-25, 1.42633245e-27, 8.08262087e-23,
         3.94118251e-05, 9.99999762e-01, 5.00000000e-01, 5.00000000e-01,
         1.15473328e-16],
        [7.31058598e-01, 5.67015485e-23, 9.63079357e-26, 5.52678194e-28,
         7.64135630e-12, 1.00000000e+00, 5.00000000e-01, 5.00000000e-01,
         3.30292027e-16],
        [7.31058598e-01, 3.25365838e-24, 1.53462460e-23, 1.62172197e-30,
         7.17754856e-10, 1.00000000e+00, 5.00000000e-01, 5.00000000e-01,
         6.51480419e-19],
        [7.31058598e-01, 2.16068516e-28, 3.39386943e-25, 7.66452572e-26,
         7.21001996e-08, 1.00000000e+00, 5.00000000e-01, 5.00000000e-01,
         5.89940131e-16],
        [7.31058598e-01, 4.62737642e-24, 7.38188031e-25, 3.32379126e-29,
         5.59415270e-08, 1.00000000e+00, 5.00000000e-01, 5.00000000e-01,
         1.80123878e-19],
        [7.31058598e-01, 2.02584431e-24, 1.65900840e-23, 4.32343786e-26,
         1.66747640e-07, 1.00000000e+00, 5.00000000e-01, 5.00000000e-01,
         4.35297076e-14],
        [7.31058598e-01, 6.25583863e-23, 1.85973663e-25, 5.97559969e-29,
         9.57922452e-07, 9.99938965e-01, 5.00000000e-01, 5.00000000e-01,
         6.67663048e-15],
        [7.31058598e-01, 6.67882617e-24, 3.15635410e-28, 2.02628293e-28,
         2.08764064e-08, 1.00000000e+00, 5.00000000e-01, 5.00000000e-01,
         1.85378222e-15],
        [7.31058598e-01, 1.94771036e-26, 1.41857534e-24, 1.62033320e-27,
         4.25284134e-06, 1.00000000e+00, 5.00000000e-01, 5.00000000e-01,
         5.63681453e-15],
        [7.31058598e-01, 3.16378070e-24, 1.06795800e-23, 4.62349846e-33,
         2.79461130e-08, 1.00000000e+00, 5.00000000e-01, 5.00000000e-01,
         4.78322470e-16],
        [7.31058598e-01, 2.70222257e-25, 4.18482852e-26, 2.11482293e-25,
         2.49353796e-02, 1.00000000e+00, 5.00000000e-01, 5.00000000e-01,
         5.72170797e-18]]], dtype=float32)]