tf.Tensor(
[[[7.31058598e-01 7.75868218e-25 3.35006848e-06 1.71532400e-24
   2.28398740e-02 4.99978870e-01 5.00003278e-01 5.00000000e-01
   8.67638290e-02]
  [7.31058598e-01 3.35782219e-25 1.44582507e-21 1.77370364e-21
   2.59818137e-03 5.00028133e-01 5.00003278e-01 5.00000000e-01
   1.64474510e-12]
  [7.31058598e-01 2.20645720e-31 9.05247225e-26 2.33525877e-25
   3.08295530e-05 7.30842233e-01 5.00003040e-01 5.00000000e-01
   5.02924389e-14]
  [7.31058598e-01 6.70322806e-28 1.20754834e-25 2.56695767e-29
   1.54230929e-05 8.80681515e-01 5.00000000e-01 5.00000000e-01
   2.01249184e-15]
  [7.31058598e-01 1.09193526e-27 5.71567320e-26 3.63582448e-28
   7.96688312e-07 9.52524424e-01 5.00000000e-01 5.00000000e-01
   8.63263634e-16]
  [7.31058598e-01 2.58660654e-27 2.25432686e-23 1.89291278e-31
   2.55387874e-07 9.81994390e-01 5.00000000e-01 5.00000000e-01
   1.26777588e-17]
  [7.31058598e-01 3.77447679e-27 1.08452837e-22 5.31506937e-30
   3.43399691e-08 9.93299842e-01 5.00000000e-01 5.00000000e-01
   8.98675653e-18]
  [7.31058598e-01 7.22514424e-30 2.99275258e-21 1.39135679e-29
   4.40894067e-03 9.97524738e-01 5.00000000e-01 5.00000000e-01
   3.90261915e-21]
  [7.31058598e-01 8.91044790e-29 6.68206334e-23 2.97262547e-30
   9.06045807e-06 9.99087989e-01 5.00000000e-01 5.00000000e-01
   3.91866585e-16]
  [7.31058598e-01 6.57346314e-27 3.93743434e-24 1.76360816e-31
   4.63646650e-03 9.99664187e-01 5.00000000e-01 5.00000000e-01
   3.46703088e-14]
  [7.31058598e-01 1.46264426e-26 1.79333028e-23 1.22715629e-29
   6.80968165e-03 9.99876440e-01 5.00000000e-01 5.00000000e-01
   2.96233415e-16]
  [7.31058598e-01 9.79518109e-26 2.67927732e-26 2.68626475e-27
   2.61329114e-03 9.99954462e-01 5.00000000e-01 5.00000000e-01
   4.39380441e-17]
  [7.31058598e-01 1.28450862e-25 2.53890846e-26 2.27825695e-26
   3.13906639e-07 9.99983191e-01 5.00000000e-01 5.00000000e-01
   3.00265156e-18]
  [7.31058598e-01 1.15045379e-26 2.83920329e-24 1.20128540e-26
   8.23080413e-08 9.99993920e-01 5.00000000e-01 5.00000000e-01
   1.76243215e-15]
  [7.31058598e-01 2.17691026e-22 1.57857080e-20 5.71031548e-29
   2.91429405e-05 9.99997735e-01 5.00000000e-01 5.00000000e-01
   2.12035318e-13]
  [7.31058598e-01 1.40715963e-24 1.04213298e-24 4.42484210e-30
   3.26768335e-10 9.99999166e-01 5.00000000e-01 5.00000000e-01
   6.53860731e-15]
  [7.31058598e-01 4.04217528e-27 4.06621075e-24 1.19758142e-30
   2.53474991e-06 9.99999702e-01 5.00000000e-01 5.00000000e-01
   6.31942868e-18]
  [7.31058598e-01 9.53015279e-26 1.04174289e-24 7.45872300e-27
   1.38611981e-07 1.00000000e+00 5.00000000e-01 5.00000000e-01
   1.38282046e-16]
  [7.31058598e-01 1.34568962e-26 1.99246385e-22 1.38634945e-30
   1.36085310e-11 1.00000000e+00 5.00000000e-01 5.00000000e-01
   3.02650331e-17]
  [7.31058598e-01 3.43476696e-29 1.56407035e-22 2.95457568e-27
   1.03905649e-08 1.00000000e+00 5.00000000e-01 5.00000000e-01
   5.37499410e-15]
  [7.31058598e-01 2.41334738e-27 3.58164076e-21 1.64771456e-28
   1.83881639e-07 1.00000000e+00 5.00000000e-01 5.00000000e-01
   8.44209617e-15]
  [7.31058598e-01 1.44052214e-25 4.69448343e-21 1.30292418e-33
   1.15467849e-08 1.00000000e+00 5.00000000e-01 5.00000000e-01
   4.82208287e-16]
  [7.31058598e-01 6.62183057e-25 1.95013096e-25 2.13126951e-27
   6.59744442e-03 1.00000000e+00 5.00000000e-01 5.00000000e-01
   8.53969761e-20]
  [7.31058598e-01 8.51815763e-29 3.29721333e-26 5.56328878e-29
   4.48316496e-06 1.00000000e+00 5.00000000e-01 5.00000000e-01
   1.03772534e-16]
  [7.31058598e-01 2.44121190e-29 2.74563847e-27 1.75297786e-30
   1.27369315e-08 1.00000000e+00 5.00000000e-01 5.00000000e-01
   1.36176870e-20]
  [7.31058598e-01 6.36940431e-27 2.92464954e-25 1.59004126e-28
   3.75639729e-07 1.00000000e+00 5.00000000e-01 5.00000000e-01
   8.89156844e-14]
  [7.31058598e-01 5.89965847e-23 6.01830845e-22 1.26514388e-23
   4.43896852e-07 1.00000000e+00 5.00000000e-01 5.00000000e-01
   8.41199093e-15]
  [7.31058598e-01 3.61136652e-25 6.28310948e-25 2.22615590e-30
   5.30989475e-10 1.00000000e+00 5.00000000e-01 5.00000000e-01
   5.37028274e-14]
  [7.31058598e-01 2.99570348e-25 2.98168076e-20 8.66179657e-31
   1.10198364e-10 1.00000000e+00 5.00000000e-01 5.00000000e-01
   1.15218062e-17]
  [7.31058598e-01 2.01109031e-25 1.50299586e-21 2.96991516e-31
   6.86673320e-06 1.00000000e+00 5.00000000e-01 5.00000000e-01
   8.28140131e-15]
  [7.31058598e-01 5.04767683e-22 1.42482507e-21 6.92559541e-32
   3.26653371e-08 1.00000000e+00 5.00000000e-01 5.00000000e-01
   1.42591617e-16]
  [7.31058598e-01 8.38049734e-28 7.73680066e-23 5.63677445e-29
   1.33484602e-04 1.00000000e+00 5.00000000e-01 5.00000000e-01
   4.52695827e-15]]], shape=(1, 32, 9), dtype=float32)