[array([[[3.39397341e-01, 2.95281976e-01, 2.52525300e-01, 2.26915047e-01,
         2.25226089e-01, 2.38610759e-01, 2.17685118e-01, 2.35142276e-01,
         2.64448792e-01],
        [5.18945277e-01, 3.67252737e-01, 2.05352098e-01, 1.23724781e-01,
         1.40728056e-01, 1.38710037e-01, 1.10706568e-01, 1.37472287e-01,
         1.97857082e-01],
        [6.89888597e-01, 5.08376360e-01, 9.54967067e-02, 2.92116124e-02,
         3.76298130e-02, 4.71907333e-02, 2.21979171e-02, 4.46976721e-02,
         1.04990117e-01],
        [8.10398698e-01, 6.94334090e-01, 2.45304219e-02, 3.76297161e-03,
         5.78955887e-03, 9.70266294e-03, 2.56342185e-03, 8.93461797e-03,
         3.09435558e-02],
        [8.90811503e-01, 8.30135465e-01, 6.72747148e-03, 7.24968966e-04,
         1.33736490e-03, 2.74746679e-03, 4.92247462e-04, 2.47279741e-03,
         8.56585894e-03],
        [9.40087378e-01, 9.01359081e-01, 3.17829615e-03, 2.99892301e-04,
         6.06842805e-04, 1.47098547e-03, 2.11296996e-04, 1.25943066e-03,
         3.78918904e-03],
        [9.67725992e-01, 9.37591970e-01, 2.31394032e-03, 1.97045229e-04,
         4.15335497e-04, 1.13054097e-03, 1.45773418e-04, 9.12315911e-04,
         2.42829300e-03],
        [9.82575417e-01, 9.56397891e-01, 2.05798238e-03, 1.61796110e-04,
         3.48215341e-04, 1.01363717e-03, 1.25110295e-04, 7.82562420e-04,
         1.90596352e-03],
        [9.90441918e-01, 9.66677606e-01, 1.99242309e-03, 1.47551938e-04,
         3.22470471e-04, 9.68927226e-04, 1.18252327e-04, 7.29151536e-04,
         1.69830187e-03],
        [9.94629860e-01, 9.72454906e-01, 1.97187020e-03, 1.40845310e-04,
         3.11086333e-04, 9.48651636e-04, 1.15553848e-04, 7.08026986e-04,
         1.61062891e-03],
        [9.96890426e-01, 9.75854039e-01, 1.97230396e-03, 1.37916810e-04,
         3.06391390e-04, 9.41897859e-04, 1.14851966e-04, 6.97618641e-04,
         1.57126121e-03],
        [9.98137891e-01, 9.77914512e-01, 1.97933428e-03, 1.34884787e-04,
         3.02545057e-04, 9.34742275e-04, 1.14262715e-04, 6.86118670e-04,
         1.52834691e-03],
        [9.98837531e-01, 9.79245067e-01, 1.97979715e-03, 1.33705325e-04,
         3.01857130e-04, 9.34904441e-04, 1.13945447e-04, 6.84984901e-04,
         1.52844656e-03],
        [9.99238253e-01, 9.80172753e-01, 1.98406796e-03, 1.33208203e-04,
         3.01452033e-04, 9.34642914e-04, 1.13989823e-04, 6.82068814e-04,
         1.52338983e-03],
        [9.99473810e-01, 9.80686367e-01, 1.99302216e-03, 1.31530251e-04,
         2.99163628e-04, 9.32814844e-04, 1.13809168e-04, 6.77692296e-04,
         1.50340784e-03],
        [9.99613702e-01, 9.81130302e-01, 1.99068640e-03, 1.31769630e-04,
         3.00188520e-04, 9.35328833e-04, 1.13913862e-04, 6.78728160e-04,
         1.51004223e-03],
        [9.99699056e-01, 9.81472254e-01, 1.99040351e-03, 1.32439018e-04,
         3.00934975e-04, 9.37441713e-04, 1.14244205e-04, 6.81726495e-04,
         1.51412620e-03],
        [9.99752402e-01, 9.81725037e-01, 1.99030386e-03, 1.31940629e-04,
         3.01260123e-04, 9.37452540e-04, 1.14155991e-04, 6.81048201e-04,
         1.51534739e-03],
        [9.99786437e-01, 9.81822670e-01, 1.99347246e-03, 1.31510766e-04,
         3.00429791e-04, 9.33365140e-04, 1.13885682e-04, 6.76252297e-04,
         1.50414917e-03],
        [9.99808192e-01, 9.81936038e-01, 1.99412089e-03, 1.31035646e-04,
         3.00307234e-04, 9.35656950e-04, 1.13824608e-04, 6.74072187e-04,
         1.49120891e-03],
        [9.99822736e-01, 9.81984556e-01, 1.99839938e-03, 1.30062253e-04,
         2.98727071e-04, 9.35637625e-04, 1.13508919e-04, 6.71439571e-04,
         1.48692820e-03],
        [9.99831915e-01, 9.82075810e-01, 2.00016238e-03, 1.30409098e-04,
         2.99651729e-04, 9.36785771e-04, 1.14018840e-04, 6.70262845e-04,
         1.48585404e-03],
        [9.99838889e-01, 9.82056499e-01, 2.00082315e-03, 1.30380897e-04,
         2.99227395e-04, 9.36003518e-04, 1.13884242e-04, 6.71206333e-04,
         1.48367812e-03],
        [9.99843240e-01, 9.82075214e-01, 2.00216006e-03, 1.29834196e-04,
         2.99643318e-04, 9.35301359e-04, 1.14020309e-04, 6.70083507e-04,
         1.48168113e-03],
        [9.99846041e-01, 9.82146204e-01, 1.99702242e-03, 1.30449247e-04,
         3.00577900e-04, 9.37348115e-04, 1.14005787e-04, 6.72421942e-04,
         1.48828549e-03],
        [9.99848247e-01, 9.82206106e-01, 1.99847016e-03, 1.30035856e-04,
         3.00053594e-04, 9.35590593e-04, 1.13750699e-04, 6.70757378e-04,
         1.48834346e-03],
        [9.99849260e-01, 9.82285500e-01, 1.99911464e-03, 1.30535642e-04,
         3.01152380e-04, 9.36370634e-04, 1.14186769e-04, 6.73162285e-04,
         1.48354331e-03],
        [9.99850810e-01, 9.82289016e-01, 1.99772185e-03, 1.30075117e-04,
         2.99693696e-04, 9.39987542e-04, 1.13811882e-04, 6.69420231e-04,
         1.48009788e-03],
        [9.99851584e-01, 9.82255578e-01, 1.99987646e-03, 1.29621854e-04,
         3.00196145e-04, 9.36716562e-04, 1.13947724e-04, 6.70672278e-04,
         1.47716119e-03],
        [9.99852598e-01, 9.82257783e-01, 1.99590088e-03, 1.28905114e-04,
         2.98390776e-04, 9.37167555e-04, 1.13423244e-04, 6.67479879e-04,
         1.47216639e-03],
        [9.99852836e-01, 9.82260287e-01, 1.99497840e-03, 1.29620021e-04,
         2.99713225e-04, 9.36853292e-04, 1.13782458e-04, 6.71356975e-04,
         1.47921871e-03],
        [9.99853492e-01, 9.82205033e-01, 1.99974002e-03, 1.28803120e-04,
         2.98104511e-04, 9.34735988e-04, 1.13452603e-04, 6.67041575e-04,
         1.46597880e-03]]], dtype=float32), array([[[0.3165637 , 0.32008493, 0.26919812, 0.1069193 , 0.10462762,
         0.11376854, 0.0991898 , 0.12259339, 0.25076067],
        [0.29378435, 0.404944  , 0.3329228 , 0.00934289, 0.01022445,
         0.01049325, 0.00754851, 0.01305424, 0.19013457],
        [0.04471269, 0.30942357, 0.4928163 , 0.00346585, 0.00387262,
         0.00382804, 0.00302138, 0.00395592, 0.20842075],
        [0.00564736, 0.12520115, 0.45861182, 0.00180918, 0.00272304,
         0.00257553, 0.00160434, 0.00157862, 0.20478559],
        [0.00296767, 0.07184662, 0.20832476, 0.00101092, 0.00277239,
         0.00199722, 0.00093387, 0.00090318, 0.16472767],
        [0.00283125, 0.06132325, 0.08595645, 0.0007613 , 0.00331965,
         0.00185651, 0.00078813, 0.00081188, 0.14044453],
        [0.00305463, 0.0564948 , 0.04686362, 0.00072252, 0.00408208,
         0.00208546, 0.00083465, 0.00093789, 0.1320785 ],
        [0.00337379, 0.05466085, 0.03164372, 0.00077439, 0.00492866,
         0.00248528, 0.00096461, 0.00115403, 0.13378677],
        [0.00364863, 0.05537548, 0.02465312, 0.00085539, 0.00567879,
         0.00291873, 0.0011197 , 0.00135307, 0.1411033 ],
        [0.00380298, 0.05641749, 0.0214353 , 0.00093185, 0.00634084,
         0.00325552, 0.00124331, 0.00151717, 0.14812359],
        [0.00387851, 0.05733509, 0.01995261, 0.00101219, 0.0069792 ,
         0.00353484, 0.00135899, 0.00167378, 0.15209709],
        [0.00391009, 0.05778105, 0.01917033, 0.00107901, 0.00752927,
         0.00375133, 0.00144342, 0.00179809, 0.15447961],
        [0.00392342, 0.05794275, 0.01874481, 0.00113582, 0.00795778,
         0.0039132 , 0.00151412, 0.0019026 , 0.15609197],
        [0.00392081, 0.0579688 , 0.01841324, 0.00117954, 0.00826127,
         0.00405459, 0.00156155, 0.00197685, 0.15772869],
        [0.00391798, 0.05819272, 0.01830809, 0.0012169 , 0.00853304,
         0.0041701 , 0.0016143 , 0.00204272, 0.1583893 ],
        [0.00392119, 0.05829315, 0.01816759, 0.0012489 , 0.0087323 ,
         0.00427304, 0.00164758, 0.00209618, 0.15943173],
        [0.00391397, 0.05846051, 0.01809802, 0.00127699, 0.00885942,
         0.0043513 , 0.00167861, 0.00213945, 0.16046408],
        [0.00390333, 0.05878545, 0.01807542, 0.00131026, 0.00902764,
         0.004437  , 0.00172164, 0.00218901, 0.1607674 ],
        [0.00389925, 0.05915287, 0.01808119, 0.00133895, 0.00916093,
         0.00451202, 0.00175197, 0.00223934, 0.16111061],
        [0.00389634, 0.05933268, 0.01808653, 0.00136752, 0.00925661,
         0.0045774 , 0.00177866, 0.00227645, 0.16154651],
        [0.00388649, 0.05963978, 0.01804657, 0.00139062, 0.0092973 ,
         0.0046359 , 0.00179757, 0.00231072, 0.16224581],
        [0.00387896, 0.0599883 , 0.01817193, 0.0014255 , 0.00943046,
         0.00470441, 0.00184468, 0.00235617, 0.16196191],
        [0.00387997, 0.06029072, 0.01832447, 0.00147015, 0.00958051,
         0.00481682, 0.00190946, 0.00240957, 0.16145441],
        [0.00387281, 0.06048374, 0.01830371, 0.00150236, 0.00967507,
         0.00489139, 0.00193157, 0.00245161, 0.16190915],
        [0.00386204, 0.060682  , 0.01836614, 0.0015346 , 0.0097736 ,
         0.00495335, 0.00196209, 0.00249277, 0.16188732],
        [0.00386264, 0.060726  , 0.01839587, 0.00156074, 0.00980501,
         0.00499343, 0.00198521, 0.00253077, 0.16167957],
        [0.0038641 , 0.0609276 , 0.01857961, 0.00159909, 0.00990412,
         0.00507472, 0.00204496, 0.00257106, 0.16080861],
        [0.00386544, 0.06096662, 0.01870658, 0.00163602, 0.01000031,
         0.00512144, 0.00209271, 0.00262298, 0.16031021],
        [0.0038747 , 0.06089126, 0.01880379, 0.00167441, 0.01009603,
         0.00519504, 0.00214115, 0.00266618, 0.1593103 ],
        [0.0038744 , 0.06096288, 0.01894158, 0.00171028, 0.01018416,
         0.00525282, 0.00219673, 0.00271908, 0.15883775],
        [0.00388334, 0.06086145, 0.0191224 , 0.00175548, 0.01028572,
         0.00531724, 0.00225416, 0.00276994, 0.15796134],
        [0.00388496, 0.06055903, 0.01915106, 0.00178131, 0.01031312,
         0.00535098, 0.00227336, 0.00280471, 0.15747055]]], dtype=float32), array([[[4.04278487e-01, 2.23885283e-01, 2.72060931e-01, 4.78068553e-02,
         3.47935706e-02, 4.50305603e-02, 3.02472264e-02, 4.50494327e-02,
         1.82679400e-01],
        [4.92036700e-01, 8.73468220e-02, 3.57760191e-01, 5.04448265e-03,
         2.23869761e-03, 3.16927163e-03, 1.50618004e-03, 2.36976403e-03,
         5.99961542e-02],
        [4.58316356e-01, 1.19416248e-02, 4.19417799e-01, 3.47274565e-03,
         7.13307178e-04, 1.27940823e-03, 4.62485448e-04, 4.35849215e-04,
         2.06846446e-02],
        [4.94705886e-01, 5.18781412e-03, 3.14355552e-01, 7.34674837e-03,
         8.99520935e-04, 1.34174607e-03, 3.76955402e-04, 2.93249788e-04,
         8.53392296e-03],
        [5.99783421e-01, 1.21401623e-02, 3.38858128e-01, 2.42286362e-02,
         2.34095892e-03, 1.80801365e-03, 5.88864612e-04, 5.01862203e-04,
         5.51902642e-03],
        [6.69050276e-01, 4.03638966e-02, 5.62545836e-01, 9.18825790e-02,
         1.03409151e-02, 4.70637949e-03, 1.76589668e-03, 2.08531413e-03,
         8.09103064e-03],
        [7.23666131e-01, 6.77829459e-02, 7.54685044e-01, 2.15067282e-01,
         3.06212399e-02, 1.03251189e-02, 4.63133259e-03, 6.49480941e-03,
         1.49515914e-02],
        [7.76379228e-01, 8.48993808e-02, 8.49058986e-01, 3.13537776e-01,
         5.22101969e-02, 1.47655448e-02, 7.93279801e-03, 1.14902100e-02,
         2.17300039e-02],
        [8.20905924e-01, 9.18461010e-02, 8.80723059e-01, 3.62116605e-01,
         6.46699518e-02, 1.68084484e-02, 1.01673445e-02, 1.47516308e-02,
         2.73027010e-02],
        [8.55881751e-01, 9.48423967e-02, 8.94217312e-01, 3.85814369e-01,
         7.14838058e-02, 1.82958357e-02, 1.13251396e-02, 1.63118914e-02,
         3.14577930e-02],
        [8.82669568e-01, 9.71176550e-02, 9.02472317e-01, 3.97624910e-01,
         7.57948682e-02, 1.95572656e-02, 1.18977362e-02, 1.70453861e-02,
         3.40916328e-02],
        [9.02922690e-01, 9.92285833e-02, 9.08287942e-01, 4.04308945e-01,
         7.89694712e-02, 2.07112189e-02, 1.23200929e-02, 1.75257046e-02,
         3.59490700e-02],
        [9.18215454e-01, 1.00898743e-01, 9.12267387e-01, 4.09470320e-01,
         8.20536390e-02, 2.19448805e-02, 1.27943885e-02, 1.79138742e-02,
         3.74285206e-02],
        [9.29807901e-01, 1.02290869e-01, 9.15524006e-01, 4.13973033e-01,
         8.47989395e-02, 2.30159480e-02, 1.32327396e-02, 1.82546880e-02,
         3.89076844e-02],
        [9.38710570e-01, 1.04513526e-01, 9.18224871e-01, 4.17838156e-01,
         8.70697051e-02, 2.39180271e-02, 1.35920309e-02, 1.85541958e-02,
         4.00281660e-02],
        [9.45566416e-01, 1.05907112e-01, 9.20373678e-01, 4.21075016e-01,
         8.90654400e-02, 2.46883631e-02, 1.39260497e-02, 1.88490860e-02,
         4.09701914e-02],
        [9.50944841e-01, 1.08128518e-01, 9.22359884e-01, 4.24123615e-01,
         9.05335844e-02, 2.53151599e-02, 1.41304312e-02, 1.90332998e-02,
         4.15855460e-02],
        [9.55042303e-01, 1.09335907e-01, 9.23635483e-01, 4.26814049e-01,
         9.27165374e-02, 2.60629468e-02, 1.46201625e-02, 1.94552541e-02,
         4.24206443e-02],
        [9.58500803e-01, 1.11771345e-01, 9.25248861e-01, 4.29176480e-01,
         9.34633017e-02, 2.63775978e-02, 1.46105522e-02, 1.94535460e-02,
         4.27735895e-02],
        [9.61153030e-01, 1.13043070e-01, 9.26268637e-01, 4.30977583e-01,
         9.45289433e-02, 2.68526524e-02, 1.47977490e-02, 1.97169576e-02,
         4.31841947e-02],
        [9.63219762e-01, 1.13410793e-01, 9.26750422e-01, 4.32826370e-01,
         9.63324979e-02, 2.74533201e-02, 1.52264386e-02, 2.00074911e-02,
         4.38529514e-02],
        [9.65158582e-01, 1.15551673e-01, 9.27879691e-01, 4.34056014e-01,
         9.68350247e-02, 2.76769418e-02, 1.51944254e-02, 2.01155711e-02,
         4.39594798e-02],
        [9.66575742e-01, 1.15549080e-01, 9.28098023e-01, 4.35748935e-01,
         9.84024405e-02, 2.82067303e-02, 1.55393137e-02, 2.04163045e-02,
         4.43963595e-02],
        [9.67856228e-01, 1.16383195e-01, 9.28757548e-01, 4.37019229e-01,
         9.93874744e-02, 2.84926444e-02, 1.56803001e-02, 2.05753390e-02,
         4.46211733e-02],
        [9.68907893e-01, 1.17025286e-01, 9.28886831e-01, 4.38497961e-01,
         1.00433476e-01, 2.88237315e-02, 1.58741195e-02, 2.07828786e-02,
         4.49624844e-02],
        [9.69952941e-01, 1.18419848e-01, 9.29603875e-01, 4.39276010e-01,
         1.00203797e-01, 2.89306473e-02, 1.57371257e-02, 2.07893755e-02,
         4.48975973e-02],
        [9.70707774e-01, 1.18660137e-01, 9.29743409e-01, 4.40224379e-01,
         1.01015225e-01, 2.92308554e-02, 1.59011837e-02, 2.10055243e-02,
         4.50609550e-02],
        [9.71378207e-01, 1.19455516e-01, 9.29989457e-01, 4.41239804e-01,
         1.01852536e-01, 2.94472612e-02, 1.59819666e-02, 2.10997444e-02,
         4.51562069e-02],
        [9.71903741e-01, 1.19143061e-01, 9.29881573e-01, 4.42608416e-01,
         1.03113435e-01, 2.98941918e-02, 1.63317155e-02, 2.13729888e-02,
         4.56193648e-02],
        [9.72514868e-01, 1.20481461e-01, 9.30286229e-01, 4.43373442e-01,
         1.02898270e-01, 2.98828762e-02, 1.61304865e-02, 2.13634036e-02,
         4.53789942e-02],
        [9.72982466e-01, 1.20334610e-01, 9.30122197e-01, 4.43793267e-01,
         1.03365108e-01, 3.01115904e-02, 1.62671786e-02, 2.14685071e-02,
         4.55258638e-02],
        [9.73330379e-01, 1.20367520e-01, 9.30190921e-01, 4.44990307e-01,
         1.04300283e-01, 3.04539222e-02, 1.64829809e-02, 2.17095334e-02,
         4.57156710e-02]]], dtype=float32), array([[[4.63336855e-01, 4.07154530e-01, 2.15876490e-01, 8.25024024e-03,
         8.27270001e-03, 1.19443759e-02, 5.12425834e-03, 1.55121442e-02,
         2.72411346e-01],
        [5.06920576e-01, 5.70403337e-01, 1.69348076e-01, 9.35711068e-05,
         1.68539438e-04, 1.73245440e-04, 3.12389311e-05, 3.20485851e-04,
         3.67822766e-01],
        [4.99554008e-01, 5.73399663e-01, 1.81780890e-01, 2.20817492e-05,
         5.09306155e-05, 3.97162985e-05, 7.12617793e-06, 7.21333054e-05,
         4.71227705e-01],
        [4.96425241e-01, 5.74742496e-01, 1.88052431e-01, 1.61869357e-05,
         3.79291487e-05, 2.76939863e-05, 5.83128121e-06, 4.91246901e-05,
         4.86930698e-01],
        [4.95405853e-01, 5.78027904e-01, 1.78549439e-01, 1.42804793e-05,
         3.40871229e-05, 2.31705017e-05, 5.47946456e-06, 4.33855239e-05,
         4.89392847e-01],
        [4.95026857e-01, 5.80156267e-01, 1.70879900e-01, 1.36624467e-05,
         3.21327461e-05, 2.13065196e-05, 5.33899765e-06, 4.13680391e-05,
         4.89981145e-01],
        [4.94728625e-01, 5.81361294e-01, 1.66248053e-01, 1.37153320e-05,
         3.13101955e-05, 2.06436525e-05, 5.35630716e-06, 4.06770705e-05,
         4.90134090e-01],
        [4.94502544e-01, 5.81814229e-01, 1.63584918e-01, 1.39393260e-05,
         3.10492251e-05, 2.04446569e-05, 5.40674228e-06, 4.03901613e-05,
         4.90145892e-01],
        [4.94412452e-01, 5.82067430e-01, 1.62087843e-01, 1.39532194e-05,
         3.06425136e-05, 2.02841638e-05, 5.41170903e-06, 4.00654098e-05,
         4.90198582e-01],
        [4.94318575e-01, 5.82107067e-01, 1.61205068e-01, 1.40756465e-05,
         3.06326074e-05, 2.02792289e-05, 5.43589340e-06, 4.00102253e-05,
         4.90180403e-01],
        [4.94321942e-01, 5.82079709e-01, 1.60542071e-01, 1.40014326e-05,
         3.03491088e-05, 2.01945222e-05, 5.40838846e-06, 3.97893891e-05,
         4.90215182e-01],
        [4.94299591e-01, 5.82173467e-01, 1.60356507e-01, 1.40509601e-05,
         3.02530334e-05, 2.01864968e-05, 5.41825102e-06, 3.97039184e-05,
         4.90228504e-01],
        [4.94280934e-01, 5.82128584e-01, 1.59902573e-01, 1.40574421e-05,
         3.02264398e-05, 2.02061692e-05, 5.41006648e-06, 3.96140931e-05,
         4.90219980e-01],
        [4.94237304e-01, 5.82006395e-01, 1.59857944e-01, 1.41259570e-05,
         3.03264314e-05, 2.03121399e-05, 5.41509871e-06, 3.95913521e-05,
         4.90217566e-01],
        [4.94222999e-01, 5.81998944e-01, 1.59656987e-01, 1.41578103e-05,
         3.02927565e-05, 2.03181480e-05, 5.42625276e-06, 3.95416500e-05,
         4.90212083e-01],
        [4.94222254e-01, 5.81952035e-01, 1.59574062e-01, 1.41410173e-05,
         3.02650678e-05, 2.03149048e-05, 5.40395831e-06, 3.93991286e-05,
         4.90161031e-01],
        [4.94247109e-01, 5.81951022e-01, 1.59498990e-01, 1.40471102e-05,
         3.00994107e-05, 2.02978736e-05, 5.37738924e-06, 3.92773436e-05,
         4.90209103e-01],
        [4.94194001e-01, 5.81900477e-01, 1.59364343e-01, 1.42048302e-05,
         3.02700701e-05, 2.04187072e-05, 5.41579220e-06, 3.93717964e-05,
         4.90146995e-01],
        [4.94155854e-01, 5.81816196e-01, 1.59358159e-01, 1.42718582e-05,
         3.03831021e-05, 2.04882272e-05, 5.42068619e-06, 3.92762922e-05,
         4.90143538e-01],
        [4.94198501e-01, 5.81755519e-01, 1.59130052e-01, 1.41202563e-05,
         3.01746204e-05, 2.04357093e-05, 5.37479582e-06, 3.90679525e-05,
         4.90192980e-01],
        [4.94183540e-01, 5.81703186e-01, 1.58869877e-01, 1.41670153e-05,
         3.02157350e-05, 2.04793105e-05, 5.38761378e-06, 3.90196146e-05,
         4.90162522e-01],
        [4.94232953e-01, 5.81685245e-01, 1.58775374e-01, 1.40862458e-05,
         3.00275242e-05, 2.03961008e-05, 5.36210064e-06, 3.89261259e-05,
         4.90179598e-01],
        [4.94179577e-01, 5.81735492e-01, 1.58851638e-01, 1.41674100e-05,
         3.01597684e-05, 2.04940352e-05, 5.38181166e-06, 3.89177185e-05,
         4.90155160e-01],
        [4.94127184e-01, 5.81565857e-01, 1.58762291e-01, 1.42866502e-05,
         3.03311390e-05, 2.05879023e-05, 5.40408382e-06, 3.90025562e-05,
         4.90101367e-01],
        [4.94156271e-01, 5.81541836e-01, 1.58859998e-01, 1.41823029e-05,
         3.00874235e-05, 2.05988508e-05, 5.37434926e-06, 3.88586996e-05,
         4.90177244e-01],
        [4.94075775e-01, 5.81457436e-01, 1.58771798e-01, 1.44018095e-05,
         3.04229488e-05, 2.07442699e-05, 5.42861244e-06, 3.89818415e-05,
         4.90080565e-01],
        [4.94075477e-01, 5.81375539e-01, 1.58954859e-01, 1.43300504e-05,
         3.03077049e-05, 2.07643134e-05, 5.39696248e-06, 3.89349989e-05,
         4.90128517e-01],
        [4.94101614e-01, 5.81365943e-01, 1.58868983e-01, 1.42943318e-05,
         3.01947857e-05, 2.07131379e-05, 5.38752056e-06, 3.87643631e-05,
         4.90101248e-01],
        [4.94101614e-01, 5.81291199e-01, 1.58684313e-01, 1.43021571e-05,
         3.02155440e-05, 2.07222492e-05, 5.38573067e-06, 3.87053587e-05,
         4.90105182e-01],
        [4.94066060e-01, 5.81223071e-01, 1.58633962e-01, 1.43884872e-05,
         3.03745783e-05, 2.08163365e-05, 5.40108203e-06, 3.87622131e-05,
         4.90089357e-01],
        [4.94048029e-01, 5.81234515e-01, 1.58670500e-01, 1.43799243e-05,
         3.02895642e-05, 2.07832309e-05, 5.38584436e-06, 3.86675638e-05,
         4.90082204e-01],
        [4.94093210e-01, 5.81232607e-01, 1.58636063e-01, 1.42917916e-05,
         3.01863438e-05, 2.07777757e-05, 5.36656398e-06, 3.85720996e-05,
         4.90100563e-01]]], dtype=float32), array([[[3.74585032e-01, 3.21845651e-01, 1.98408931e-01, 6.69132406e-03,
         5.58910053e-03, 9.87741910e-03, 3.05131846e-03, 1.13009941e-02,
         1.44618377e-01],
        [1.59778804e-01, 4.63265896e-01, 9.66189578e-02, 2.77784537e-04,
         1.92265463e-04, 3.59709957e-04, 3.19928586e-05, 3.79529229e-04,
         2.33688243e-02],
        [1.28068142e-02, 4.88934755e-01, 2.36506555e-02, 1.34811882e-04,
         6.00020467e-05, 9.22490362e-05, 5.75327658e-06, 8.97536738e-05,
         6.04017079e-03],
        [4.44015814e-03, 4.92267251e-01, 1.04767745e-02, 1.19735108e-04,
         3.59704463e-05, 5.78771542e-05, 3.63010076e-06, 6.22198277e-05,
         3.97834461e-03],
        [3.30539444e-03, 4.93197829e-01, 8.04127380e-03, 1.18551710e-04,
         2.78784428e-05, 4.88375190e-05, 3.09983147e-06, 5.68524629e-05,
         3.61799565e-03],
        [3.02473526e-03, 4.93606806e-01, 7.37864431e-03, 1.20010212e-04,
         2.51518213e-05, 4.63184297e-05, 2.92519849e-06, 5.62696987e-05,
         3.52029479e-03],
        [2.94747902e-03, 4.93774951e-01, 7.16121774e-03, 1.20312361e-04,
         2.41396556e-05, 4.54260262e-05, 2.85194938e-06, 5.60796034e-05,
         3.49376816e-03],
        [2.91512534e-03, 4.93876994e-01, 7.10565643e-03, 1.20007418e-04,
         2.36559717e-05, 4.49578474e-05, 2.81529560e-06, 5.58598185e-05,
         3.47561319e-03],
        [2.91929906e-03, 4.93898809e-01, 7.06394482e-03, 1.20671793e-04,
         2.36540382e-05, 4.50828047e-05, 2.82349220e-06, 5.60669541e-05,
         3.48098041e-03],
        [2.91222008e-03, 4.93941069e-01, 7.06320396e-03, 1.20202822e-04,
         2.34600611e-05, 4.49019499e-05, 2.81004918e-06, 5.58216416e-05,
         3.47664440e-03],
        [2.92912428e-03, 4.93916243e-01, 7.03114783e-03, 1.20919831e-04,
         2.36554642e-05, 4.52813219e-05, 2.82677661e-06, 5.60881490e-05,
         3.48612783e-03],
        [2.92526069e-03, 4.93932635e-01, 7.04226876e-03, 1.20559256e-04,
         2.35448224e-05, 4.51077831e-05, 2.81556368e-06, 5.59364489e-05,
         3.48400138e-03],
        [2.92629749e-03, 4.93943363e-01, 7.03961821e-03, 1.20483994e-04,
         2.35216667e-05, 4.51477172e-05, 2.81706843e-06, 5.59020773e-05,
         3.48409545e-03],
        [2.92271003e-03, 4.93961006e-01, 7.05022924e-03, 1.20528821e-04,
         2.34885665e-05, 4.50574225e-05, 2.81504481e-06, 5.58286374e-05,
         3.48499720e-03],
        [2.90913181e-03, 4.93981808e-01, 7.06664100e-03, 1.20229619e-04,
         2.33550272e-05, 4.48358405e-05, 2.80930499e-06, 5.57986095e-05,
         3.47573869e-03],
        [2.91376957e-03, 4.93974954e-01, 7.05086906e-03, 1.20214558e-04,
         2.34033214e-05, 4.49860709e-05, 2.81195662e-06, 5.58219217e-05,
         3.47481878e-03],
        [2.92214472e-03, 4.93961751e-01, 7.04788463e-03, 1.20394507e-04,
         2.34603431e-05, 4.50706721e-05, 2.81986854e-06, 5.58634893e-05,
         3.47842532e-03],
        [2.91932770e-03, 4.93984312e-01, 7.05748471e-03, 1.20349796e-04,
         2.33987521e-05, 4.49559120e-05, 2.81572443e-06, 5.58157953e-05,
         3.47440061e-03],
        [2.91511789e-03, 4.93984729e-01, 7.05538178e-03, 1.20035249e-04,
         2.33638548e-05, 4.48706051e-05, 2.80809559e-06, 5.57778294e-05,
         3.47131095e-03],
        [2.92935921e-03, 4.93964970e-01, 7.03780213e-03, 1.20559285e-04,
         2.35003863e-05, 4.51703308e-05, 2.81946177e-06, 5.58637657e-05,
         3.48070101e-03],
        [2.91444804e-03, 4.93991911e-01, 7.06499396e-03, 1.20020050e-04,
         2.33269857e-05, 4.48717183e-05, 2.80770951e-06, 5.56940868e-05,
         3.47564486e-03],
        [2.91638984e-03, 4.93986428e-01, 7.05583533e-03, 1.20275414e-04,
         2.33981336e-05, 4.49401850e-05, 2.81684811e-06, 5.58598585e-05,
         3.46977729e-03],
        [2.92226393e-03, 4.93988991e-01, 7.04928767e-03, 1.20380791e-04,
         2.34396903e-05, 4.50249900e-05, 2.81985854e-06, 5.58345928e-05,
         3.47249792e-03],
        [2.91933119e-03, 4.93981838e-01, 7.04775937e-03, 1.20155782e-04,
         2.34022518e-05, 4.49728832e-05, 2.81439907e-06, 5.57818203e-05,
         3.47404601e-03],
        [2.92578875e-03, 4.93971914e-01, 7.04602571e-03, 1.20440149e-04,
         2.34506351e-05, 4.51109336e-05, 2.81968732e-06, 5.58095890e-05,
         3.47443810e-03],
        [2.91245687e-03, 4.93994415e-01, 7.06442911e-03, 1.20230172e-04,
         2.33501305e-05, 4.49021427e-05, 2.81028974e-06, 5.57969179e-05,
         3.47494776e-03],
        [2.92202272e-03, 4.93981212e-01, 7.04568112e-03, 1.20454861e-04,
         2.34463096e-05, 4.50544358e-05, 2.81933740e-06, 5.58351421e-05,
         3.47200106e-03],
        [2.91744713e-03, 4.93990660e-01, 7.05373287e-03, 1.20065139e-04,
         2.33597020e-05, 4.49394320e-05, 2.80644326e-06, 5.56612431e-05,
         3.46876448e-03],
        [2.92319548e-03, 4.93979722e-01, 7.04587717e-03, 1.20634897e-04,
         2.34847903e-05, 4.51424603e-05, 2.82418887e-06, 5.58811626e-05,
         3.47850518e-03],
        [2.92420923e-03, 4.93988514e-01, 7.05444021e-03, 1.20395365e-04,
         2.34201252e-05, 4.50472726e-05, 2.81892881e-06, 5.58262909e-05,
         3.47607047e-03],
        [2.92664068e-03, 4.93970573e-01, 7.04460638e-03, 1.20634788e-04,
         2.35027364e-05, 4.51796914e-05, 2.82317819e-06, 5.58618885e-05,
         3.48302210e-03],
        [2.92328116e-03, 4.93977040e-01, 7.05230888e-03, 1.20514989e-04,
         2.34541549e-05, 4.50947446e-05, 2.82193400e-06, 5.58521715e-05,
         3.48128867e-03]]], dtype=float32), array([[[4.09325570e-01, 1.60454646e-01, 3.34532440e-01, 3.65333632e-02,
         1.89206731e-02, 6.25975356e-02, 7.34277023e-03, 2.97427233e-02,
         2.39068761e-01],
        [2.94460654e-01, 8.87898728e-02, 4.61435139e-01, 3.55330966e-02,
         5.07226773e-03, 7.04513937e-02, 2.25255455e-04, 5.20342495e-03,
         1.76331103e-01],
        [3.74967642e-02, 5.23325205e-02, 4.85917717e-01, 2.02667490e-01,
         8.36052839e-03, 2.50371754e-01, 8.82211243e-05, 4.57394682e-03,
         1.57135770e-01],
        [9.86082479e-03, 4.07882109e-02, 4.87694591e-01, 3.90330791e-01,
         1.10730585e-02, 3.94491732e-01, 9.10381787e-05, 4.43714904e-03,
         1.50581107e-01],
        [6.53583324e-03, 3.82509716e-02, 4.88412440e-01, 4.73229170e-01,
         1.21325133e-02, 4.48281914e-01, 9.81396588e-05, 4.24773898e-03,
         1.47603720e-01],
        [5.81445126e-03, 3.75726148e-02, 4.88729388e-01, 5.16014278e-01,
         1.24139478e-02, 4.72403914e-01, 9.94777874e-05, 4.18697111e-03,
         1.45909324e-01],
        [5.60316537e-03, 3.73978578e-02, 4.88846272e-01, 5.40149868e-01,
         1.24885207e-02, 4.83479559e-01, 1.01027421e-04, 4.17029951e-03,
         1.45728782e-01],
        [5.54676726e-03, 3.73743214e-02, 4.88922060e-01, 5.55456460e-01,
         1.25744035e-02, 4.89722699e-01, 1.01921680e-04, 4.18011285e-03,
         1.45501047e-01],
        [5.51834656e-03, 3.73061225e-02, 4.88962531e-01, 5.64493597e-01,
         1.25626558e-02, 4.92623121e-01, 1.02294303e-04, 4.16627852e-03,
         1.45486474e-01],
        [5.50184352e-03, 3.72818150e-02, 4.89017218e-01, 5.71025312e-01,
         1.25948666e-02, 4.94654596e-01, 1.02555336e-04, 4.16897377e-03,
         1.45402551e-01],
        [5.50807128e-03, 3.73311639e-02, 4.89012063e-01, 5.74816287e-01,
         1.25938216e-02, 4.95122612e-01, 1.02849881e-04, 4.17460315e-03,
         1.45371571e-01],
        [5.50083909e-03, 3.72959115e-02, 4.89047319e-01, 5.77848494e-01,
         1.25851072e-02, 4.95887518e-01, 1.02668950e-04, 4.16892534e-03,
         1.45134017e-01],
        [5.49009629e-03, 3.72816436e-02, 4.89070445e-01, 5.80056846e-01,
         1.26027232e-02, 4.96396929e-01, 1.02727536e-04, 4.16791299e-03,
         1.45123273e-01],
        [5.49466163e-03, 3.72846797e-02, 4.89066780e-01, 5.80874383e-01,
         1.25939380e-02, 4.96328354e-01, 1.03144637e-04, 4.16654628e-03,
         1.45281717e-01],
        [5.49458014e-03, 3.72322984e-02, 4.89099115e-01, 5.82201600e-01,
         1.25749120e-02, 4.96644974e-01, 1.02860969e-04, 4.16211085e-03,
         1.45201579e-01],
        [5.51534956e-03, 3.73144783e-02, 4.89073306e-01, 5.81694007e-01,
         1.26269897e-02, 4.96626794e-01, 1.04143721e-04, 4.16904641e-03,
         1.45734355e-01],
        [5.50710177e-03, 3.72565687e-02, 4.89091188e-01, 5.82948565e-01,
         1.25778727e-02, 4.96657282e-01, 1.03084632e-04, 4.16577468e-03,
         1.45135179e-01],
        [5.50202373e-03, 3.72675098e-02, 4.89081293e-01, 5.84036231e-01,
         1.25790080e-02, 4.96975422e-01, 1.03129038e-04, 4.17276938e-03,
         1.44965246e-01],
        [5.50047029e-03, 3.72413881e-02, 4.89099801e-01, 5.84404647e-01,
         1.25942230e-02, 4.96939689e-01, 1.03188613e-04, 4.16293368e-03,
         1.44984111e-01],
        [5.50792692e-03, 3.72147150e-02, 4.89100993e-01, 5.84523201e-01,
         1.25987520e-02, 4.96672690e-01, 1.03307852e-04, 4.16842056e-03,
         1.45044267e-01],
        [5.51327923e-03, 3.72157767e-02, 4.89105701e-01, 5.84385753e-01,
         1.26209185e-02, 4.97081637e-01, 1.03591250e-04, 4.16958006e-03,
         1.45171344e-01],
        [5.51165175e-03, 3.72635983e-02, 4.89098728e-01, 5.84422588e-01,
         1.26310922e-02, 4.96875554e-01, 1.03636012e-04, 4.17306786e-03,
         1.45178571e-01],
        [5.51571511e-03, 3.72100808e-02, 4.89111811e-01, 5.84640801e-01,
         1.26172611e-02, 4.96846765e-01, 1.03695740e-04, 4.17208346e-03,
         1.45263121e-01],
        [5.52324392e-03, 3.72469984e-02, 4.89100546e-01, 5.84081471e-01,
         1.26213180e-02, 4.96891379e-01, 1.04038831e-04, 4.17320011e-03,
         1.45366907e-01],
        [5.51950093e-03, 3.72278243e-02, 4.89106148e-01, 5.84755898e-01,
         1.26332780e-02, 4.97143537e-01, 1.03740502e-04, 4.17606533e-03,
         1.45132750e-01],
        [5.51783154e-03, 3.72201279e-02, 4.89129782e-01, 5.84646344e-01,
         1.26280542e-02, 4.97233838e-01, 1.03695646e-04, 4.17100266e-03,
         1.45142630e-01],
        [5.50985709e-03, 3.71965878e-02, 4.89136547e-01, 5.85293174e-01,
         1.26036685e-02, 4.97267872e-01, 1.03337501e-04, 4.16456582e-03,
         1.44857109e-01],
        [5.51450904e-03, 3.71976197e-02, 4.89134282e-01, 5.85172296e-01,
         1.26312654e-02, 4.97128457e-01, 1.03635684e-04, 4.17063385e-03,
         1.44916773e-01],
        [5.51962107e-03, 3.72024961e-02, 4.89123285e-01, 5.84832489e-01,
         1.26346732e-02, 4.97336864e-01, 1.03889281e-04, 4.17194609e-03,
         1.45096526e-01],
        [5.50977793e-03, 3.71871963e-02, 4.89147514e-01, 5.85609138e-01,
         1.26207126e-02, 4.97325808e-01, 1.03337246e-04, 4.16873489e-03,
         1.44665450e-01],
        [5.50959399e-03, 3.71990539e-02, 4.89131957e-01, 5.85455716e-01,
         1.26253814e-02, 4.97034729e-01, 1.03486316e-04, 4.17158613e-03,
         1.44776255e-01],
        [5.52051142e-03, 3.72018367e-02, 4.89133149e-01, 5.85085571e-01,
         1.26359425e-02, 4.97396648e-01, 1.03933831e-04, 4.17256029e-03,
         1.45009637e-01]]], dtype=float32), array([[[4.3613815e-01, 1.5662628e-01, 3.2286784e-01, 4.1832466e-02,
         4.0093888e-02, 5.3302094e-02, 2.2603834e-02, 6.7959860e-02,
         2.5482270e-01],
        [5.1493245e-01, 4.1550983e-02, 4.0393126e-01, 1.6239745e-03,
         2.8211584e-03, 1.8879923e-03, 2.3949490e-04, 6.3414602e-03,
         1.7571697e-01],
        [5.0814366e-01, 1.1165005e-02, 4.1053128e-01, 4.0149441e-04,
         1.6536189e-03, 2.4539951e-04, 3.2326632e-05, 2.7312338e-03,
         1.2354176e-01],
        [5.0395924e-01, 5.6668003e-03, 3.9694759e-01, 2.1993449e-04,
         1.4146819e-03, 9.1336326e-05, 1.7488779e-05, 2.1656253e-03,
         9.7127065e-02],
        [5.0265551e-01, 4.6192277e-03, 3.9202660e-01, 1.9064659e-04,
         1.3870890e-03, 7.1260416e-05, 1.6148031e-05, 2.1107083e-03,
         8.6769298e-02],
        [5.0231433e-01, 4.2206338e-03, 3.9052787e-01, 1.7979818e-04,
         1.3439836e-03, 6.5959190e-05, 1.5553205e-05, 2.0573062e-03,
         8.2825959e-02],
        [5.0222754e-01, 4.0734219e-03, 3.8951376e-01, 1.7582794e-04,
         1.3248376e-03, 6.4129694e-05, 1.5364865e-05, 2.0290734e-03,
         8.0844007e-02],
        [5.0221986e-01, 4.0204041e-03, 3.8980594e-01, 1.7587174e-04,
         1.3373685e-03, 6.4696222e-05, 1.5516083e-05, 2.0378844e-03,
         7.9879500e-02],
        [5.0221694e-01, 3.9694691e-03, 3.8937309e-01, 1.7361755e-04,
         1.3227761e-03, 6.4073181e-05, 1.5295765e-05, 2.0170247e-03,
         7.9520814e-02],
        [5.0221962e-01, 3.9438829e-03, 3.8907546e-01, 1.7178095e-04,
         1.3131661e-03, 6.3492873e-05, 1.5161233e-05, 1.9989400e-03,
         7.9189554e-02],
        [5.0222588e-01, 3.9528292e-03, 3.8928306e-01, 1.7348220e-04,
         1.3291480e-03, 6.4218657e-05, 1.5347596e-05, 2.0137709e-03,
         7.8974731e-02],
        [5.0224483e-01, 3.9306181e-03, 3.8953710e-01, 1.7267569e-04,
         1.3230999e-03, 6.4316839e-05, 1.5287713e-05, 2.0045592e-03,
         7.8697816e-02],
        [5.0224686e-01, 3.9343317e-03, 3.8930511e-01, 1.7319921e-04,
         1.3256030e-03, 6.4312080e-05, 1.5287047e-05, 2.0033519e-03,
         7.8743979e-02],
        [5.0223845e-01, 3.9383094e-03, 3.8917458e-01, 1.7314283e-04,
         1.3277938e-03, 6.4447129e-05, 1.5271336e-05, 2.0062441e-03,
         7.8755766e-02],
        [5.0223583e-01, 3.9286828e-03, 3.8888225e-01, 1.7217059e-04,
         1.3180672e-03, 6.3787724e-05, 1.5155275e-05, 1.9918047e-03,
         7.8770995e-02],
        [5.0222927e-01, 3.9390153e-03, 3.8879368e-01, 1.7232967e-04,
         1.3204715e-03, 6.3906708e-05, 1.5197735e-05, 1.9971249e-03,
         7.8694835e-02],
        [5.0223053e-01, 3.9407033e-03, 3.8885432e-01, 1.7295970e-04,
         1.3270578e-03, 6.4244312e-05, 1.5251074e-05, 1.9992278e-03,
         7.8704946e-02],
        [5.0224030e-01, 3.9133010e-03, 3.8885835e-01, 1.7152878e-04,
         1.3146554e-03, 6.3773572e-05, 1.5105988e-05, 1.9867471e-03,
         7.8613997e-02],
        [5.0223762e-01, 3.9449106e-03, 3.8893402e-01, 1.7343769e-04,
         1.3327586e-03, 6.4482774e-05, 1.5285370e-05, 2.0015417e-03,
         7.8638926e-02],
        [5.0223637e-01, 3.9386572e-03, 3.8892490e-01, 1.7329921e-04,
         1.3295042e-03, 6.4394328e-05, 1.5227457e-05, 1.9974015e-03,
         7.8701384e-02],
        [5.0224024e-01, 3.9202357e-03, 3.8882342e-01, 1.7187448e-04,
         1.3185325e-03, 6.3907763e-05, 1.5141965e-05, 1.9888978e-03,
         7.8723930e-02],
        [5.0224835e-01, 3.9266618e-03, 3.8894528e-01, 1.7209645e-04,
         1.3190517e-03, 6.3923115e-05, 1.5160884e-05, 1.9898724e-03,
         7.8484267e-02],
        [5.0224143e-01, 3.9378447e-03, 3.8912559e-01, 1.7329196e-04,
         1.3307369e-03, 6.4433727e-05, 1.5270318e-05, 1.9998003e-03,
         7.8654885e-02],
        [5.0223875e-01, 3.9349534e-03, 3.8883480e-01, 1.7305219e-04,
         1.3270504e-03, 6.4325468e-05, 1.5185334e-05, 1.9952783e-03,
         7.8643747e-02],
        [5.0224376e-01, 3.9344914e-03, 3.8900101e-01, 1.7230371e-04,
         1.3235123e-03, 6.4182546e-05, 1.5206590e-05, 1.9927491e-03,
         7.8651011e-02],
        [5.0224090e-01, 3.9377846e-03, 3.8888147e-01, 1.7303620e-04,
         1.3266302e-03, 6.4258638e-05, 1.5222104e-05, 1.9944268e-03,
         7.8602403e-02],
        [5.0223523e-01, 3.9203600e-03, 3.8844076e-01, 1.7117999e-04,
         1.3129613e-03, 6.3537693e-05, 1.5036565e-05, 1.9785666e-03,
         7.8772321e-02],
        [5.0223720e-01, 3.9413101e-03, 3.8905245e-01, 1.7309505e-04,
         1.3292754e-03, 6.4391061e-05, 1.5264022e-05, 1.9993261e-03,
         7.8624599e-02],
        [5.0223833e-01, 3.9433404e-03, 3.8922572e-01, 1.7356020e-04,
         1.3342958e-03, 6.4822794e-05, 1.5284886e-05, 2.0045538e-03,
         7.8760855e-02],
        [5.0224209e-01, 3.9448850e-03, 3.8934487e-01, 1.7365094e-04,
         1.3368530e-03, 6.4891596e-05, 1.5309060e-05, 2.0047510e-03,
         7.8718327e-02],
        [5.0224578e-01, 3.9327899e-03, 3.8899529e-01, 1.7231931e-04,
         1.3226919e-03, 6.4192245e-05, 1.5173729e-05, 1.9907188e-03,
         7.8644648e-02],
        [5.0223911e-01, 3.9353603e-03, 3.8898540e-01, 1.7263278e-04,
         1.3258288e-03, 6.4292042e-05, 1.5207062e-05, 1.9955318e-03,
         7.8723662e-02]]], dtype=float32), array([[[2.91099042e-01, 2.91965067e-01, 4.20832753e-01, 2.32691076e-02,
         3.13472375e-02, 2.77025867e-02, 6.08175341e-03, 6.22114614e-02,
         2.62900054e-01],
        [8.71206596e-02, 4.43096429e-01, 5.40044367e-01, 5.04519884e-03,
         6.81034382e-03, 3.08956997e-03, 1.10683708e-04, 8.56203772e-03,
         1.91957712e-01],
        [1.34867625e-02, 4.89864379e-01, 5.51894069e-01, 4.23956849e-03,
         3.69172194e-03, 1.12266885e-03, 2.15244872e-05, 2.23061349e-03,
         1.54069304e-01],
        [7.29546091e-03, 4.93038028e-01, 5.42430460e-01, 3.66185745e-03,
         2.52719969e-03, 6.78906334e-04, 1.19066135e-05, 1.17197761e-03,
         1.29771292e-01],
        [6.23363908e-03, 4.91521120e-01, 5.34588516e-01, 3.49031226e-03,
         2.21440638e-03, 5.77654864e-04, 9.82198162e-06, 9.48883651e-04,
         1.18164837e-01],
        [5.80128608e-03, 4.90549922e-01, 5.30776978e-01, 3.46338400e-03,
         2.13655108e-03, 5.46620111e-04, 9.07578578e-06, 8.88838200e-04,
         1.14004791e-01],
        [5.68434177e-03, 4.90209401e-01, 5.28727233e-01, 3.44987167e-03,
         2.09081918e-03, 5.37747343e-04, 8.69217456e-06, 8.63026886e-04,
         1.12043761e-01],
        [5.54752164e-03, 4.90216315e-01, 5.27864516e-01, 3.46491020e-03,
         2.09467509e-03, 5.34271589e-04, 8.45977411e-06, 8.54232407e-04,
         1.11335367e-01],
        [5.57616400e-03, 4.90254223e-01, 5.27247250e-01, 3.46605433e-03,
         2.07952177e-03, 5.34873980e-04, 8.36164145e-06, 8.47785210e-04,
         1.10711314e-01],
        [5.57755027e-03, 4.90362465e-01, 5.26905775e-01, 3.46319401e-03,
         2.07800302e-03, 5.34869439e-04, 8.23387381e-06, 8.44642636e-04,
         1.10503674e-01],
        [5.47983963e-03, 4.90520269e-01, 5.26847184e-01, 3.47695546e-03,
         2.09787255e-03, 5.35063795e-04, 8.10669280e-06, 8.45845672e-04,
         1.10496774e-01],
        [5.51437074e-03, 4.90639150e-01, 5.26623368e-01, 3.47700133e-03,
         2.09323037e-03, 5.38273307e-04, 8.06565004e-06, 8.43734248e-04,
         1.10401727e-01],
        [5.58766536e-03, 4.90688264e-01, 5.26479006e-01, 3.47322738e-03,
         2.08070595e-03, 5.41272631e-04, 8.05839500e-06, 8.42472888e-04,
         1.10095128e-01],
        [5.61056426e-03, 4.90772218e-01, 5.26292920e-01, 3.46019515e-03,
         2.07533361e-03, 5.40877460e-04, 7.94472908e-06, 8.39862449e-04,
         1.10097520e-01],
        [5.54238819e-03, 4.90914881e-01, 5.26252806e-01, 3.48429196e-03,
         2.09451304e-03, 5.43414732e-04, 7.91170987e-06, 8.43903632e-04,
         1.10279933e-01],
        [5.58137987e-03, 4.90976304e-01, 5.26106298e-01, 3.47189279e-03,
         2.08941638e-03, 5.42971306e-04, 7.87829504e-06, 8.42356763e-04,
         1.10187538e-01],
        [5.60426153e-03, 4.91010636e-01, 5.26031017e-01, 3.47537058e-03,
         2.08952650e-03, 5.44742914e-04, 7.84959684e-06, 8.41995527e-04,
         1.10097751e-01],
        [5.54255350e-03, 4.91103083e-01, 5.26003659e-01, 3.48685123e-03,
         2.10387539e-03, 5.44359384e-04, 7.79732727e-06, 8.43307644e-04,
         1.10452414e-01],
        [5.55497734e-03, 4.91150349e-01, 5.25947869e-01, 3.48937931e-03,
         2.10723653e-03, 5.46016730e-04, 7.79680067e-06, 8.44678318e-04,
         1.10339157e-01],
        [5.64668840e-03, 4.91115153e-01, 5.25844455e-01, 3.47835035e-03,
         2.08738679e-03, 5.48749580e-04, 7.82352981e-06, 8.43393384e-04,
         1.10048234e-01],
        [5.56439441e-03, 4.91197467e-01, 5.25847614e-01, 3.49112623e-03,
         2.10945914e-03, 5.46795025e-04, 7.75519675e-06, 8.44251888e-04,
         1.10393599e-01],
        [5.61348535e-03, 4.91210610e-01, 5.25770366e-01, 3.48371826e-03,
         2.10080459e-03, 5.48413023e-04, 7.77170681e-06, 8.44561902e-04,
         1.10218331e-01],
        [5.61455498e-03, 4.91249681e-01, 5.25737345e-01, 3.48610478e-03,
         2.09829654e-03, 5.48926240e-04, 7.74447562e-06, 8.43876973e-04,
         1.10156290e-01],
        [5.65344002e-03, 4.91224229e-01, 5.25653422e-01, 3.47985560e-03,
         2.09039170e-03, 5.51192788e-04, 7.73723150e-06, 8.42448440e-04,
         1.10120118e-01],
        [5.67640970e-03, 4.91254598e-01, 5.25562108e-01, 3.47599853e-03,
         2.08855211e-03, 5.49554417e-04, 7.72088424e-06, 8.44009046e-04,
         1.10084966e-01],
        [5.59173804e-03, 4.91318017e-01, 5.25595725e-01, 3.49015440e-03,
         2.10230169e-03, 5.48976881e-04, 7.67884103e-06, 8.44280585e-04,
         1.10122964e-01],
        [5.66030806e-03, 4.91296202e-01, 5.25530756e-01, 3.47808143e-03,
         2.09159520e-03, 5.49803604e-04, 7.70007955e-06, 8.42031266e-04,
         1.10064551e-01],
        [5.59335109e-03, 4.91334707e-01, 5.25653124e-01, 3.48857697e-03,
         2.11227895e-03, 5.49450400e-04, 7.66925041e-06, 8.47007497e-04,
         1.10398024e-01],
        [5.69701334e-03, 4.91299629e-01, 5.25422037e-01, 3.47545114e-03,
         2.08756141e-03, 5.51296340e-04, 7.70058432e-06, 8.42563051e-04,
         1.09962545e-01],
        [5.61539410e-03, 4.91355300e-01, 5.25604427e-01, 3.48721468e-03,
         2.10410915e-03, 5.50536090e-04, 7.65846744e-06, 8.45067727e-04,
         1.10263817e-01],
        [5.63041912e-03, 4.91356015e-01, 5.25567889e-01, 3.48506076e-03,
         2.10156315e-03, 5.51898265e-04, 7.66783160e-06, 8.44678201e-04,
         1.10030778e-01],
        [5.63373556e-03, 4.91380543e-01, 5.25448442e-01, 3.48579278e-03,
         2.10065139e-03, 5.50837081e-04, 7.65547975e-06, 8.45605624e-04,
         1.10007182e-01]]], dtype=float32), array([[[3.34270686e-01, 2.10642368e-01, 3.46793115e-01, 9.15626213e-02,
         7.28726462e-02, 8.49038512e-02, 3.29149216e-02, 1.13123372e-01,
         2.79585868e-01],
        [3.24199408e-01, 1.78093240e-01, 4.41699713e-01, 3.39986049e-02,
         1.42776165e-02, 1.59075111e-02, 1.76131353e-03, 2.20690928e-02,
         2.46518210e-01],
        [2.05318138e-01, 1.86683699e-01, 4.49360430e-01, 4.60009724e-02,
         6.51722075e-03, 7.56075233e-03, 5.49628574e-04, 5.98542392e-03,
         2.10525706e-01],
        [1.12273574e-01, 2.60273457e-01, 4.67159688e-01, 9.29187536e-02,
         5.15346881e-03, 5.45964856e-03, 6.07449154e-04, 3.27460142e-03,
         1.45401895e-01],
        [6.33362532e-02, 3.56392860e-01, 5.39575636e-01, 1.39580399e-01,
         6.47474499e-03, 5.84096275e-03, 1.19304098e-03, 3.57507635e-03,
         7.19961897e-02],
        [5.18172644e-02, 4.02286053e-01, 6.15589261e-01, 1.38241783e-01,
         8.14224500e-03, 5.97284874e-03, 1.49728521e-03, 3.73174320e-03,
         3.72322723e-02],
        [5.56249358e-02, 4.23743397e-01, 6.79737508e-01, 1.23346210e-01,
         1.01035377e-02, 6.11100206e-03, 1.56370015e-03, 4.11156844e-03,
         2.49151047e-02],
        [6.34231269e-02, 4.34448957e-01, 7.25062311e-01, 1.08579963e-01,
         1.14405286e-02, 6.01259619e-03, 1.48820761e-03, 4.38632537e-03,
         1.97922401e-02],
        [7.50207156e-02, 4.41607356e-01, 7.55529702e-01, 9.37064886e-02,
         1.23743750e-02, 5.90792950e-03, 1.39636174e-03, 4.65728994e-03,
         1.70429591e-02],
        [8.81977603e-02, 4.46184874e-01, 7.73751855e-01, 7.98825771e-02,
         1.29234195e-02, 5.76232746e-03, 1.27226126e-03, 4.90503805e-03,
         1.49944080e-02],
        [1.03453457e-01, 4.49763656e-01, 7.83282101e-01, 6.84676170e-02,
         1.32159470e-02, 5.74247213e-03, 1.19375135e-03, 5.44991018e-03,
         1.32420091e-02],
        [1.21046863e-01, 4.53556925e-01, 7.87985623e-01, 5.91471307e-02,
         1.33443419e-02, 5.81280701e-03, 1.15974352e-03, 6.21853722e-03,
         1.18625956e-02],
        [1.39916494e-01, 4.57999796e-01, 7.89112866e-01, 5.17025143e-02,
         1.32848332e-02, 5.80157386e-03, 1.11207925e-03, 6.75911643e-03,
         1.11388024e-02],
        [1.57904088e-01, 4.61855561e-01, 7.85721242e-01, 4.54764366e-02,
         1.30340643e-02, 5.61494613e-03, 1.04204204e-03, 6.98403222e-03,
         1.07570635e-02],
        [1.76419243e-01, 4.65227485e-01, 7.76370764e-01, 4.11327481e-02,
         1.29367784e-02, 5.37680974e-03, 9.86423343e-04, 7.13222846e-03,
         1.05228033e-02],
        [1.95764422e-01, 4.68488157e-01, 7.61213899e-01, 3.75850908e-02,
         1.29444823e-02, 4.96921036e-03, 9.25047323e-04, 7.06975907e-03,
         1.02066621e-02],
        [2.13705078e-01, 4.70794946e-01, 7.40541339e-01, 3.50778252e-02,
         1.31861167e-02, 4.56064474e-03, 8.83642060e-04, 6.98948046e-03,
         9.86160245e-03],
        [2.28934154e-01, 4.72396404e-01, 7.19514847e-01, 3.29077020e-02,
         1.32743800e-02, 4.24463535e-03, 8.45597708e-04, 6.98833494e-03,
         9.72825568e-03],
        [2.41092101e-01, 4.73757654e-01, 7.00129747e-01, 3.07514127e-02,
         1.31358588e-02, 3.97522422e-03, 8.08329438e-04, 6.99431775e-03,
         9.71269514e-03],
        [2.48527810e-01, 4.74925876e-01, 6.82053149e-01, 2.86646131e-02,
         1.29528167e-02, 3.74939782e-03, 7.85180542e-04, 6.98952563e-03,
         9.82410461e-03],
        [2.51995623e-01, 4.76279467e-01, 6.59210742e-01, 2.60677077e-02,
         1.27148814e-02, 3.48096108e-03, 7.58963521e-04, 6.92598755e-03,
         9.98051185e-03],
        [2.50601202e-01, 4.78026301e-01, 6.23294592e-01, 2.27982979e-02,
         1.24068037e-02, 3.13660805e-03, 7.34028814e-04, 6.74310233e-03,
         1.01708658e-02],
        [2.39105538e-01, 4.80585635e-01, 5.55337310e-01, 1.89294089e-02,
         1.15560619e-02, 2.74239015e-03, 6.89237146e-04, 6.15099259e-03,
         1.02075031e-02],
        [2.05981478e-01, 4.84100074e-01, 4.25563157e-01, 1.48813026e-02,
         9.86456312e-03, 2.35990551e-03, 6.04388188e-04, 4.98285377e-03,
         9.79148131e-03],
        [1.52872205e-01, 4.86193269e-01, 2.60108948e-01, 1.10010551e-02,
         7.97759555e-03, 1.97822950e-03, 4.86727018e-04, 3.59579502e-03,
         8.98959674e-03],
        [1.08029969e-01, 4.85742927e-01, 1.49223223e-01, 8.48098099e-03,
         6.85899938e-03, 1.68608408e-03, 4.10810811e-04, 2.68152729e-03,
         8.43877345e-03],
        [8.20424035e-02, 4.84375328e-01, 9.75899324e-02, 7.20459688e-03,
         6.31175283e-03, 1.54361059e-03, 3.71352740e-04, 2.34055915e-03,
         8.53835512e-03],
        [7.00726733e-02, 4.84318972e-01, 7.56183714e-02, 6.72966149e-03,
         6.02318067e-03, 1.51368813e-03, 3.46936984e-04, 2.31241644e-03,
         8.77980515e-03],
        [6.48280457e-02, 4.85246062e-01, 6.61561340e-02, 6.57270756e-03,
         5.82985580e-03, 1.52982841e-03, 3.32254538e-04, 2.36103171e-03,
         8.92219972e-03],
        [6.24715276e-02, 4.86546785e-01, 6.20583147e-02, 6.48388267e-03,
         5.72558027e-03, 1.56814326e-03, 3.25148809e-04, 2.39893515e-03,
         8.96785222e-03],
        [6.21310100e-02, 4.87125874e-01, 5.99929690e-02, 6.46799011e-03,
         5.72619913e-03, 1.62581098e-03, 3.24145221e-04, 2.45346338e-03,
         9.01289470e-03],
        [6.32407442e-02, 4.87520307e-01, 5.93806058e-02, 6.49275631e-03,
         5.79531863e-03, 1.69973064e-03, 3.29420727e-04, 2.51062377e-03,
         9.07206256e-03]]], dtype=float32), array([[[3.98110449e-01, 1.87538683e-01, 3.36603403e-01, 5.12545817e-02,
         4.34414223e-02, 6.44207373e-02, 1.45873614e-02, 8.87646079e-02,
         2.61844575e-01],
        [4.55358833e-01, 1.60854772e-01, 3.47512901e-01, 9.49694309e-03,
         5.18097775e-03, 1.08476272e-02, 3.21304309e-04, 1.29447533e-02,
         1.88150272e-01],
        [4.62875396e-01, 1.78298771e-01, 2.06194878e-01, 6.08313130e-03,
         1.61719986e-03, 5.12762787e-03, 5.29459576e-05, 3.01732845e-03,
         1.37823641e-01],
        [4.71296281e-01, 2.56988674e-01, 1.12057552e-01, 4.57180571e-03,
         9.08275601e-04, 2.96933088e-03, 2.63073944e-05, 1.38613326e-03,
         9.74437222e-02],
        [4.66623753e-01, 3.87513489e-01, 9.70608592e-02, 4.29447927e-03,
         1.09110749e-03, 2.44671502e-03, 3.54522999e-05, 1.37303607e-03,
         5.07018529e-02],
        [4.55639362e-01, 4.43287671e-01, 9.32784006e-02, 4.28054109e-03,
         1.45960459e-03, 2.48045218e-03, 5.45542352e-05, 1.54766429e-03,
         2.26135589e-02],
        [4.45482790e-01, 4.58476692e-01, 8.90806615e-02, 4.26617544e-03,
         1.96498702e-03, 3.35293426e-03, 8.64167814e-05, 2.10944028e-03,
         1.21864900e-02],
        [4.45041150e-01, 4.62094814e-01, 9.12978053e-02, 4.39130655e-03,
         2.56050075e-03, 4.48258687e-03, 1.15472489e-04, 2.83219526e-03,
         8.98454245e-03],
        [4.50636476e-01, 4.61888909e-01, 1.01460390e-01, 4.69405623e-03,
         3.31000052e-03, 5.42854378e-03, 1.39936426e-04, 3.63448146e-03,
         8.18296894e-03],
        [4.55743641e-01, 4.60918069e-01, 1.16206616e-01, 5.04311221e-03,
         4.25567012e-03, 6.37918711e-03, 1.72297674e-04, 4.56872117e-03,
         7.92735443e-03],
        [4.61590022e-01, 4.59588975e-01, 1.40468776e-01, 5.49071701e-03,
         5.71325608e-03, 7.85383396e-03, 2.37919390e-04, 6.12361263e-03,
         7.71970022e-03],
        [4.67867732e-01, 4.56371963e-01, 1.78872287e-01, 5.84740099e-03,
         7.59427994e-03, 9.79492813e-03, 3.15222656e-04, 8.32091924e-03,
         7.61700282e-03],
        [4.70777273e-01, 4.53892171e-01, 2.28043467e-01, 6.40424853e-03,
         9.71686840e-03, 1.20735522e-02, 3.94140778e-04, 1.12300059e-02,
         7.91945215e-03],
        [4.72042590e-01, 4.51042861e-01, 2.98368275e-01, 7.36233685e-03,
         1.28827803e-02, 1.51084391e-02, 5.34444989e-04, 1.59965083e-02,
         8.58570635e-03],
        [4.73029345e-01, 4.47365493e-01, 3.86615753e-01, 8.12659785e-03,
         1.64861511e-02, 1.86077096e-02, 6.84398168e-04, 2.11153775e-02,
         9.17357113e-03],
        [4.71498936e-01, 4.42037493e-01, 4.85934764e-01, 9.02678072e-03,
         2.00276263e-02, 2.42639668e-02, 7.67220627e-04, 2.55647562e-02,
         9.49427858e-03],
        [4.66720670e-01, 4.36623931e-01, 5.84904850e-01, 9.50262602e-03,
         2.26112381e-02, 3.21031250e-02, 7.85066804e-04, 2.88174842e-02,
         9.74137150e-03],
        [4.59385455e-01, 4.33195084e-01, 6.70332253e-01, 9.54006054e-03,
         2.37787850e-02, 3.98030616e-02, 7.80362461e-04, 2.95866784e-02,
         9.56810080e-03],
        [4.52349037e-01, 4.28698480e-01, 7.36523986e-01, 9.72333178e-03,
         2.64914986e-02, 4.91378978e-02, 8.11324164e-04, 2.75625493e-02,
         8.71099066e-03],
        [4.49305624e-01, 4.23806727e-01, 7.83307672e-01, 1.03110140e-02,
         3.05228531e-02, 5.78956753e-02, 8.67893104e-04, 2.56352630e-02,
         8.05629417e-03],
        [4.48365271e-01, 4.21759754e-01, 8.10873270e-01, 1.08959088e-02,
         3.36977243e-02, 6.31640106e-02, 8.98986647e-04, 2.46518217e-02,
         7.80485291e-03],
        [4.47657287e-01, 4.22260582e-01, 8.26885700e-01, 1.12734688e-02,
         3.51637006e-02, 6.56000003e-02, 9.05240828e-04, 2.40232032e-02,
         7.65966438e-03],
        [4.45625365e-01, 4.24299687e-01, 8.34802866e-01, 1.13422778e-02,
         3.52142043e-02, 6.64726272e-02, 8.78377527e-04, 2.32206341e-02,
         7.52448151e-03],
        [4.41504806e-01, 4.26276594e-01, 8.36191833e-01, 1.11991810e-02,
         3.40621807e-02, 6.62676543e-02, 8.29908589e-04, 2.17197221e-02,
         7.34976353e-03],
        [4.33337867e-01, 4.27455336e-01, 8.29158366e-01, 1.08266585e-02,
         3.18430960e-02, 6.43365979e-02, 7.64852797e-04, 1.93281826e-02,
         7.08641997e-03],
        [4.15783256e-01, 4.23884243e-01, 8.05613577e-01, 1.01120928e-02,
         2.85778344e-02, 5.96261248e-02, 7.21214747e-04, 1.61741078e-02,
         6.64776610e-03],
        [3.70621800e-01, 4.13031280e-01, 7.36907661e-01, 8.76055658e-03,
         2.40820814e-02, 5.04208580e-02, 7.21894961e-04, 1.20225213e-02,
         6.10547792e-03],
        [2.61275113e-01, 3.96853566e-01, 5.50265849e-01, 7.10997544e-03,
         1.85234826e-02, 3.78964208e-02, 7.11728761e-04, 7.59468600e-03,
         5.59576321e-03],
        [1.13866374e-01, 3.91338259e-01, 2.40804136e-01, 5.48444036e-03,
         1.22889411e-02, 2.43111346e-02, 6.14253804e-04, 4.52574249e-03,
         5.20866551e-03],
        [4.05932032e-02, 4.06900376e-01, 7.36746490e-02, 3.94598860e-03,
         7.32785696e-03, 1.29983081e-02, 5.35214611e-04, 3.26934783e-03,
         4.99857357e-03],
        [2.05739792e-02, 4.29437667e-01, 3.13930959e-02, 3.04142223e-03,
         5.17759798e-03, 7.76017737e-03, 4.76415153e-04, 2.67586461e-03,
         4.45607677e-03],
        [1.53663596e-02, 4.47991520e-01, 2.05127764e-02, 2.68338691e-03,
         4.54318477e-03, 5.96486032e-03, 4.48566978e-04, 2.29557208e-03,
         3.95107316e-03]]], dtype=float32)]