tf.Tensor(
[[[3.80303264e-01 2.02501491e-01 3.27701449e-01 7.86641762e-02
   6.83851615e-02 9.37767848e-02 3.12177446e-02 1.18614003e-01
   2.66936481e-01]
  [4.56513077e-01 1.59115806e-01 3.62649471e-01 1.09318038e-02
   6.48756605e-03 1.26722865e-02 4.76717832e-04 1.64435692e-02
   2.00008675e-01]
  [4.62209910e-01 1.70485497e-01 2.19897270e-01 6.22966699e-03
   1.70816015e-03 5.35732275e-03 5.58847350e-05 3.36176530e-03
   1.44126579e-01]
  [4.70992416e-01 2.50856638e-01 1.19349033e-01 4.83486475e-03
   9.89151769e-04 3.19926324e-03 2.92501500e-05 1.54178857e-03
   1.01754382e-01]
  [4.66746598e-01 3.79866779e-01 9.71866325e-02 4.27649729e-03
   1.06008293e-03 2.44622002e-03 3.35498371e-05 1.35252252e-03
   5.36835119e-02]
  [4.56207395e-01 4.41232741e-01 9.43384394e-02 4.38507833e-03
   1.48502842e-03 2.54717306e-03 5.51059675e-05 1.60652981e-03
   2.36201957e-02]
  [4.45659876e-01 4.57675576e-01 9.03022289e-02 4.34034457e-03
   2.01408844e-03 3.44169769e-03 8.77586644e-05 2.17652624e-03
   1.24783339e-02]
  [4.45493191e-01 4.61451232e-01 9.29867029e-02 4.45235008e-03
   2.60305335e-03 4.58379602e-03 1.16529554e-04 2.90956837e-03
   9.11253039e-03]
  [4.49943185e-01 4.62014586e-01 1.00155778e-01 4.63183224e-03
   3.23309167e-03 5.35948342e-03 1.34961854e-04 3.58272321e-03
   8.14552419e-03]
  [4.56148684e-01 4.60564137e-01 1.17187649e-01 5.05492557e-03
   4.29272512e-03 6.43807277e-03 1.73367123e-04 4.68191272e-03
   7.91597459e-03]
  [4.62326437e-01 4.58888739e-01 1.43664137e-01 5.51940454e-03
   5.86103508e-03 8.05836171e-03 2.46379932e-04 6.38718111e-03
   7.69403065e-03]
  [4.68059361e-01 4.56062347e-01 1.81199789e-01 5.81446709e-03
   7.70056015e-03 9.91271902e-03 3.17733386e-04 8.46796017e-03
   7.61711830e-03]
  [4.71327335e-01 4.53374147e-01 2.35946476e-01 6.48514507e-03
   1.00728208e-02 1.24539044e-02 4.12711437e-04 1.16985999e-02
   7.97592476e-03]
  [4.72444952e-01 4.50650573e-01 3.06893378e-01 7.36246910e-03
   1.32949715e-02 1.53895570e-02 5.49545570e-04 1.65033378e-02
   8.63510277e-03]
  [4.72854525e-01 4.47161347e-01 3.92802089e-01 8.12787190e-03
   1.68627910e-02 1.87901910e-02 6.85648876e-04 2.14072354e-02
   9.13014729e-03]
  [4.71201688e-01 4.42022413e-01 4.91631299e-01 9.00089275e-03
   2.04117857e-02 2.45864894e-02 7.65176490e-04 2.59049758e-02
   9.47550219e-03]
  [4.66119319e-01 4.36783940e-01 5.89932442e-01 9.42953397e-03
   2.28602625e-02 3.22492532e-02 7.76651432e-04 2.89105214e-02
   9.70873050e-03]
  [4.58660454e-01 4.33259040e-01 6.73692524e-01 9.50942561e-03
   2.39948798e-02 4.03428786e-02 7.75845954e-04 2.94008516e-02
   9.49869398e-03]
  [4.51689214e-01 4.28242475e-01 7.38956988e-01 9.71720088e-03
   2.67444625e-02 4.98948060e-02 8.08373792e-04 2.71352753e-02
   8.63279961e-03]
  [4.49011624e-01 4.23386157e-01 7.84340680e-01 1.02889324e-02
   3.07433307e-02 5.82998469e-02 8.63042893e-04 2.54061483e-02
   8.02622084e-03]
  [4.48342830e-01 4.21616584e-01 8.12291622e-01 1.08747669e-02
   3.38588245e-02 6.33263215e-02 8.99262377e-04 2.46001035e-02
   7.77343148e-03]
  [4.47373122e-01 4.22141165e-01 8.27370822e-01 1.11794248e-02
   3.51547413e-02 6.57788366e-02 8.99950159e-04 2.39096247e-02
   7.62453862e-03]
  [4.45290834e-01 4.23942536e-01 8.34699154e-01 1.12931551e-02
   3.51939946e-02 6.66506737e-02 8.82442517e-04 2.31782701e-02
   7.52057647e-03]
  [4.41056520e-01 4.26133960e-01 8.35829973e-01 1.11020040e-02
   3.40122543e-02 6.61362633e-02 8.25572410e-04 2.15924066e-02
   7.32362363e-03]
  [4.31967288e-01 4.26709354e-01 8.27538252e-01 1.06988251e-02
   3.16866972e-02 6.38370067e-02 7.65501638e-04 1.91359613e-02
   7.02896528e-03]
  [4.10822242e-01 4.21881378e-01 7.99584091e-01 9.89296008e-03
   2.82238871e-02 5.84920421e-02 7.23959645e-04 1.57007650e-02
   6.54553948e-03]
  [3.58589709e-01 4.08997476e-01 7.18795359e-01 8.56665149e-03
   2.34922767e-02 4.91352119e-02 7.42673525e-04 1.15877520e-02
   6.07559178e-03]
  [2.42879689e-01 3.91767949e-01 5.12755096e-01 7.06081325e-03
   1.82596520e-02 3.70699354e-02 7.31599575e-04 7.44436262e-03
   5.68326516e-03]
  [1.02575190e-01 3.88165236e-01 2.12619126e-01 5.54425549e-03
   1.20839356e-02 2.34941114e-02 6.35256525e-04 4.50503081e-03
   5.37622860e-03]
  [3.74019891e-02 4.07364786e-01 6.64498135e-02 3.89516563e-03
   7.24967709e-03 1.23358322e-02 5.34846389e-04 3.22256470e-03
   5.04163234e-03]
  [1.97577234e-02 4.30905521e-01 2.95593273e-02 3.02337785e-03
   5.11230715e-03 7.50817498e-03 4.73641616e-04 2.62310542e-03
   4.38993471e-03]
  [1.51310153e-02 4.49618787e-01 1.99254844e-02 2.68306886e-03
   4.52517252e-03 5.89297805e-03 4.47851780e-04 2.27956660e-03
   3.90992220e-03]]], shape=(1, 32, 9), dtype=float32)