[array([[[8.62586647e-02, 2.53821403e-01, 5.69806516e-01, 6.44439906e-02,
         1.93847269e-01, 3.68499123e-02, 1.17686704e-01, 9.38944221e-02,
         6.18092827e-02],
        [5.40582277e-03, 3.06601733e-01, 8.24881256e-01, 1.96946925e-03,
         4.93727364e-02, 3.37947189e-04, 8.98366142e-03, 2.64942227e-03,
         2.08154507e-03],
        [9.83233098e-04, 3.33504736e-01, 9.27312553e-01, 5.32620877e-04,
         2.67653000e-02, 4.06978215e-05, 3.74564459e-03, 4.47716098e-04,
         4.91790124e-04],
        [6.38257770e-04, 3.44794571e-01, 9.71239448e-01, 4.25026257e-04,
         2.61315126e-02, 2.57835472e-05, 3.20601300e-03, 3.24446941e-04,
         3.64909531e-04],
        [5.79528220e-04, 3.52711916e-01, 9.88633811e-01, 4.12191963e-04,
         2.65393313e-02, 2.34022809e-05, 3.09120980e-03, 3.05538939e-04,
         3.45181266e-04],
        [5.68734249e-04, 3.58483434e-01, 9.95272398e-01, 4.13383794e-04,
         2.66484767e-02, 2.29687994e-05, 3.05602769e-03, 3.02870525e-04,
         3.45256645e-04],
        [5.69745142e-04, 3.63219887e-01, 9.97771025e-01, 4.15812974e-04,
         2.66048219e-02, 2.29517027e-05, 3.05110984e-03, 3.02646920e-04,
         3.49613139e-04],
        [5.66657283e-04, 3.66012514e-01, 9.98711765e-01, 4.16945521e-04,
         2.66007688e-02, 2.28287245e-05, 3.04638618e-03, 3.02557426e-04,
         3.49941605e-04],
        [5.69607189e-04, 3.68647993e-01, 9.99061167e-01, 4.18525247e-04,
         2.65482701e-02, 2.28784284e-05, 3.04307812e-03, 3.03287699e-04,
         3.53313430e-04],
        [5.66949428e-04, 3.69476199e-01, 9.99194920e-01, 4.18942509e-04,
         2.65705343e-02, 2.27804248e-05, 3.03975493e-03, 3.02125263e-04,
         3.51732335e-04],
        [5.67276322e-04, 3.70770216e-01, 9.99244928e-01, 4.19836637e-04,
         2.65607405e-02, 2.27824512e-05, 3.03701311e-03, 3.02855478e-04,
         3.53134616e-04],
        [5.67710784e-04, 3.71439934e-01, 9.99262273e-01, 4.19791933e-04,
         2.65399329e-02, 2.27750461e-05, 3.03830951e-03, 3.02691624e-04,
         3.54059419e-04],
        [5.70289267e-04, 3.72283757e-01, 9.99267638e-01, 4.20686149e-04,
         2.65012719e-02, 2.28119607e-05, 3.03746015e-03, 3.03317502e-04,
         3.55238502e-04],
        [5.68246178e-04, 3.72466087e-01, 9.99272048e-01, 4.20090073e-04,
         2.65257135e-02, 2.27739911e-05, 3.03571671e-03, 3.02900211e-04,
         3.54507443e-04],
        [5.65096329e-04, 3.71998906e-01, 9.99274909e-01, 4.19493852e-04,
         2.65580900e-02, 2.26768407e-05, 3.03485245e-03, 3.02169967e-04,
         3.52016214e-04],
        [5.68989431e-04, 3.72853100e-01, 9.99272585e-01, 4.20432858e-04,
         2.65059359e-02, 2.28121226e-05, 3.03695351e-03, 3.02900240e-04,
         3.55149095e-04],
        [5.67161536e-04, 3.72708440e-01, 9.99272764e-01, 4.20328521e-04,
         2.65164152e-02, 2.27519522e-05, 3.03103752e-03, 3.02840606e-04,
         3.54582793e-04],
        [5.70165168e-04, 3.73420686e-01, 9.99271393e-01, 4.21043864e-04,
         2.64510904e-02, 2.28252939e-05, 3.03580612e-03, 3.03094013e-04,
         3.55865515e-04],
        [5.73848432e-04, 3.74281943e-01, 9.99269962e-01, 4.22221288e-04,
         2.64108442e-02, 2.29369252e-05, 3.03751975e-03, 3.03913665e-04,
         3.58565681e-04],
        [5.69773081e-04, 3.73441577e-01, 9.99272406e-01, 4.21401521e-04,
         2.64640637e-02, 2.28021963e-05, 3.03516537e-03, 3.02527740e-04,
         3.55939817e-04],
        [5.66579634e-04, 3.73104721e-01, 9.99273539e-01, 4.20492433e-04,
         2.64938474e-02, 2.27485725e-05, 3.03312391e-03, 3.01946508e-04,
         3.54223826e-04],
        [5.63530368e-04, 3.72446716e-01, 9.99275446e-01, 4.19732271e-04,
         2.65662987e-02, 2.26546890e-05, 3.03096301e-03, 3.01931548e-04,
         3.52552976e-04],
        [5.67305542e-04, 3.73040020e-01, 9.99273241e-01, 4.21088509e-04,
         2.65343208e-02, 2.27507862e-05, 3.03017348e-03, 3.02482949e-04,
         3.54477495e-04],
        [5.68625343e-04, 3.73390108e-01, 9.99272287e-01, 4.21148114e-04,
         2.65100598e-02, 2.27554101e-05, 3.03360075e-03, 3.02944914e-04,
         3.55104130e-04],
        [5.71352255e-04, 3.73831630e-01, 9.99271154e-01, 4.21878416e-04,
         2.64464226e-02, 2.28340341e-05, 3.03772837e-03, 3.03272827e-04,
         3.56894656e-04],
        [5.69846190e-04, 3.73523235e-01, 9.99271572e-01, 4.21580335e-04,
         2.64638569e-02, 2.27882556e-05, 3.03398818e-03, 3.02959903e-04,
         3.56059347e-04],
        [5.63852896e-04, 3.72588575e-01, 9.99275088e-01, 4.20417782e-04,
         2.65633930e-02, 2.26504944e-05, 3.03199142e-03, 3.01737775e-04,
         3.51688184e-04],
        [5.65394817e-04, 3.72533262e-01, 9.99274015e-01, 4.20343305e-04,
         2.65557896e-02, 2.26736684e-05, 3.03149945e-03, 3.02363711e-04,
         3.53105046e-04],
        [5.69138036e-04, 3.73363316e-01, 9.99271810e-01, 4.21312085e-04,
         2.64728907e-02, 2.28061672e-05, 3.03436071e-03, 3.02825734e-04,
         3.55522177e-04],
        [5.68339194e-04, 3.73553336e-01, 9.99272168e-01, 4.21103468e-04,
         2.64731925e-02, 2.27989822e-05, 3.03394347e-03, 3.02900240e-04,
         3.55074590e-04],
        [5.66097209e-04, 3.73027503e-01, 9.99272466e-01, 4.20835189e-04,
         2.65034921e-02, 2.27133660e-05, 3.03231925e-03, 3.02244560e-04,
         3.53895914e-04],
        [5.68281568e-04, 3.73540074e-01, 9.99273419e-01, 4.20552038e-04,
         2.64927745e-02, 2.27742676e-05, 3.03534418e-03, 3.02736327e-04,
         3.54776246e-04]]], dtype=float32), array([[[1.0781997e-01, 6.2362647e-01, 7.2676009e-01, 2.2397323e-03,
         5.9682080e-03, 5.8698689e-04, 2.8082819e-03, 2.4655352e-03,
         1.2856117e-03],
        [2.2702286e-01, 8.6160719e-01, 8.7959778e-01, 2.3067425e-05,
         1.9172678e-05, 1.6130060e-06, 3.1800806e-05, 1.0279024e-05,
         4.0983588e-05],
        [3.8803563e-01, 9.4389510e-01, 9.5204395e-01, 1.0935939e-05,
         6.8494337e-06, 7.6120199e-07, 2.1397884e-05, 5.3221233e-06,
         4.1325380e-05],
        [4.3801877e-01, 9.7831452e-01, 9.8179418e-01, 9.8465252e-06,
         5.9077238e-06, 6.9397163e-07, 1.9797106e-05, 5.0487411e-06,
         4.1956984e-05],
        [4.5156667e-01, 9.9169677e-01, 9.9321425e-01, 9.7491411e-06,
         5.8120522e-06, 6.8147125e-07, 1.9498193e-05, 5.0160697e-06,
         4.1957137e-05],
        [4.5589408e-01, 9.9675006e-01, 9.9748367e-01, 9.7541815e-06,
         5.8117585e-06, 6.7720896e-07, 1.9443731e-05, 5.0002222e-06,
         4.1904183e-05],
        [4.5730665e-01, 9.9863839e-01, 9.9906409e-01, 9.7628454e-06,
         5.8213327e-06, 6.7471865e-07, 1.9449350e-05, 4.9885721e-06,
         4.1855055e-05],
        [4.5767170e-01, 9.9934161e-01, 9.9964690e-01, 9.7680504e-06,
         5.8226265e-06, 6.7364238e-07, 1.9454545e-05, 4.9844207e-06,
         4.1811480e-05],
        [4.5771816e-01, 9.9960369e-01, 9.9986154e-01, 9.7669154e-06,
         5.8219157e-06, 6.7267234e-07, 1.9461448e-05, 4.9816831e-06,
         4.1766751e-05],
        [4.5739374e-01, 9.9970126e-01, 9.9994057e-01, 9.7645407e-06,
         5.8247206e-06, 6.7194719e-07, 1.9472567e-05, 4.9788478e-06,
         4.1733270e-05],
        [4.5726457e-01, 9.9973774e-01, 9.9996984e-01, 9.7599323e-06,
         5.8305782e-06, 6.7067958e-07, 1.9494773e-05, 4.9692608e-06,
         4.1715422e-05],
        [4.5700645e-01, 9.9975151e-01, 9.9998051e-01, 9.7585544e-06,
         5.8294495e-06, 6.7012911e-07, 1.9501820e-05, 4.9669484e-06,
         4.1692070e-05],
        [4.5658624e-01, 9.9975681e-01, 9.9998456e-01, 9.7525162e-06,
         5.8266260e-06, 6.6975980e-07, 1.9499215e-05, 4.9668256e-06,
         4.1657368e-05],
        [4.5628959e-01, 9.9975884e-01, 9.9998581e-01, 9.7487600e-06,
         5.8261539e-06, 6.6946097e-07, 1.9500165e-05, 4.9647465e-06,
         4.1608782e-05],
        [4.5602456e-01, 9.9975961e-01, 9.9998647e-01, 9.7426810e-06,
         5.8328028e-06, 6.6808207e-07, 1.9518919e-05, 4.9562454e-06,
         4.1572672e-05],
        [4.5595062e-01, 9.9976015e-01, 9.9998677e-01, 9.7404982e-06,
         5.8336709e-06, 6.6691393e-07, 1.9529587e-05, 4.9504160e-06,
         4.1547162e-05],
        [4.5576900e-01, 9.9976039e-01, 9.9998689e-01, 9.7342672e-06,
         5.8402670e-06, 6.6563291e-07, 1.9551428e-05, 4.9412470e-06,
         4.1527550e-05],
        [4.5549482e-01, 9.9976051e-01, 9.9998683e-01, 9.7357060e-06,
         5.8362803e-06, 6.6524581e-07, 1.9553758e-05, 4.9425666e-06,
         4.1502084e-05],
        [4.5529264e-01, 9.9976063e-01, 9.9998689e-01, 9.7278353e-06,
         5.8410187e-06, 6.6439748e-07, 1.9571053e-05, 4.9346349e-06,
         4.1466330e-05],
        [4.5504102e-01, 9.9976081e-01, 9.9998689e-01, 9.7263692e-06,
         5.8384126e-06, 6.6386485e-07, 1.9573497e-05, 4.9330260e-06,
         4.1443920e-05],
        [4.5465225e-01, 9.9976099e-01, 9.9998689e-01, 9.7224001e-06,
         5.8393371e-06, 6.6355403e-07, 1.9579771e-05, 4.9292216e-06,
         4.1396732e-05],
        [4.5437041e-01, 9.9976104e-01, 9.9998701e-01, 9.7201755e-06,
         5.8442565e-06, 6.6236862e-07, 1.9591240e-05, 4.9230439e-06,
         4.1345451e-05],
        [4.5411038e-01, 9.9976110e-01, 9.9998689e-01, 9.7150969e-06,
         5.8455162e-06, 6.6187670e-07, 1.9602750e-05, 4.9178911e-06,
         4.1312756e-05],
        [4.5383394e-01, 9.9976110e-01, 9.9998701e-01, 9.7114098e-06,
         5.8480255e-06, 6.6106668e-07, 1.9612138e-05, 4.9134987e-06,
         4.1274143e-05],
        [4.5365360e-01, 9.9976134e-01, 9.9998701e-01, 9.7090951e-06,
         5.8455107e-06, 6.6052667e-07, 1.9613934e-05, 4.9118166e-06,
         4.1244290e-05],
        [4.5329997e-01, 9.9976140e-01, 9.9998701e-01, 9.7059656e-06,
         5.8475180e-06, 6.5998137e-07, 1.9621586e-05, 4.9079913e-06,
         4.1205560e-05],
        [4.5304635e-01, 9.9976158e-01, 9.9998701e-01, 9.7033653e-06,
         5.8463525e-06, 6.5996687e-07, 1.9631712e-05, 4.9065125e-06,
         4.1167292e-05],
        [4.5272383e-01, 9.9976158e-01, 9.9998701e-01, 9.7009042e-06,
         5.8486385e-06, 6.5914480e-07, 1.9634033e-05, 4.9020086e-06,
         4.1126037e-05],
        [4.5249924e-01, 9.9976152e-01, 9.9998707e-01, 9.7005995e-06,
         5.8484711e-06, 6.5859683e-07, 1.9642986e-05, 4.8976767e-06,
         4.1101637e-05],
        [4.5224679e-01, 9.9976158e-01, 9.9998713e-01, 9.6969088e-06,
         5.8526339e-06, 6.5792517e-07, 1.9658204e-05, 4.8921452e-06,
         4.1046693e-05],
        [4.5201305e-01, 9.9976170e-01, 9.9998713e-01, 9.6972326e-06,
         5.8478468e-06, 6.5778460e-07, 1.9655898e-05, 4.8933630e-06,
         4.1022562e-05],
        [4.5177177e-01, 9.9976170e-01, 9.9998713e-01, 9.6940057e-06,
         5.8535156e-06, 6.5673032e-07, 1.9666491e-05, 4.8860184e-06,
         4.0987736e-05]]], dtype=float32), array([[[4.65274423e-01, 5.98777652e-01, 7.10507512e-01, 1.21245589e-02,
         1.61241628e-02, 5.55011164e-03, 1.02134096e-02, 1.27312085e-02,
         8.46768077e-03],
        [8.47262025e-01, 8.60206544e-01, 8.76447558e-01, 4.49165145e-06,
         1.12241332e-06, 4.97466260e-07, 1.77944969e-06, 1.52118412e-06,
         1.55629550e-05],
        [9.38363850e-01, 9.43589866e-01, 9.50697243e-01, 9.67974188e-07,
         1.30750223e-07, 9.01460737e-08, 4.42974567e-07, 3.13524282e-07,
         6.83170447e-06],
        [9.76114988e-01, 9.78473902e-01, 9.81278419e-01, 8.05634045e-07,
         9.99272345e-08, 7.00813914e-08, 3.58075852e-07, 2.54098978e-07,
         6.15180443e-06],
        [9.90775168e-01, 9.91967559e-01, 9.93029714e-01, 7.86131352e-07,
         9.64575406e-08, 6.70554812e-08, 3.43992809e-07, 2.46796674e-07,
         6.03151238e-06],
        [9.96287048e-01, 9.97026801e-01, 9.97423947e-01, 7.83070959e-07,
         9.61009192e-08, 6.64365771e-08, 3.40525787e-07, 2.45703205e-07,
         5.98806037e-06],
        [9.98334229e-01, 9.98901486e-01, 9.99050260e-01, 7.81847916e-07,
         9.61069659e-08, 6.62711628e-08, 3.39280376e-07, 2.45424047e-07,
         5.96308655e-06],
        [9.99091029e-01, 9.99593139e-01, 9.99650002e-01, 7.80839002e-07,
         9.61318136e-08, 6.62030715e-08, 3.38622243e-07, 2.45297940e-07,
         5.94579569e-06],
        [9.99370277e-01, 9.99847829e-01, 9.99870777e-01, 7.79987545e-07,
         9.61425357e-08, 6.61779467e-08, 3.38232041e-07, 2.45205086e-07,
         5.93443792e-06],
        [9.99473214e-01, 9.99941707e-01, 9.99952078e-01, 7.79444008e-07,
         9.61541815e-08, 6.61667130e-08, 3.38017941e-07, 2.45131901e-07,
         5.92713241e-06],
        [9.99511182e-01, 9.99976158e-01, 9.99981880e-01, 7.79037521e-07,
         9.61560147e-08, 6.61580017e-08, 3.37859063e-07, 2.45093560e-07,
         5.92240076e-06],
        [9.99525070e-01, 9.99988914e-01, 9.99992907e-01, 7.78591129e-07,
         9.61567537e-08, 6.61529569e-08, 3.37758848e-07, 2.45013638e-07,
         5.91693060e-06],
        [9.99529839e-01, 9.99993682e-01, 9.99996901e-01, 7.78077492e-07,
         9.61468487e-08, 6.61518200e-08, 3.37634873e-07, 2.44943777e-07,
         5.91097387e-06],
        [9.99531865e-01, 9.99995351e-01, 9.99998450e-01, 7.78129447e-07,
         9.61501456e-08, 6.61528929e-08, 3.37604916e-07, 2.44958045e-07,
         5.91246362e-06],
        [9.99532640e-01, 9.99995947e-01, 9.99999046e-01, 7.77946866e-07,
         9.61468487e-08, 6.61508111e-08, 3.37543099e-07, 2.44943777e-07,
         5.91124990e-06],
        [9.99532938e-01, 9.99996245e-01, 9.99999285e-01, 7.77851938e-07,
         9.61482201e-08, 6.61469670e-08, 3.37528633e-07, 2.44929538e-07,
         5.90966874e-06],
        [9.99532819e-01, 9.99996305e-01, 9.99999285e-01, 7.77617515e-07,
         9.61420739e-08, 6.61494894e-08, 3.37508681e-07, 2.44873235e-07,
         5.90689388e-06],
        [9.99532700e-01, 9.99996305e-01, 9.99999285e-01, 7.77415153e-07,
         9.61391464e-08, 6.61477841e-08, 3.37470368e-07, 2.44841942e-07,
         5.90436230e-06],
        [9.99532819e-01, 9.99996305e-01, 9.99999285e-01, 7.77644971e-07,
         9.61448308e-08, 6.61510029e-08, 3.37512830e-07, 2.44863429e-07,
         5.90676063e-06],
        [9.99532700e-01, 9.99996305e-01, 9.99999344e-01, 7.77550099e-07,
         9.61411644e-08, 6.61522606e-08, 3.37499984e-07, 2.44834013e-07,
         5.90518903e-06],
        [9.99532700e-01, 9.99996305e-01, 9.99999344e-01, 7.77504056e-07,
         9.61382298e-08, 6.61552306e-08, 3.37491912e-07, 2.44849900e-07,
         5.90564105e-06],
        [9.99532700e-01, 9.99996424e-01, 9.99999344e-01, 7.77413618e-07,
         9.61345563e-08, 6.61563035e-08, 3.37481964e-07, 2.44824435e-07,
         5.90440868e-06],
        [9.99532700e-01, 9.99996245e-01, 9.99999285e-01, 7.77493710e-07,
         9.61347411e-08, 6.61619808e-08, 3.37479690e-07, 2.44840095e-07,
         5.90535456e-06],
        [9.99532700e-01, 9.99996305e-01, 9.99999285e-01, 7.77455170e-07,
         9.61366666e-08, 6.61568720e-08, 3.37512205e-07, 2.44807637e-07,
         5.90474292e-06],
        [9.99532700e-01, 9.99996305e-01, 9.99999285e-01, 7.77440334e-07,
         9.61363043e-08, 6.61526443e-08, 3.37501916e-07, 2.44816732e-07,
         5.90482932e-06],
        [9.99532700e-01, 9.99996424e-01, 9.99999285e-01, 7.77384003e-07,
         9.61301581e-08, 6.61574333e-08, 3.37510272e-07, 2.44806472e-07,
         5.90480113e-06],
        [9.99532700e-01, 9.99996305e-01, 9.99999344e-01, 7.77379512e-07,
         9.61316289e-08, 6.61548469e-08, 3.37485488e-07, 2.44818608e-07,
         5.90432319e-06],
        [9.99532700e-01, 9.99996305e-01, 9.99999285e-01, 7.77438856e-07,
         9.61272235e-08, 6.61555433e-08, 3.37463945e-07, 2.44834013e-07,
         5.90558693e-06],
        [9.99532580e-01, 9.99996305e-01, 9.99999344e-01, 7.77418791e-07,
         9.61286943e-08, 6.61607160e-08, 3.37503849e-07, 2.44786378e-07,
         5.90405853e-06],
        [9.99532700e-01, 9.99996305e-01, 9.99999285e-01, 7.77561922e-07,
         9.61314441e-08, 6.61602115e-08, 3.37500609e-07, 2.44826538e-07,
         5.90633681e-06],
        [9.99532640e-01, 9.99996424e-01, 9.99999344e-01, 7.77364676e-07,
         9.61271382e-08, 6.61607160e-08, 3.37503195e-07, 2.44796894e-07,
         5.90461104e-06],
        [9.99532580e-01, 9.99996424e-01, 9.99999285e-01, 7.77308344e-07,
         9.61225481e-08, 6.61650077e-08, 3.37489666e-07, 2.44770035e-07,
         5.90322225e-06]]], dtype=float32), array([[[7.30665207e-01, 7.30856240e-01, 7.31041789e-01, 1.22931442e-05,
         2.08267738e-06, 2.60870092e-06, 3.40791735e-06, 5.39961457e-06,
         4.15560316e-05],
        [8.80710363e-01, 8.80736053e-01, 8.80792677e-01, 2.38068665e-07,
         1.49301425e-08, 2.24671552e-08, 4.28650324e-08, 5.16497032e-08,
         2.36428605e-06],
        [9.52532470e-01, 9.52546895e-01, 9.52572227e-01, 1.41900244e-07,
         7.69055575e-09, 1.21411308e-08, 2.31268160e-08, 2.83288131e-08,
         1.74034608e-06],
        [9.81994510e-01, 9.82002437e-01, 9.82012987e-01, 1.34408182e-07,
         7.24804439e-09, 1.12948477e-08, 2.09046984e-08, 2.55796273e-08,
         1.66474990e-06],
        [9.93297696e-01, 9.93302464e-01, 9.93306816e-01, 1.35462599e-07,
         7.49046958e-09, 1.15621450e-08, 2.05764010e-08, 2.47502907e-08,
         1.64834955e-06],
        [9.97522235e-01, 9.97525275e-01, 9.97527301e-01, 1.37362179e-07,
         7.82778731e-09, 1.20438450e-08, 2.05789910e-08, 2.41970177e-08,
         1.64165419e-06],
        [9.99085724e-01, 9.99087989e-01, 9.99088883e-01, 1.38787726e-07,
         8.09304446e-09, 1.24353567e-08, 2.06302779e-08, 2.38118840e-08,
         1.63591835e-06],
        [9.99662161e-01, 9.99664068e-01, 9.99664664e-01, 1.39578816e-07,
         8.25606694e-09, 1.26755442e-08, 2.06699795e-08, 2.35913191e-08,
         1.63271409e-06],
        [9.99874473e-01, 9.99876142e-01, 9.99876559e-01, 1.39930549e-07,
         8.33920222e-09, 1.27946871e-08, 2.06909263e-08, 2.34767228e-08,
         1.63031700e-06],
        [9.99952495e-01, 9.99954224e-01, 9.99954581e-01, 1.40077546e-07,
         8.37671266e-09, 1.28454012e-08, 2.06979518e-08, 2.34216646e-08,
         1.62862636e-06],
        [9.99981284e-01, 9.99982953e-01, 9.99983311e-01, 1.40105342e-07,
         8.39212877e-09, 1.28632749e-08, 2.06986215e-08, 2.33937154e-08,
         1.62671461e-06],
        [9.99991894e-01, 9.99993563e-01, 9.99993920e-01, 1.40131263e-07,
         8.39975201e-09, 1.28679858e-08, 2.06985824e-08, 2.33842581e-08,
         1.62580614e-06],
        [9.99995828e-01, 9.99997377e-01, 9.99997735e-01, 1.40071137e-07,
         8.40201153e-09, 1.28678144e-08, 2.06947135e-08, 2.33766322e-08,
         1.62450692e-06],
        [9.99997258e-01, 9.99998868e-01, 9.99999225e-01, 1.40052038e-07,
         8.40318126e-09, 1.28641089e-08, 2.06910435e-08, 2.33707489e-08,
         1.62344656e-06],
        [9.99997675e-01, 9.99999404e-01, 9.99999702e-01, 1.39981807e-07,
         8.40393444e-09, 1.28627349e-08, 2.06869792e-08, 2.33681625e-08,
         1.62258232e-06],
        [9.99998033e-01, 9.99999583e-01, 1.00000000e+00, 1.39879447e-07,
         8.40268388e-09, 1.28600117e-08, 2.06805879e-08, 2.33607658e-08,
         1.62093556e-06],
        [9.99998033e-01, 9.99999642e-01, 1.00000000e+00, 1.39827705e-07,
         8.40300451e-09, 1.28603794e-08, 2.06773141e-08, 2.33661126e-08,
         1.62027516e-06],
        [9.99997973e-01, 9.99999583e-01, 1.00000000e+00, 1.39706671e-07,
         8.40061709e-09, 1.28567503e-08, 2.06709263e-08, 2.33591617e-08,
         1.61821276e-06],
        [9.99997973e-01, 9.99999642e-01, 1.00000000e+00, 1.39682157e-07,
         8.40040837e-09, 1.28557200e-08, 2.06647375e-08, 2.33550175e-08,
         1.61708442e-06],
        [9.99998093e-01, 9.99999642e-01, 1.00000000e+00, 1.39663769e-07,
         8.40101766e-09, 1.28548621e-08, 2.06616235e-08, 2.33564883e-08,
         1.61633409e-06],
        [9.99998033e-01, 9.99999642e-01, 1.00000000e+00, 1.39636072e-07,
         8.40172287e-09, 1.28550335e-08, 2.06558717e-08, 2.33557742e-08,
         1.61649643e-06],
        [9.99998093e-01, 9.99999642e-01, 1.00000000e+00, 1.39551133e-07,
         8.39883896e-09, 1.28516504e-08, 2.06496082e-08, 2.33524347e-08,
         1.61445143e-06],
        [9.99998093e-01, 9.99999642e-01, 1.00000000e+00, 1.39528254e-07,
         8.39925463e-09, 1.28517730e-08, 2.06444888e-08, 2.33495836e-08,
         1.61384503e-06],
        [9.99998033e-01, 9.99999583e-01, 1.00000000e+00, 1.39565245e-07,
         8.40215542e-09, 1.28512827e-08, 2.06446060e-08, 2.33555522e-08,
         1.61393541e-06],
        [9.99998033e-01, 9.99999642e-01, 1.00000000e+00, 1.39541015e-07,
         8.40191472e-09, 1.28523121e-08, 2.06391331e-08, 2.33585808e-08,
         1.61378921e-06],
        [9.99997973e-01, 9.99999642e-01, 1.00000000e+00, 1.39487000e-07,
         8.40098568e-09, 1.28510624e-08, 2.06336619e-08, 2.33556854e-08,
         1.61285334e-06],
        [9.99998093e-01, 9.99999642e-01, 1.00000000e+00, 1.39500571e-07,
         8.40194669e-09, 1.28509399e-08, 2.06301998e-08, 2.33607196e-08,
         1.61279377e-06],
        [9.99997973e-01, 9.99999642e-01, 1.00000000e+00, 1.39496322e-07,
         8.40271586e-09, 1.28496893e-08, 2.06267359e-08, 2.33621460e-08,
         1.61261937e-06],
        [9.99997973e-01, 9.99999642e-01, 1.00000000e+00, 1.39468511e-07,
         8.40191472e-09, 1.28499593e-08, 2.06197743e-08, 2.33601405e-08,
         1.61249091e-06],
        [9.99997973e-01, 9.99999642e-01, 1.00000000e+00, 1.39465456e-07,
         8.40108161e-09, 1.28490276e-08, 2.06150546e-08, 2.33640627e-08,
         1.61178605e-06],
        [9.99997973e-01, 9.99999642e-01, 1.00000000e+00, 1.39444978e-07,
         8.40114556e-09, 1.28492488e-08, 2.06105337e-08, 2.33646862e-08,
         1.61130436e-06],
        [9.99998093e-01, 9.99999583e-01, 1.00000000e+00, 1.39377164e-07,
         8.40005576e-09, 1.28493713e-08, 2.06051105e-08, 2.33645974e-08,
         1.61044727e-06]]], dtype=float32), array([[[7.3099905e-01, 7.3095393e-01, 7.3104888e-01, 7.9083211e-06,
         1.0947604e-06, 1.8783692e-06, 1.4739346e-06, 3.1795530e-06,
         3.0872910e-05],
        [8.8077974e-01, 8.8076967e-01, 8.8079488e-01, 6.9991529e-08,
         2.6571614e-09, 6.6782428e-09, 6.2129808e-09, 1.0779715e-08,
         9.5521318e-07],
        [9.5256615e-01, 9.5256221e-01, 9.5257318e-01, 3.9760224e-08,
         1.3375860e-09, 3.6366157e-09, 3.0616190e-09, 5.2826330e-09,
         6.7596557e-07],
        [9.8201036e-01, 9.8200905e-01, 9.8201340e-01, 3.7441218e-08,
         1.2692085e-09, 3.4087730e-09, 2.7384566e-09, 4.6572501e-09,
         6.4389565e-07],
        [9.9330568e-01, 9.9330533e-01, 9.9330699e-01, 3.7318021e-08,
         1.2714740e-09, 3.3705185e-09, 2.6813956e-09, 4.5487925e-09,
         6.3657387e-07],
        [9.9752682e-01, 9.9752671e-01, 9.9752730e-01, 3.7347927e-08,
         1.2740206e-09, 3.3584542e-09, 2.6669404e-09, 4.5269206e-09,
         6.3451387e-07],
        [9.9908870e-01, 9.9908870e-01, 9.9908888e-01, 3.7374292e-08,
         1.2751753e-09, 3.3521697e-09, 2.6626354e-09, 4.5195097e-09,
         6.3337052e-07],
        [9.9966443e-01, 9.9966449e-01, 9.9966466e-01, 3.7387768e-08,
         1.2759490e-09, 3.3491021e-09, 2.6614728e-09, 4.5164676e-09,
         6.3299996e-07],
        [9.9987662e-01, 9.9987662e-01, 9.9987650e-01, 3.7390549e-08,
         1.2763287e-09, 3.3469947e-09, 2.6614728e-09, 4.5148916e-09,
         6.3228816e-07],
        [9.9995458e-01, 9.9995458e-01, 9.9995458e-01, 3.7395541e-08,
         1.2765040e-09, 3.3457692e-09, 2.6613662e-09, 4.5135571e-09,
         6.3206096e-07],
        [9.9998331e-01, 9.9998331e-01, 9.9998319e-01, 3.7391406e-08,
         1.2764479e-09, 3.3452141e-09, 2.6612241e-09, 4.5129371e-09,
         6.3187781e-07],
        [9.9999392e-01, 9.9999392e-01, 9.9999386e-01, 3.7385913e-08,
         1.2763993e-09, 3.3451246e-09, 2.6613458e-09, 4.5135140e-09,
         6.3149446e-07],
        [9.9999774e-01, 9.9999774e-01, 9.9999774e-01, 3.7381565e-08,
         1.2764065e-09, 3.3444294e-09, 2.6613509e-09, 4.5126702e-09,
         6.3131159e-07],
        [9.9999928e-01, 9.9999917e-01, 9.9999923e-01, 3.7378214e-08,
         1.2763677e-09, 3.3450163e-09, 2.6612341e-09, 4.5131952e-09,
         6.3136980e-07],
        [9.9999976e-01, 9.9999976e-01, 9.9999976e-01, 3.7372654e-08,
         1.2766159e-09, 3.3450163e-09, 2.6616354e-09, 4.5138582e-09,
         6.3123787e-07],
        [1.0000000e+00, 1.0000000e+00, 1.0000000e+00, 3.7372725e-08,
         1.2765600e-09, 3.3440850e-09, 2.6617011e-09, 4.5130664e-09,
         6.3061140e-07],
        [1.0000000e+00, 1.0000000e+00, 1.0000000e+00, 3.7370658e-08,
         1.2767402e-09, 3.3438936e-09, 2.6618432e-09, 4.5131783e-09,
         6.3061071e-07],
        [1.0000000e+00, 1.0000000e+00, 1.0000000e+00, 3.7368945e-08,
         1.2767548e-09, 3.3430390e-09, 2.6619196e-09, 4.5123087e-09,
         6.3036316e-07],
        [1.0000000e+00, 1.0000000e+00, 1.0000000e+00, 3.7360824e-08,
         1.2766671e-09, 3.3436003e-09, 2.6617721e-09, 4.5129802e-09,
         6.3057161e-07],
        [1.0000000e+00, 1.0000000e+00, 1.0000000e+00, 3.7365670e-08,
         1.2772151e-09, 3.3425926e-09, 2.6623765e-09, 4.5121800e-09,
         6.3032866e-07],
        [1.0000000e+00, 1.0000000e+00, 1.0000000e+00, 3.7358827e-08,
         1.2767791e-09, 3.3429242e-09, 2.6618281e-09, 4.5123603e-09,
         6.3034537e-07],
        [1.0000000e+00, 1.0000000e+00, 1.0000000e+00, 3.7359396e-08,
         1.2773442e-09, 3.3423058e-09, 2.6625493e-09, 4.5121800e-09,
         6.3023873e-07],
        [1.0000000e+00, 1.0000000e+00, 1.0000000e+00, 3.7365812e-08,
         1.2770617e-09, 3.3408207e-09, 2.6623308e-09, 4.5105533e-09,
         6.2972316e-07],
        [1.0000000e+00, 1.0000000e+00, 1.0000000e+00, 3.7361250e-08,
         1.2772176e-09, 3.3411394e-09, 2.6624272e-09, 4.5108806e-09,
         6.2986055e-07],
        [1.0000000e+00, 1.0000000e+00, 1.0000000e+00, 3.7355335e-08,
         1.2772858e-09, 3.3410630e-09, 2.6624374e-09, 4.5109836e-09,
         6.2986112e-07],
        [1.0000000e+00, 1.0000000e+00, 1.0000000e+00, 3.7358969e-08,
         1.2772979e-09, 3.3402474e-09, 2.6623359e-09, 4.5097877e-09,
         6.2979217e-07],
        [1.0000000e+00, 1.0000000e+00, 1.0000000e+00, 3.7351700e-08,
         1.2771664e-09, 3.3400689e-09, 2.6624070e-09, 4.5101922e-09,
         6.2947390e-07],
        [1.0000000e+00, 1.0000000e+00, 1.0000000e+00, 3.7337529e-08,
         1.2766769e-09, 3.3414325e-09, 2.6619347e-09, 4.5119646e-09,
         6.2952648e-07],
        [1.0000000e+00, 1.0000000e+00, 1.0000000e+00, 3.7348496e-08,
         1.2773101e-09, 3.3398906e-09, 2.6624170e-09, 4.5100115e-09,
         6.2950642e-07],
        [1.0000000e+00, 1.0000000e+00, 1.0000000e+00, 3.7343796e-08,
         1.2774003e-09, 3.3398779e-09, 2.6626150e-09, 4.5105191e-09,
         6.2935260e-07],
        [1.0000000e+00, 1.0000000e+00, 1.0000000e+00, 3.7339593e-08,
         1.2772345e-09, 3.3402729e-09, 2.6623814e-09, 4.5108459e-09,
         6.2941461e-07],
        [1.0000000e+00, 1.0000000e+00, 1.0000000e+00, 3.7342371e-08,
         1.2774222e-09, 3.3392920e-09, 2.6625440e-09, 4.5097535e-09,
         6.2930178e-07]]], dtype=float32), array([[[7.31056452e-01, 7.31052697e-01, 7.31057405e-01, 9.79530000e-07,
         3.81937255e-08, 2.11086487e-07, 1.12060476e-07, 2.28853551e-07,
         1.30267672e-05],
        [8.80795956e-01, 8.80794764e-01, 8.80796790e-01, 2.57247024e-08,
         5.96185934e-10, 2.60990074e-09, 1.38586187e-09, 3.12263548e-09,
         5.48029902e-07],
        [9.52573478e-01, 9.52573180e-01, 9.52574015e-01, 1.53156030e-08,
         3.48791107e-10, 1.43831136e-09, 7.17119919e-10, 1.59802238e-09,
         3.40699785e-07],
        [9.82013464e-01, 9.82013404e-01, 9.82013702e-01, 1.44417305e-08,
         3.32376016e-10, 1.32107769e-09, 6.45131337e-10, 1.42977208e-09,
         3.16077859e-07],
        [9.93306994e-01, 9.93306994e-01, 9.93307173e-01, 1.43785970e-08,
         3.31829342e-10, 1.29773914e-09, 6.31722452e-10, 1.40138257e-09,
         3.11191968e-07],
        [9.97527301e-01, 9.97527242e-01, 9.97527301e-01, 1.43913006e-08,
         3.32379180e-10, 1.29099686e-09, 6.28497920e-10, 1.39501410e-09,
         3.09670156e-07],
        [9.99088883e-01, 9.99088883e-01, 9.99089003e-01, 1.44008840e-08,
         3.32656347e-10, 1.28869904e-09, 6.27501384e-10, 1.39312095e-09,
         3.09077848e-07],
        [9.99664545e-01, 9.99664664e-01, 9.99664545e-01, 1.44075321e-08,
         3.32835925e-10, 1.28758604e-09, 6.27223773e-10, 1.39216461e-09,
         3.08735849e-07],
        [9.99876499e-01, 9.99876559e-01, 9.99876618e-01, 1.44120671e-08,
         3.32882916e-10, 1.28702138e-09, 6.27055075e-10, 1.39148770e-09,
         3.08613522e-07],
        [9.99954581e-01, 9.99954581e-01, 9.99954581e-01, 1.44149261e-08,
         3.32931821e-10, 1.28677824e-09, 6.27021601e-10, 1.39113210e-09,
         3.08488552e-07],
        [9.99983311e-01, 9.99983191e-01, 9.99983311e-01, 1.44167140e-08,
         3.32954664e-10, 1.28666300e-09, 6.26988128e-10, 1.39086409e-09,
         3.08448108e-07],
        [9.99993801e-01, 9.99993920e-01, 9.99993920e-01, 1.44181982e-08,
         3.32992134e-10, 1.28665312e-09, 6.27016827e-10, 1.39075274e-09,
         3.08340987e-07],
        [9.99997735e-01, 9.99997735e-01, 9.99997854e-01, 1.44185561e-08,
         3.33025829e-10, 1.28676358e-09, 6.27076613e-10, 1.39079781e-09,
         3.08184184e-07],
        [9.99999225e-01, 9.99999166e-01, 9.99999166e-01, 1.44202064e-08,
         3.33102046e-10, 1.28674393e-09, 6.27191465e-10, 1.39079781e-09,
         3.07975512e-07],
        [9.99999702e-01, 9.99999762e-01, 9.99999762e-01, 1.44194638e-08,
         3.33110317e-10, 1.28686906e-09, 6.27192631e-10, 1.39089074e-09,
         3.07960022e-07],
        [1.00000000e+00, 1.00000000e+00, 1.00000000e+00, 1.44199861e-08,
         3.33113481e-10, 1.28673905e-09, 6.27190244e-10, 1.39074485e-09,
         3.07895846e-07],
        [1.00000000e+00, 1.00000000e+00, 1.00000000e+00, 1.44194363e-08,
         3.33167494e-10, 1.28703603e-09, 6.27284780e-10, 1.39102863e-09,
         3.07800065e-07],
        [1.00000000e+00, 1.00000000e+00, 1.00000000e+00, 1.44191059e-08,
         3.33145234e-10, 1.28712196e-09, 6.27266794e-10, 1.39114276e-09,
         3.07749218e-07],
        [1.00000000e+00, 1.00000000e+00, 1.00000000e+00, 1.44208387e-08,
         3.33205630e-10, 1.28682243e-09, 6.27345786e-10, 1.39090917e-09,
         3.07581956e-07],
        [1.00000000e+00, 1.00000000e+00, 1.00000000e+00, 1.44208663e-08,
         3.33227224e-10, 1.28664090e-09, 6.27372154e-10, 1.39078726e-09,
         3.07524118e-07],
        [1.00000000e+00, 1.00000000e+00, 1.00000000e+00, 1.44213068e-08,
         3.33220868e-10, 1.28663102e-09, 6.27350616e-10, 1.39075007e-09,
         3.07513346e-07],
        [1.00000000e+00, 1.00000000e+00, 1.00000000e+00, 1.44205909e-08,
         3.33224670e-10, 1.28660649e-09, 6.27321861e-10, 1.39069178e-09,
         3.07598128e-07],
        [1.00000000e+00, 1.00000000e+00, 1.00000000e+00, 1.44210315e-08,
         3.33251371e-10, 1.28665067e-09, 6.27361330e-10, 1.39075007e-09,
         3.07524999e-07],
        [1.00000000e+00, 1.00000000e+00, 1.00000000e+00, 1.44206460e-08,
         3.33269190e-10, 1.28648137e-09, 6.27410401e-10, 1.39066780e-09,
         3.07394345e-07],
        [1.00000000e+00, 1.00000000e+00, 1.00000000e+00, 1.44203991e-08,
         3.33215150e-10, 1.28657462e-09, 6.27309871e-10, 1.39064404e-09,
         3.07509993e-07],
        [1.00000000e+00, 1.00000000e+00, 1.00000000e+00, 1.44216363e-08,
         3.33253924e-10, 1.28624333e-09, 6.27330243e-10, 1.39040002e-09,
         3.07510760e-07],
        [1.00000000e+00, 1.00000000e+00, 1.00000000e+00, 1.44221595e-08,
         3.33250094e-10, 1.28615751e-09, 6.27318308e-10, 1.39027267e-09,
         3.07482992e-07],
        [1.00000000e+00, 1.00000000e+00, 1.00000000e+00, 1.44219943e-08,
         3.33270467e-10, 1.28614519e-09, 6.27355390e-10, 1.39027534e-09,
         3.07413245e-07],
        [1.00000000e+00, 1.00000000e+00, 1.00000000e+00, 1.44218015e-08,
         3.33281902e-10, 1.28595878e-09, 6.27369712e-10, 1.39019307e-09,
         3.07381413e-07],
        [1.00000000e+00, 1.00000000e+00, 1.00000000e+00, 1.44215813e-08,
         3.33318761e-10, 1.28589017e-09, 6.27428332e-10, 1.39018252e-09,
         3.07320022e-07],
        [1.00000000e+00, 1.00000000e+00, 1.00000000e+00, 1.44206460e-08,
         3.33327033e-10, 1.28611088e-09, 6.27443930e-10, 1.39040268e-09,
         3.07291828e-07],
        [1.00000000e+00, 1.00000000e+00, 1.00000000e+00, 1.44194638e-08,
         3.33304773e-10, 1.28621391e-09, 6.27421171e-10, 1.39051404e-09,
         3.07282789e-07]]], dtype=float32), array([[[5.1863618e-02, 1.2676674e-01, 4.2199299e-02, 5.2444375e-01,
         5.8170879e-01, 5.8277088e-01, 5.2540064e-01, 5.0116205e-01,
         6.1410129e-01],
        [3.2594115e-02, 9.1783613e-02, 5.8535311e-02, 3.9207861e-01,
         1.2531362e-01, 3.8229099e-01, 2.4055664e-01, 1.3662572e-01,
         6.3925284e-01],
        [7.3174721e-01, 7.3450625e-01, 7.4041504e-01, 9.1486692e-07,
         2.5738169e-08, 2.3289502e-07, 7.7407606e-08, 1.6273204e-07,
         1.7776858e-05],
        [8.8116479e-01, 8.8263541e-01, 8.8575935e-01, 1.5907144e-08,
         2.5763561e-10, 1.6409470e-09, 5.8722743e-10, 1.7266660e-09,
         4.6554064e-07],
        [9.5273221e-01, 9.5336407e-01, 9.5470202e-01, 8.5258467e-09,
         1.4063838e-10, 8.2937524e-10, 2.7646330e-10, 8.0133267e-10,
         2.8200165e-07],
        [9.8207557e-01, 9.8232245e-01, 9.8284459e-01, 7.9246369e-09,
         1.3404970e-10, 7.5817108e-10, 2.4596566e-10, 7.0048656e-10,
         2.6032487e-07],
        [9.9333036e-01, 9.9342328e-01, 9.9361968e-01, 7.8733819e-09,
         1.3392881e-10, 7.4397061e-10, 2.4056959e-10, 6.8249750e-10,
         2.5541812e-07],
        [9.9753600e-01, 9.9757051e-01, 9.9764335e-01, 7.8773477e-09,
         1.3416147e-10, 7.3972994e-10, 2.3928870e-10, 6.7796679e-10,
         2.5383386e-07],
        [9.9909210e-01, 9.9910486e-01, 9.9913174e-01, 7.8822922e-09,
         1.3431586e-10, 7.3818940e-10, 2.3894664e-10, 6.7635625e-10,
         2.5314930e-07],
        [9.9966574e-01, 9.9967045e-01, 9.9968040e-01, 7.8854505e-09,
         1.3436738e-10, 7.3784878e-10, 2.3882771e-10, 6.7575662e-10,
         2.5275111e-07],
        [9.9987710e-01, 9.9987876e-01, 9.9988234e-01, 7.8877216e-09,
         1.3443326e-10, 7.3754908e-10, 2.3881633e-10, 6.7535844e-10,
         2.5253445e-07],
        [9.9995470e-01, 9.9995542e-01, 9.9995673e-01, 7.8888798e-09,
         1.3443710e-10, 7.3735074e-10, 2.3876076e-10, 6.7504291e-10,
         2.5252891e-07],
        [9.9998331e-01, 9.9998355e-01, 9.9998403e-01, 7.8907609e-09,
         1.3446402e-10, 7.3739437e-10, 2.3876623e-10, 6.7491546e-10,
         2.5242565e-07],
        [9.9999380e-01, 9.9999398e-01, 9.9999410e-01, 7.8915141e-09,
         1.3447454e-10, 7.3741124e-10, 2.3876759e-10, 6.7483308e-10,
         2.5236812e-07],
        [9.9999774e-01, 9.9999785e-01, 9.9999779e-01, 7.8918303e-09,
         1.3446300e-10, 7.3777562e-10, 2.3876032e-10, 6.7498118e-10,
         2.5230705e-07],
        [9.9999923e-01, 9.9999917e-01, 9.9999923e-01, 7.8923419e-09,
         1.3444967e-10, 7.3812606e-10, 2.3876714e-10, 6.7512795e-10,
         2.5219364e-07],
        [9.9999976e-01, 9.9999976e-01, 9.9999976e-01, 7.8925071e-09,
         1.3444248e-10, 7.3835982e-10, 2.3877716e-10, 6.7524641e-10,
         2.5208220e-07],
        [1.0000000e+00, 1.0000000e+00, 1.0000000e+00, 7.8933651e-09,
         1.3446505e-10, 7.3851758e-10, 2.3879812e-10, 6.7531081e-10,
         2.5198841e-07],
        [1.0000000e+00, 1.0000000e+00, 1.0000000e+00, 7.8943287e-09,
         1.3447224e-10, 7.3852319e-10, 2.3881541e-10, 6.7529021e-10,
         2.5182857e-07],
        [1.0000000e+00, 1.0000000e+00, 1.0000000e+00, 7.8942834e-09,
         1.3443659e-10, 7.3867534e-10, 2.3877578e-10, 6.7532757e-10,
         2.5183303e-07],
        [1.0000000e+00, 1.0000000e+00, 1.0000000e+00, 7.8960305e-09,
         1.3450148e-10, 7.3854012e-10, 2.3885233e-10, 6.7528250e-10,
         2.5158764e-07],
        [1.0000000e+00, 1.0000000e+00, 1.0000000e+00, 7.8970546e-09,
         1.3452406e-10, 7.3834150e-10, 2.3884275e-10, 6.7508155e-10,
         2.5166770e-07],
        [1.0000000e+00, 1.0000000e+00, 1.0000000e+00, 7.8953226e-09,
         1.3444711e-10, 7.3872042e-10, 2.3879992e-10, 6.7537520e-10,
         2.5155668e-07],
        [1.0000000e+00, 1.0000000e+00, 1.0000000e+00, 7.8965732e-09,
         1.3449891e-10, 7.3858941e-10, 2.3883273e-10, 6.7524897e-10,
         2.5158150e-07],
        [1.0000000e+00, 1.0000000e+00, 1.0000000e+00, 7.8970244e-09,
         1.3451328e-10, 7.3862177e-10, 2.3884730e-10, 6.7525929e-10,
         2.5155347e-07],
        [1.0000000e+00, 1.0000000e+00, 1.0000000e+00, 7.8977180e-09,
         1.3456614e-10, 7.3841189e-10, 2.3891475e-10, 6.7521033e-10,
         2.5135532e-07],
        [1.0000000e+00, 1.0000000e+00, 1.0000000e+00, 7.8976274e-09,
         1.3456511e-10, 7.3837392e-10, 2.3888511e-10, 6.7511247e-10,
         2.5153730e-07],
        [1.0000000e+00, 1.0000000e+00, 1.0000000e+00, 7.8983957e-09,
         1.3457127e-10, 7.3826967e-10, 2.3889241e-10, 6.7505840e-10,
         2.5141941e-07],
        [1.0000000e+00, 1.0000000e+00, 1.0000000e+00, 7.8987723e-09,
         1.3456383e-10, 7.3802470e-10, 2.3885868e-10, 6.7485501e-10,
         2.5149308e-07],
        [1.0000000e+00, 1.0000000e+00, 1.0000000e+00, 7.8988931e-09,
         1.3454099e-10, 7.3810213e-10, 2.3884367e-10, 6.7489359e-10,
         2.5142359e-07],
        [1.0000000e+00, 1.0000000e+00, 1.0000000e+00, 7.8992244e-09,
         1.3456408e-10, 7.3797968e-10, 2.3885641e-10, 6.7482153e-10,
         2.5143081e-07],
        [1.0000000e+00, 1.0000000e+00, 1.0000000e+00, 7.8991036e-09,
         1.3456614e-10, 7.3810491e-10, 2.3886096e-10, 6.7489875e-10,
         2.5142052e-07]]], dtype=float32), array([[[0.15450878, 0.26862234, 0.07041576, 0.4701642 , 0.4486471 ,
         0.48522484, 0.41826543, 0.36972728, 0.6956328 ],
        [0.03347375, 0.45128155, 0.08746403, 0.27911648, 0.01194634,
         0.13070647, 0.03705391, 0.00264162, 0.8659351 ],
        [0.03599085, 0.437108  , 0.06115833, 0.25050002, 0.00196114,
         0.079444  , 0.01651369, 0.00131111, 0.9464473 ],
        [0.01148554, 0.35692763, 0.02401699, 0.35358173, 0.00226778,
         0.07903979, 0.01418791, 0.00219395, 0.9795111 ],
        [0.15469137, 0.45481881, 0.06062965, 0.20790713, 0.00129167,
         0.0595424 , 0.01244975, 0.00223184, 0.99184644],
        [0.0131448 , 0.3490599 , 0.02235046, 0.3750891 , 0.00189782,
         0.07371927, 0.01186659, 0.00257219, 0.9969658 ],
        [0.1986034 , 0.45465618, 0.05896293, 0.22018234, 0.00127972,
         0.05544977, 0.01063205, 0.00270113, 0.9984096 ],
        [0.01509967, 0.34967065, 0.02202654, 0.38483557, 0.00176691,
         0.06852634, 0.0105994 , 0.00263406, 0.99940544],
        [0.18675908, 0.45009193, 0.05646992, 0.23794816, 0.00123828,
         0.053697  , 0.00975732, 0.00236018, 0.9993914 ],
        [0.01300636, 0.35245344, 0.02295188, 0.39674717, 0.00166745,
         0.06115891, 0.01035887, 0.00231548, 0.9997413 ],
        [0.06488509, 0.40483034, 0.04819761, 0.3079447 , 0.00136992,
         0.06627658, 0.01072218, 0.00152796, 0.99960923],
        [0.00955639, 0.32898667, 0.02146406, 0.41474658, 0.00185955,
         0.06026557, 0.01082473, 0.00209253, 0.9997877 ],
        [0.17042302, 0.43249956, 0.0588497 , 0.26661333, 0.00147122,
         0.05650188, 0.00994693, 0.00233546, 0.9994382 ],
        [0.01248686, 0.3430425 , 0.02111664, 0.40798652, 0.00177486,
         0.06041903, 0.01049529, 0.00219206, 0.9998009 ],
        [0.2261652 , 0.44879797, 0.05938942, 0.24560577, 0.0014091 ,
         0.05032883, 0.00930867, 0.00272684, 0.99947786],
        [0.0149089 , 0.35995615, 0.02163935, 0.40058652, 0.00165621,
         0.05849528, 0.01006363, 0.00225487, 0.9998091 ],
        [0.2599463 , 0.46190608, 0.06262275, 0.22922501, 0.00131325,
         0.04527116, 0.00877293, 0.00283235, 0.9994912 ],
        [0.0164115 , 0.3722675 , 0.02198219, 0.3961224 , 0.0015653 ,
         0.05635168, 0.00983767, 0.00227634, 0.9998166 ],
        [0.24980585, 0.4651907 , 0.06129339, 0.23180163, 0.00122482,
         0.04377448, 0.00862984, 0.00250527, 0.9995649 ],
        [0.01520469, 0.3745761 , 0.02237781, 0.39833003, 0.00152751,
         0.05447699, 0.01000049, 0.00219551, 0.9998174 ],
        [0.29771104, 0.478768  , 0.06937145, 0.21201408, 0.00123871,
         0.04071952, 0.00838668, 0.00299252, 0.9994668 ],
        [0.01756044, 0.38853204, 0.02304544, 0.3920439 , 0.00147874,
         0.05393285, 0.00999449, 0.00225689, 0.9998201 ],
        [0.30598345, 0.48644   , 0.07119859, 0.20630512, 0.00121227,
         0.03913594, 0.0081757 , 0.00298258, 0.9994757 ],
        [0.01879309, 0.39403927, 0.02295174, 0.38942233, 0.00144606,
         0.05340783, 0.00977869, 0.00229527, 0.9998271 ],
        [0.31103587, 0.49146724, 0.07030668, 0.2051412 , 0.00119845,
         0.0386855 , 0.0081359 , 0.00300901, 0.99949706],
        [0.01888051, 0.39961424, 0.02338805, 0.3877457 , 0.00142489,
         0.0529211 , 0.00983402, 0.00228533, 0.9998261 ],
        [0.21782246, 0.4749129 , 0.05942873, 0.24010791, 0.00111046,
         0.04331616, 0.00847363, 0.00201217, 0.9996677 ],
        [0.01284829, 0.38504001, 0.02425931, 0.39946836, 0.00151578,
         0.05282432, 0.01071883, 0.00199553, 0.9998087 ],
        [0.20857295, 0.46929482, 0.06516816, 0.24670619, 0.00124995,
         0.04617026, 0.00873146, 0.00206877, 0.99955857],
        [0.01246237, 0.3763608 , 0.02360801, 0.40496984, 0.00156791,
         0.0546256 , 0.01059908, 0.00195952, 0.99980986],
        [0.06776508, 0.4178811 , 0.04762604, 0.31661192, 0.00129889,
         0.06093189, 0.00961508, 0.00139096, 0.9997302 ],
        [0.00901762, 0.34651256, 0.02232421, 0.42049268, 0.00170828,
         0.05674404, 0.01087362, 0.00179588, 0.9997988 ]]], dtype=float32), array([[[1.76640034e-01, 2.29625732e-01, 7.06493109e-02, 4.31855649e-01,
         3.50577831e-01, 3.96307975e-01, 3.36158812e-01, 2.58688122e-01,
         7.09645391e-01],
        [3.80121730e-02, 2.51524329e-01, 4.32008691e-02, 3.07971209e-01,
         4.85496875e-03, 4.10626121e-02, 1.36950267e-02, 2.24604085e-03,
         8.74749303e-01],
        [3.05275656e-02, 1.36207715e-01, 2.36980859e-02, 3.37116003e-01,
         9.40994883e-04, 1.65317394e-02, 5.79831982e-03, 1.41588436e-03,
         9.50168133e-01],
        [1.47834495e-02, 8.53126124e-02, 1.09936381e-02, 3.98377597e-01,
         1.01678749e-03, 1.95706468e-02, 4.98706149e-03, 2.11415626e-03,
         9.81015265e-01],
        [3.82112972e-02, 9.85330045e-02, 2.24881470e-02, 3.37914526e-01,
         8.32168269e-04, 1.48626510e-02, 4.93804505e-03, 1.45026844e-03,
         9.92768586e-01],
        [1.66247953e-02, 7.88256675e-02, 1.13245836e-02, 3.99988562e-01,
         8.78521299e-04, 1.59045849e-02, 4.06482117e-03, 2.05823150e-03,
         9.97289360e-01],
        [2.16202572e-01, 1.76872119e-01, 5.06463200e-02, 2.27299675e-01,
         5.45349787e-04, 1.03667295e-02, 3.64648364e-03, 1.38997403e-03,
         9.98800218e-01],
        [2.72758938e-02, 9.66671631e-02, 1.31409755e-02, 3.84218872e-01,
         6.88465661e-04, 1.27464468e-02, 3.31243128e-03, 1.96202495e-03,
         9.99541938e-01],
        [4.01725531e-01, 2.87419260e-01, 8.25440809e-02, 1.39787450e-01,
         4.44361300e-04, 8.31296388e-03, 2.41978327e-03, 1.85370818e-03,
         9.99626577e-01],
        [4.77354079e-02, 1.29799441e-01, 1.62310079e-02, 3.47000867e-01,
         5.59494481e-04, 1.05139222e-02, 2.55774567e-03, 1.93383230e-03,
         9.99853849e-01],
        [4.53992784e-01, 3.63407373e-01, 9.79543179e-02, 1.02553584e-01,
         4.22207697e-04, 7.42129562e-03, 2.14906479e-03, 2.17293366e-03,
         9.99733984e-01],
        [6.79027215e-02, 1.61715806e-01, 1.95617434e-02, 3.13199103e-01,
         4.80798597e-04, 8.81874934e-03, 2.23939889e-03, 1.80929201e-03,
         9.99903321e-01],
        [4.68385428e-01, 4.00880247e-01, 1.09699823e-01, 8.79451483e-02,
         3.95832001e-04, 6.58765901e-03, 2.04793992e-03, 2.21856521e-03,
         9.99739170e-01],
        [8.73546600e-02, 1.81927338e-01, 2.16306727e-02, 2.93321908e-01,
         4.53817222e-04, 8.02073069e-03, 2.07593036e-03, 1.73615583e-03,
         9.99915481e-01],
        [4.74177092e-01, 4.17350560e-01, 1.14123374e-01, 8.33179355e-02,
         3.91732756e-04, 6.32073916e-03, 2.02400517e-03, 2.23280163e-03,
         9.99742150e-01],
        [8.86874944e-02, 1.95422679e-01, 2.29346436e-02, 2.91053146e-01,
         4.33504756e-04, 7.29907071e-03, 2.15124991e-03, 1.62090256e-03,
         9.99922097e-01],
        [4.72914457e-01, 4.18413639e-01, 1.17096096e-01, 8.56316984e-02,
         3.60422535e-04, 5.92282042e-03, 1.99063984e-03, 1.91883650e-03,
         9.99765754e-01],
        [8.34486037e-02, 1.97864667e-01, 2.38050055e-02, 2.96570212e-01,
         4.36389877e-04, 6.78428402e-03, 2.19811266e-03, 1.51262281e-03,
         9.99925792e-01],
        [4.48133975e-01, 3.79203856e-01, 1.06860109e-01, 1.02113374e-01,
         3.04187881e-04, 5.52383810e-03, 1.86447240e-03, 1.23122463e-03,
         9.99851406e-01],
        [6.29058704e-02, 1.77757189e-01, 2.38424186e-02, 3.16785991e-01,
         4.59749688e-04, 6.81133429e-03, 2.17040931e-03, 1.37133396e-03,
         9.99923825e-01],
        [4.53335673e-01, 3.80718917e-01, 1.11872248e-01, 1.00362219e-01,
         3.32747702e-04, 5.89777064e-03, 1.95072335e-03, 1.32348132e-03,
         9.99830842e-01],
        [6.49225637e-02, 1.84506819e-01, 2.55502257e-02, 3.13594252e-01,
         4.67262260e-04, 6.81645283e-03, 2.19002599e-03, 1.32069993e-03,
         9.99922514e-01],
        [4.71012175e-01, 4.14580494e-01, 1.26941577e-01, 8.71962532e-02,
         3.94844101e-04, 5.99986548e-03, 1.99059420e-03, 1.79550156e-03,
         9.99760389e-01],
        [8.78051147e-02, 2.07338840e-01, 2.66687125e-02, 2.99297661e-01,
         4.78536676e-04, 7.07656005e-03, 2.09905533e-03, 1.39806455e-03,
         9.99929905e-01],
        [4.58719492e-01, 3.93338233e-01, 1.13990366e-01, 9.87999439e-02,
         3.42570915e-04, 5.77656599e-03, 1.92949362e-03, 1.34448404e-03,
         9.99832273e-01],
        [7.92331100e-02, 2.02975735e-01, 2.63622962e-02, 3.11048627e-01,
         5.05240809e-04, 7.47856358e-03, 2.12607556e-03, 1.39990996e-03,
         9.99934614e-01],
        [4.77268010e-01, 4.29813623e-01, 1.30657479e-01, 8.31039473e-02,
         4.24627826e-04, 6.14066795e-03, 2.02025776e-03, 2.02015624e-03,
         9.99743104e-01],
        [1.11886941e-01, 2.39327624e-01, 2.86191143e-02, 2.90667802e-01,
         5.20184112e-04, 7.88358320e-03, 2.13838089e-03, 1.50347699e-03,
         9.99940157e-01],
        [4.79883105e-01, 4.39257979e-01, 1.30815789e-01, 8.20298493e-02,
         4.16071736e-04, 5.91398031e-03, 1.96582987e-03, 2.03605741e-03,
         9.99750614e-01],
        [1.20977566e-01, 2.48521939e-01, 2.89400034e-02, 2.88592100e-01,
         5.22492453e-04, 7.90852495e-03, 2.06768280e-03, 1.52906240e-03,
         9.99944031e-01],
        [4.75876689e-01, 4.28706557e-01, 1.22961961e-01, 8.88235644e-02,
         3.81583086e-04, 5.76932868e-03, 1.94025773e-03, 1.71091442e-03,
         9.99796271e-01],
        [1.07112288e-01, 2.49567479e-01, 2.92668156e-02, 2.95351446e-01,
         5.31563186e-04, 7.75955291e-03, 2.19974737e-03, 1.48195482e-03,
         9.99945164e-01]]], dtype=float32), array([[[7.3105848e-01, 7.3105729e-01, 7.3105824e-01, 3.1978070e-07,
         7.4021020e-09, 9.0431499e-08, 2.2606063e-08, 7.3949089e-08,
         3.9388301e-06],
        [8.8079703e-01, 8.8079661e-01, 8.8079703e-01, 5.7071832e-09,
         6.1418447e-11, 8.3913887e-10, 1.5276753e-10, 6.4675143e-10,
         1.4087868e-07],
        [9.5257401e-01, 9.5257396e-01, 9.5257413e-01, 3.1533935e-09,
         3.1946473e-11, 4.2905229e-10, 7.2597969e-11, 3.1223180e-10,
         8.6526398e-08],
        [9.8201376e-01, 9.8201370e-01, 9.8201376e-01, 2.9285026e-09,
         2.9496558e-11, 3.8493980e-10, 6.4271269e-11, 2.7750457e-10,
         7.9991807e-08],
        [9.9330717e-01, 9.9330711e-01, 9.9330723e-01, 2.9079361e-09,
         2.9252004e-11, 3.7611808e-10, 6.2661119e-11, 2.7109376e-10,
         7.8872255e-08],
        [9.9752736e-01, 9.9752736e-01, 9.9752736e-01, 2.9088847e-09,
         2.9243021e-11, 3.7337905e-10, 6.2198989e-11, 2.6904773e-10,
         7.8678561e-08],
        [9.9908900e-01, 9.9908900e-01, 9.9908900e-01, 2.9104275e-09,
         2.9245811e-11, 3.7242032e-10, 6.2055132e-11, 2.6814709e-10,
         7.8488064e-08],
        [9.9966455e-01, 9.9966466e-01, 9.9966466e-01, 2.9115490e-09,
         2.9256243e-11, 3.7203479e-10, 6.2010293e-11, 2.6758509e-10,
         7.8329002e-08],
        [9.9987662e-01, 9.9987650e-01, 9.9987656e-01, 2.9119100e-09,
         2.9254682e-11, 3.7163478e-10, 6.1970089e-11, 2.6706856e-10,
         7.8278312e-08],
        [9.9995458e-01, 9.9995458e-01, 9.9995458e-01, 2.9124489e-09,
         2.9262103e-11, 3.7131948e-10, 6.1954726e-11, 2.6669747e-10,
         7.8198163e-08],
        [9.9998319e-01, 9.9998331e-01, 9.9998331e-01, 2.9129654e-09,
         2.9265118e-11, 3.7127418e-10, 6.1952603e-11, 2.6643157e-10,
         7.8097756e-08],
        [9.9999386e-01, 9.9999380e-01, 9.9999392e-01, 2.9133045e-09,
         2.9270811e-11, 3.7111700e-10, 6.1950237e-11, 2.6616187e-10,
         7.8034624e-08],
        [9.9999774e-01, 9.9999774e-01, 9.9999774e-01, 2.9133822e-09,
         2.9270756e-11, 3.7094361e-10, 6.1939606e-11, 2.6591271e-10,
         7.8004568e-08],
        [9.9999923e-01, 9.9999923e-01, 9.9999928e-01, 2.9135157e-09,
         2.9265899e-11, 3.7120124e-10, 6.1946219e-11, 2.6586808e-10,
         7.7878262e-08],
        [9.9999970e-01, 9.9999970e-01, 9.9999976e-01, 2.9134377e-09,
         2.9272317e-11, 3.7108017e-10, 6.1952360e-11, 2.6570890e-10,
         7.7828211e-08],
        [1.0000000e+00, 1.0000000e+00, 1.0000000e+00, 2.9136600e-09,
         2.9271984e-11, 3.7105047e-10, 6.1951652e-11, 2.6558730e-10,
         7.7770331e-08],
        [1.0000000e+00, 1.0000000e+00, 1.0000000e+00, 2.9139047e-09,
         2.9275891e-11, 3.7091177e-10, 6.1944332e-11, 2.6542829e-10,
         7.7777898e-08],
        [1.0000000e+00, 1.0000000e+00, 1.0000000e+00, 2.9142493e-09,
         2.9276897e-11, 3.7078304e-10, 6.1933222e-11, 2.6528810e-10,
         7.7786069e-08],
        [1.0000000e+00, 1.0000000e+00, 1.0000000e+00, 2.9142047e-09,
         2.9273826e-11, 3.7066566e-10, 6.1919997e-11, 2.6518843e-10,
         7.7801204e-08],
        [1.0000000e+00, 1.0000000e+00, 1.0000000e+00, 2.9145606e-09,
         2.9271873e-11, 3.7083184e-10, 6.1921412e-11, 2.6519045e-10,
         7.7753292e-08],
        [1.0000000e+00, 1.0000000e+00, 1.0000000e+00, 2.9144047e-09,
         2.9271537e-11, 3.7068404e-10, 6.1914328e-11, 2.6509842e-10,
         7.7764263e-08],
        [1.0000000e+00, 1.0000000e+00, 1.0000000e+00, 2.9147385e-09,
         2.9275502e-11, 3.7074344e-10, 6.1918339e-11, 2.6506958e-10,
         7.7745725e-08],
        [1.0000000e+00, 1.0000000e+00, 1.0000000e+00, 2.9144605e-09,
         2.9270419e-11, 3.7063738e-10, 6.1908895e-11, 2.6501348e-10,
         7.7753000e-08],
        [1.0000000e+00, 1.0000000e+00, 1.0000000e+00, 2.9146716e-09,
         2.9268189e-11, 3.7062747e-10, 6.1902282e-11, 2.6497810e-10,
         7.7743806e-08],
        [1.0000000e+00, 1.0000000e+00, 1.0000000e+00, 2.9150720e-09,
         2.9275221e-11, 3.7067271e-10, 6.1908895e-11, 2.6495789e-10,
         7.7735947e-08],
        [1.0000000e+00, 1.0000000e+00, 1.0000000e+00, 2.9146161e-09,
         2.9266790e-11, 3.7068898e-10, 6.1911372e-11, 2.6497507e-10,
         7.7689698e-08],
        [1.0000000e+00, 1.0000000e+00, 1.0000000e+00, 2.9147940e-09,
         2.9268858e-11, 3.7054973e-10, 6.1897085e-11, 2.6489269e-10,
         7.7733127e-08],
        [1.0000000e+00, 1.0000000e+00, 1.0000000e+00, 2.9147829e-09,
         2.9265285e-11, 3.7063738e-10, 6.1899687e-11, 2.6492553e-10,
         7.7702296e-08],
        [1.0000000e+00, 1.0000000e+00, 1.0000000e+00, 2.9153611e-09,
         2.9268858e-11, 3.7076181e-10, 6.1901928e-11, 2.6493160e-10,
         7.7678735e-08],
        [1.0000000e+00, 1.0000000e+00, 1.0000000e+00, 2.9151888e-09,
         2.9269417e-11, 3.7079012e-10, 6.1905349e-11, 2.6494523e-10,
         7.7668503e-08],
        [1.0000000e+00, 1.0000000e+00, 1.0000000e+00, 2.9148497e-09,
         2.9265063e-11, 3.7091602e-10, 6.1910546e-11, 2.6500083e-10,
         7.7630432e-08],
        [1.0000000e+00, 1.0000000e+00, 1.0000000e+00, 2.9149774e-09,
         2.9265621e-11, 3.7058506e-10, 6.1885989e-11, 2.6483055e-10,
         7.7718170e-08]]], dtype=float32)]