tf.Tensor(
[[[7.3105842e-01 7.3105735e-01 7.3105824e-01 2.9957388e-07 6.7800987e-09
   8.4766555e-08 2.0736614e-08 6.7862018e-08 3.8322282e-06]
  [8.8079703e-01 8.8079667e-01 8.8079703e-01 5.6729643e-09 6.0944902e-11
   8.3322821e-10 1.5016291e-10 6.4391797e-10 1.4204382e-07]
  [9.5257401e-01 9.5257390e-01 9.5257413e-01 3.1453442e-09 3.1846213e-11
   4.2804690e-10 7.2359917e-11 3.1215858e-10 8.6547360e-08]
  [9.8201376e-01 9.8201370e-01 9.8201382e-01 2.9247458e-09 2.9456080e-11
   3.8446651e-10 6.4218700e-11 2.7735431e-10 7.9995992e-08]
  [9.9330711e-01 9.9330711e-01 9.9330711e-01 2.9053968e-09 2.9219606e-11
   3.7621495e-10 6.2682040e-11 2.7112790e-10 7.8634045e-08]
  [9.9752730e-01 9.9752736e-01 9.9752736e-01 2.9064888e-09 2.9219380e-11
   3.7349160e-10 6.2230554e-11 2.6907337e-10 7.8424549e-08]
  [9.9908894e-01 9.9908894e-01 9.9908900e-01 2.9085074e-09 2.9231756e-11
   3.7280407e-10 6.2115410e-11 2.6826322e-10 7.8139038e-08]
  [9.9966455e-01 9.9966455e-01 9.9966455e-01 2.9089291e-09 2.9220217e-11
   3.7193545e-10 6.1994090e-11 2.6744629e-10 7.8215969e-08]
  [9.9987662e-01 9.9987662e-01 9.9987662e-01 2.9106717e-09 2.9240176e-11
   3.7192482e-10 6.2002015e-11 2.6709862e-10 7.8018900e-08]
  [9.9995458e-01 9.9995458e-01 9.9995458e-01 2.9107050e-09 2.9236440e-11
   3.7155895e-10 6.1970207e-11 2.6668884e-10 7.7991821e-08]
  [9.9998331e-01 9.9998331e-01 9.9998331e-01 2.9110327e-09 2.9242352e-11
   3.7168796e-10 6.2007927e-11 2.6656272e-10 7.7761030e-08]
  [9.9999386e-01 9.9999386e-01 9.9999392e-01 2.9115157e-09 2.9241571e-11
   3.7151149e-10 6.1969617e-11 2.6620400e-10 7.7831700e-08]
  [9.9999774e-01 9.9999774e-01 9.9999774e-01 2.9111824e-09 2.9235548e-11
   3.7165179e-10 6.2008162e-11 2.6620400e-10 7.7575685e-08]
  [9.9999928e-01 9.9999923e-01 9.9999911e-01 2.9122043e-09 2.9246088e-11
   3.7125433e-10 6.1958390e-11 2.6580471e-10 7.7725836e-08]
  [9.9999976e-01 9.9999976e-01 9.9999964e-01 2.9119489e-09 2.9252226e-11
   3.7170922e-10 6.2068982e-11 2.6611618e-10 7.7241417e-08]
  [1.0000000e+00 1.0000000e+00 1.0000000e+00 2.9118379e-09 2.9235659e-11
   3.7152564e-10 6.1976237e-11 2.6576416e-10 7.7530807e-08]
  [1.0000000e+00 1.0000000e+00 1.0000000e+00 2.9119545e-09 2.9241182e-11
   3.7160075e-10 6.2030638e-11 2.6584476e-10 7.7266051e-08]
  [1.0000000e+00 1.0000000e+00 1.0000000e+00 2.9127376e-09 2.9243299e-11
   3.7137898e-10 6.1967730e-11 2.6554781e-10 7.7473295e-08]
  [1.0000000e+00 1.0000000e+00 1.0000000e+00 2.9125489e-09 2.9234712e-11
   3.7138961e-10 6.1959687e-11 2.6549968e-10 7.7459568e-08]
  [1.0000000e+00 1.0000000e+00 1.0000000e+00 2.9127931e-09 2.9238837e-11
   3.7121611e-10 6.1944921e-11 2.6535135e-10 7.7530977e-08]
  [1.0000000e+00 1.0000000e+00 1.0000000e+00 2.9128711e-09 2.9239174e-11
   3.7147535e-10 6.1984751e-11 2.6550626e-10 7.7337894e-08]
  [1.0000000e+00 1.0000000e+00 1.0000000e+00 2.9137102e-09 2.9243524e-11
   3.7134285e-10 6.1951652e-11 2.6533717e-10 7.7438294e-08]
  [1.0000000e+00 1.0000000e+00 1.0000000e+00 2.9133489e-09 2.9241963e-11
   3.7143000e-10 6.1994444e-11 2.6545460e-10 7.7262392e-08]
  [1.0000000e+00 1.0000000e+00 1.0000000e+00 2.9136267e-09 2.9237890e-11
   3.7131381e-10 6.1938656e-11 2.6525723e-10 7.7468009e-08]
  [1.0000000e+00 1.0000000e+00 1.0000000e+00 2.9138489e-09 2.9242633e-11
   3.7137757e-10 6.1953075e-11 2.6528860e-10 7.7405950e-08]
  [1.0000000e+00 1.0000000e+00 1.0000000e+00 2.9141547e-09 2.9238393e-11
   3.7104339e-10 6.1912794e-11 2.6508828e-10 7.7528483e-08]
  [1.0000000e+00 1.0000000e+00 1.0000000e+00 2.9141880e-09 2.9237834e-11
   3.7112691e-10 6.1918928e-11 2.6514391e-10 7.7496104e-08]
  [1.0000000e+00 1.0000000e+00 1.0000000e+00 2.9147271e-09 2.9239954e-11
   3.7106884e-10 6.1909838e-11 2.6507918e-10 7.7525975e-08]
  [1.0000000e+00 1.0000000e+00 1.0000000e+00 2.9143936e-09 2.9230195e-11
   3.7109504e-10 6.1897085e-11 2.6506403e-10 7.7562966e-08]
  [1.0000000e+00 1.0000000e+00 1.0000000e+00 2.9149385e-09 2.9233820e-11
   3.7093439e-10 6.1887287e-11 2.6500135e-10 7.7571698e-08]
  [1.0000000e+00 1.0000000e+00 1.0000000e+00 2.9152054e-09 2.9234490e-11
   3.7096695e-10 6.1887169e-11 2.6500335e-10 7.7568593e-08]
  [1.0000000e+00 1.0000000e+00 1.0000000e+00 2.9149052e-09 2.9231367e-11
   3.7111134e-10 6.1894254e-11 2.6506403e-10 7.7548478e-08]]], shape=(1, 32, 9), dtype=float32)