[array([[[3.55319202e-01, 3.31405580e-01, 4.07221824e-01, 2.43723840e-02,
         2.76730973e-02, 2.69436836e-02, 1.64592881e-02, 3.59208621e-02,
         2.29303524e-01],
        [2.14759976e-01, 4.55112964e-01, 5.47924697e-01, 2.79816729e-03,
         1.69942784e-03, 6.64019666e-04, 1.08891877e-03, 3.44727631e-03,
         2.84177780e-01],
        [2.68047815e-03, 2.95875609e-01, 5.23436964e-01, 3.84916639e-04,
         1.06713713e-04, 4.21668665e-05, 5.73758844e-05, 3.33664997e-04,
         2.41027325e-01],
        [1.39952637e-04, 3.80985485e-03, 1.73908323e-01, 7.63692806e-05,
         2.50575777e-05, 9.13112090e-05, 6.15811950e-06, 6.77713324e-05,
         9.44412276e-02],
        [3.91849520e-04, 2.09413905e-04, 3.62485796e-02, 1.12068636e-04,
         3.39954458e-05, 8.98904807e-04, 8.76502145e-06, 5.18017878e-05,
         4.14005704e-02],
        [3.93399317e-03, 1.14878007e-04, 7.04019368e-02, 3.59559403e-04,
         1.04205908e-04, 5.88083407e-03, 2.27995824e-05, 1.19848170e-04,
         2.61835679e-02],
        [4.94872332e-02, 2.89521791e-04, 2.67859519e-01, 1.27752894e-03,
         4.39576048e-04, 2.49235332e-02, 8.36860563e-05, 4.08640044e-04,
         2.68442072e-02],
        [2.75037169e-01, 4.50024847e-03, 4.57792461e-01, 4.48132074e-03,
         1.96741242e-03, 5.07859848e-02, 4.32193134e-04, 2.07894761e-03,
         6.63015395e-02],
        [3.86766285e-01, 5.58612943e-02, 4.89042521e-01, 6.61581615e-03,
         3.38229607e-03, 4.11009490e-02, 9.08992428e-04, 5.36968652e-03,
         1.56495705e-01],
        [3.69320750e-01, 1.55568436e-01, 4.85602498e-01, 5.52234240e-03,
         2.84542656e-03, 2.22333279e-02, 7.60927971e-04, 6.05641259e-03,
         2.30055615e-01],
        [3.15573484e-01, 1.79420203e-01, 4.79656160e-01, 4.89049079e-03,
         2.23999075e-03, 1.61267091e-02, 6.07846130e-04, 5.07642841e-03,
         2.79309452e-01],
        [2.75101811e-01, 1.64881200e-01, 4.76648808e-01, 4.90825437e-03,
         2.05891207e-03, 1.48838339e-02, 5.66984818e-04, 4.36140364e-03,
         3.04920554e-01],
        [2.50728875e-01, 1.50444120e-01, 4.75969613e-01, 4.97065717e-03,
         2.03543669e-03, 1.46237444e-02, 5.55818784e-04, 3.93815758e-03,
         3.18963051e-01],
        [2.36215770e-01, 1.51531905e-01, 4.76234198e-01, 5.01212850e-03,
         2.05192040e-03, 1.44692147e-02, 5.57867461e-04, 3.84542113e-03,
         3.35955024e-01],
        [2.25458935e-01, 1.47369251e-01, 4.76666898e-01, 5.06403809e-03,
         2.08170270e-03, 1.42748030e-02, 5.54626458e-04, 3.66854225e-03,
         3.39715451e-01],
        [2.14359552e-01, 1.41157702e-01, 4.76376563e-01, 5.07831573e-03,
         2.07333569e-03, 1.41945351e-02, 5.49280609e-04, 3.57026560e-03,
         3.42791826e-01],
        [2.09387392e-01, 1.38955757e-01, 4.76236463e-01, 5.14461799e-03,
         2.08568200e-03, 1.42575186e-02, 5.53791295e-04, 3.58316489e-03,
         3.46290320e-01],
        [2.07280383e-01, 1.41680002e-01, 4.76202577e-01, 5.18360455e-03,
         2.09411001e-03, 1.42399604e-02, 5.63689799e-04, 3.67652392e-03,
         3.52079749e-01],
        [2.06987485e-01, 1.43470138e-01, 4.76313084e-01, 5.24715707e-03,
         2.12041568e-03, 1.41547117e-02, 5.73393598e-04, 3.74280685e-03,
         3.53975862e-01],
        [2.05809593e-01, 1.42643943e-01, 4.76174891e-01, 5.25793293e-03,
         2.12617707e-03, 1.40317874e-02, 5.74808684e-04, 3.75740603e-03,
         3.54572028e-01],
        [2.04659924e-01, 1.40921220e-01, 4.75944996e-01, 5.30613912e-03,
         2.13883934e-03, 1.40527887e-02, 5.76392747e-04, 3.76252085e-03,
         3.53765130e-01],
        [2.03468993e-01, 1.40935242e-01, 4.75850374e-01, 5.28029911e-03,
         2.13353569e-03, 1.40132932e-02, 5.77561324e-04, 3.79030174e-03,
         3.56013536e-01],
        [2.04412013e-01, 1.38586983e-01, 4.76034909e-01, 5.35839936e-03,
         2.16928450e-03, 1.40911816e-02, 5.84030524e-04, 3.79742915e-03,
         3.51564080e-01],
        [2.03943476e-01, 1.41395077e-01, 4.75839049e-01, 5.31253917e-03,
         2.15106527e-03, 1.40016228e-02, 5.83196466e-04, 3.84801766e-03,
         3.57698530e-01],
        [2.04846770e-01, 1.41790837e-01, 4.76006150e-01, 5.35674160e-03,
         2.17754696e-03, 1.39974263e-02, 5.87724033e-04, 3.85676674e-03,
         3.55375648e-01],
        [2.03346893e-01, 1.43733740e-01, 4.75811809e-01, 5.28673641e-03,
         2.15454865e-03, 1.38733666e-02, 5.81169908e-04, 3.87477316e-03,
         3.61068457e-01],
        [2.04875961e-01, 1.44583434e-01, 4.75946993e-01, 5.34463720e-03,
         2.17773113e-03, 1.38516873e-02, 5.88437193e-04, 3.90263204e-03,
         3.59345287e-01],
        [2.02621341e-01, 1.38972089e-01, 4.75791246e-01, 5.34262927e-03,
         2.17808550e-03, 1.38972765e-02, 5.82549663e-04, 3.83245945e-03,
         3.54076087e-01],
        [2.01939404e-01, 1.38719171e-01, 4.75606114e-01, 5.32648573e-03,
         2.16860697e-03, 1.39816729e-02, 5.85307425e-04, 3.86547390e-03,
         3.58012497e-01],
        [2.04434633e-01, 1.44535035e-01, 4.75880623e-01, 5.33590233e-03,
         2.18585529e-03, 1.39341187e-02, 5.90783719e-04, 3.94853950e-03,
         3.61329764e-01],
        [2.03018785e-01, 1.39010191e-01, 4.75805849e-01, 5.36223501e-03,
         2.20397720e-03, 1.39356079e-02, 5.88555995e-04, 3.86841665e-03,
         3.54043990e-01],
        [2.01653212e-01, 1.36960000e-01, 4.75627661e-01, 5.34296874e-03,
         2.18563550e-03, 1.40154129e-02, 5.84667257e-04, 3.86683969e-03,
         3.55577976e-01]]], dtype=float32), array([[[5.48096657e-01, 1.33454710e-01, 2.84977049e-01, 2.17132196e-02,
         5.50859943e-02, 7.11871386e-02, 8.37319531e-03, 2.12388318e-02,
         1.37400582e-01],
        [6.27748191e-01, 4.89930697e-02, 5.71545660e-02, 4.78664646e-03,
         9.69641283e-03, 1.93083100e-02, 8.64285103e-04, 2.57722591e-03,
         9.24611185e-03],
        [1.81805760e-01, 9.42216665e-02, 1.34708472e-02, 1.91802997e-03,
         4.19659336e-04, 1.20154466e-03, 1.14495379e-04, 3.21917440e-04,
         1.09323824e-03],
        [6.50325418e-02, 3.89374316e-01, 1.95666067e-02, 1.42766675e-03,
         1.01332123e-04, 1.96810070e-04, 5.34907304e-05, 1.00569385e-04,
         8.35554150e-04],
        [3.12353708e-02, 6.42002940e-01, 2.66838185e-02, 1.45377207e-03,
         6.24694803e-05, 9.22934269e-05, 5.39297871e-05, 5.49641627e-05,
         8.09104822e-04],
        [1.75805707e-02, 7.67144144e-01, 3.21618132e-02, 1.53460423e-03,
         6.06835129e-05, 6.91181704e-05, 6.11775322e-05, 4.59369512e-05,
         9.28838039e-04],
        [1.32831605e-02, 8.35524499e-01, 3.69804986e-02, 1.51492679e-03,
         6.04744855e-05, 6.35743709e-05, 6.16608522e-05, 4.28961066e-05,
         9.90562141e-04],
        [1.16238985e-02, 8.77337515e-01, 4.15411778e-02, 1.51882623e-03,
         5.72110366e-05, 6.14638921e-05, 5.90028758e-05, 4.06897598e-05,
         9.89287393e-04],
        [1.08249690e-02, 9.04017448e-01, 4.43369411e-02, 1.53158442e-03,
         5.45775038e-05, 6.01709289e-05, 5.68275937e-05, 3.97172989e-05,
         9.78059368e-04],
        [1.04578314e-02, 9.21403527e-01, 4.52153124e-02, 1.52990466e-03,
         5.34310493e-05, 5.92970973e-05, 5.54124672e-05, 3.95206371e-05,
         9.67499043e-04],
        [1.03095705e-02, 9.32774723e-01, 4.52882200e-02, 1.52902456e-03,
         5.31463884e-05, 5.90887430e-05, 5.51207413e-05, 3.98272896e-05,
         9.56536795e-04],
        [1.02747129e-02, 9.40370739e-01, 4.51522209e-02, 1.53212913e-03,
         5.31708247e-05, 5.90483469e-05, 5.52358579e-05, 4.00832578e-05,
         9.47206863e-04],
        [1.02279317e-02, 9.45686698e-01, 4.50727716e-02, 1.53867004e-03,
         5.31744772e-05, 5.87551804e-05, 5.53590617e-05, 4.03357153e-05,
         9.40507918e-04],
        [1.02105532e-02, 9.49353933e-01, 4.49726954e-02, 1.54417660e-03,
         5.32402955e-05, 5.87570685e-05, 5.55130719e-05, 4.06320869e-05,
         9.36263474e-04],
        [1.01824664e-02, 9.51934755e-01, 4.47927229e-02, 1.55116699e-03,
         5.32672093e-05, 5.85912676e-05, 5.58488646e-05, 4.08450069e-05,
         9.31586663e-04],
        [1.01872049e-02, 9.53915477e-01, 4.47065756e-02, 1.55125442e-03,
         5.33621896e-05, 5.84288828e-05, 5.59193177e-05, 4.09881832e-05,
         9.27195186e-04],
        [1.01550985e-02, 9.55197990e-01, 4.45927605e-02, 1.55922025e-03,
         5.33044658e-05, 5.83093024e-05, 5.61482120e-05, 4.11749243e-05,
         9.25787841e-04],
        [1.01785660e-02, 9.56236243e-01, 4.44866084e-02, 1.55568728e-03,
         5.33771090e-05, 5.84228292e-05, 5.62195637e-05, 4.13103880e-05,
         9.22039151e-04],
        [1.01705650e-02, 9.57018971e-01, 4.44624349e-02, 1.55842328e-03,
         5.32862723e-05, 5.84419868e-05, 5.62800888e-05, 4.14096357e-05,
         9.21246072e-04],
        [1.01208156e-02, 9.57583964e-01, 4.43675555e-02, 1.56289898e-03,
         5.32917074e-05, 5.84004665e-05, 5.64267066e-05, 4.15518989e-05,
         9.23241372e-04],
        [1.01095829e-02, 9.58033442e-01, 4.43010479e-02, 1.56198675e-03,
         5.32760059e-05, 5.84551672e-05, 5.65173577e-05, 4.17295341e-05,
         9.20599734e-04],
        [1.01165539e-02, 9.58371639e-01, 4.42865528e-02, 1.55875098e-03,
         5.32411650e-05, 5.84476838e-05, 5.64201291e-05, 4.17193478e-05,
         9.19658691e-04],
        [1.00952908e-02, 9.58697855e-01, 4.41856943e-02, 1.56223471e-03,
         5.32817539e-05, 5.83789297e-05, 5.65994815e-05, 4.19188000e-05,
         9.20668419e-04],
        [1.00478679e-02, 9.58937168e-01, 4.41564731e-02, 1.56689482e-03,
         5.33082857e-05, 5.82988141e-05, 5.66832423e-05, 4.19593198e-05,
         9.22462088e-04],
        [1.00441594e-02, 9.59225714e-01, 4.41651270e-02, 1.56770111e-03,
         5.33391467e-05, 5.82120192e-05, 5.66832823e-05, 4.20317774e-05,
         9.20940249e-04],
        [1.00506479e-02, 9.59498346e-01, 4.40672971e-02, 1.56398804e-03,
         5.34347710e-05, 5.82552893e-05, 5.66560993e-05, 4.21524055e-05,
         9.20024584e-04],
        [1.00449389e-02, 9.59656358e-01, 4.41150442e-02, 1.56352855e-03,
         5.33564016e-05, 5.83208057e-05, 5.66155031e-05, 4.21269651e-05,
         9.19287093e-04],
        [1.00271078e-02, 9.59795654e-01, 4.40920889e-02, 1.56488782e-03,
         5.34654064e-05, 5.83712754e-05, 5.66598537e-05, 4.22260782e-05,
         9.21012135e-04],
        [9.99742281e-03, 9.59801555e-01, 4.40034382e-02, 1.56875874e-03,
         5.35526087e-05, 5.83151268e-05, 5.68953801e-05, 4.23800338e-05,
         9.21257772e-04],
        [9.99652594e-03, 9.59902167e-01, 4.40286696e-02, 1.56734535e-03,
         5.34909050e-05, 5.82815446e-05, 5.68437208e-05, 4.24079262e-05,
         9.21487401e-04],
        [9.97924339e-03, 9.60032105e-01, 4.39926311e-02, 1.56911381e-03,
         5.35339277e-05, 5.83067267e-05, 5.69031254e-05, 4.24658465e-05,
         9.22878389e-04],
        [9.98205785e-03, 9.60141897e-01, 4.39700149e-02, 1.56617747e-03,
         5.36207335e-05, 5.82858738e-05, 5.68682080e-05, 4.24972059e-05,
         9.20913240e-04]]], dtype=float32), array([[[3.86808157e-01, 1.93111315e-01, 5.50663352e-01, 2.71995668e-03,
         1.53747958e-03, 3.65308509e-03, 1.47084030e-03, 1.86447275e-03,
         2.74807811e-01],
        [2.53596783e-01, 3.54993641e-01, 5.63376367e-01, 8.89787989e-05,
         6.60901933e-05, 1.91520478e-04, 1.58687708e-05, 2.80612167e-05,
         3.73030245e-01],
        [2.14670077e-01, 5.91824353e-02, 3.76765847e-01, 2.42148217e-05,
         9.82212987e-06, 1.18138094e-04, 4.79607479e-07, 1.62047149e-06,
         1.37128625e-02],
        [4.45108384e-01, 6.00418914e-03, 8.98586631e-01, 2.81484627e-05,
         2.78385733e-06, 6.94841656e-05, 1.08512666e-07, 4.14373432e-07,
         1.60792947e-03],
        [4.85113651e-01, 6.92272140e-03, 9.61614311e-01, 2.45992451e-05,
         3.76100229e-06, 7.23302728e-05, 2.40577549e-07, 6.43766157e-07,
         1.94563961e-03],
        [4.87283796e-01, 8.43949523e-03, 9.80679810e-01, 2.38778957e-05,
         5.96095106e-06, 1.01626007e-04, 5.12901920e-07, 1.19679339e-06,
         2.60408968e-03],
        [4.86202627e-01, 9.43265948e-03, 9.89373505e-01, 2.41544349e-05,
         8.19209981e-06, 1.44675563e-04, 8.55564451e-07, 1.84683540e-06,
         3.33642727e-03],
        [4.83621061e-01, 1.18386606e-02, 9.93514061e-01, 2.36435826e-05,
         1.01871929e-05, 2.10583690e-04, 1.15468094e-06, 2.75813022e-06,
         4.64822166e-03],
        [4.77173984e-01, 1.68352146e-02, 9.95459557e-01, 2.58902364e-05,
         1.41770042e-05, 3.38868645e-04, 1.35724713e-06, 3.93545861e-06,
         6.64767157e-03],
        [4.68235373e-01, 2.21691020e-02, 9.96355534e-01, 2.84007638e-05,
         1.84671189e-05, 4.30318032e-04, 1.45146180e-06, 4.84454495e-06,
         8.59374180e-03],
        [4.56568390e-01, 2.60701682e-02, 9.96587873e-01, 3.13826240e-05,
         2.27819000e-05, 5.10830083e-04, 1.70730027e-06, 5.95677784e-06,
         1.01868398e-02],
        [4.42096144e-01, 2.83745732e-02, 9.96486127e-01, 3.36400153e-05,
         2.57493393e-05, 5.65607683e-04, 2.11672818e-06, 7.41453050e-06,
         1.13955401e-02],
        [4.20213670e-01, 2.92267688e-02, 9.96287405e-01, 3.59615369e-05,
         2.75996190e-05, 5.85874252e-04, 2.61184687e-06, 8.99719817e-06,
         1.24025894e-02],
        [3.82596940e-01, 2.90859323e-02, 9.96025681e-01, 4.09751665e-05,
         2.98756622e-05, 6.03205990e-04, 3.26193208e-06, 1.08761451e-05,
         1.33667383e-02],
        [3.29694986e-01, 2.80269049e-02, 9.95702982e-01, 4.44118486e-05,
         3.12669836e-05, 6.38121623e-04, 4.23525444e-06, 1.28038182e-05,
         1.38228741e-02],
        [2.61405498e-01, 2.68788170e-02, 9.95289505e-01, 4.57496462e-05,
         3.05399335e-05, 6.40164362e-04, 4.65537096e-06, 1.35829187e-05,
         1.42244985e-02],
        [2.08950177e-01, 2.41321921e-02, 9.94489551e-01, 4.82185897e-05,
         3.12578377e-05, 7.31095090e-04, 4.98714689e-06, 1.46943612e-05,
         1.36548085e-02],
        [1.68894336e-01, 2.05184966e-02, 9.93238151e-01, 4.94997548e-05,
         3.35333680e-05, 8.90366908e-04, 4.93209882e-06, 1.67081234e-05,
         1.25464844e-02],
        [1.43457055e-01, 1.85415857e-02, 9.92109120e-01, 5.16359614e-05,
         3.86104475e-05, 1.06016337e-03, 5.14493013e-06, 1.94025797e-05,
         1.21073909e-02],
        [1.22930095e-01, 1.75979268e-02, 9.91394401e-01, 5.35372455e-05,
         4.18115305e-05, 1.11287623e-03, 5.28905184e-06, 2.07870889e-05,
         1.22116935e-02],
        [1.10126443e-01, 1.68385208e-02, 9.90917087e-01, 5.51765515e-05,
         4.26546867e-05, 1.12703524e-03, 5.46552519e-06, 2.12609211e-05,
         1.20213330e-02],
        [9.76000726e-02, 1.55234020e-02, 9.90443349e-01, 5.63070098e-05,
         4.22370649e-05, 1.09276129e-03, 5.32855029e-06, 2.05619635e-05,
         1.18376417e-02],
        [8.98554102e-02, 1.45091973e-02, 9.89925504e-01, 5.81308595e-05,
         4.31067674e-05, 1.11535343e-03, 5.61254410e-06, 2.05568303e-05,
         1.15498481e-02],
        [8.14979449e-02, 1.35462414e-02, 9.89284277e-01, 5.95447164e-05,
         4.41188895e-05, 1.12390833e-03, 5.80769392e-06, 2.05174128e-05,
         1.14989188e-02],
        [7.63925835e-02, 1.30933514e-02, 9.88710582e-01, 6.10427887e-05,
         4.56936177e-05, 1.16787001e-03, 6.25823031e-06, 2.13521726e-05,
         1.14798192e-02],
        [7.26925284e-02, 1.25300344e-02, 9.88060415e-01, 6.09408307e-05,
         4.65989215e-05, 1.21074484e-03, 6.56538077e-06, 2.19506001e-05,
         1.15406178e-02],
        [7.10689947e-02, 1.21449335e-02, 9.87413347e-01, 6.00538115e-05,
         4.69025290e-05, 1.24663033e-03, 6.92968479e-06, 2.28143927e-05,
         1.15666064e-02],
        [7.01079220e-02, 1.17146941e-02, 9.86607790e-01, 5.68591604e-05,
         4.50411098e-05, 1.24788366e-03, 7.03101159e-06, 2.30831811e-05,
         1.17758485e-02],
        [6.91286922e-02, 1.11900866e-02, 9.85505283e-01, 5.38701352e-05,
         4.37904819e-05, 1.22745684e-03, 7.02728721e-06, 2.32860748e-05,
         1.25737190e-02],
        [6.98706210e-02, 1.11648785e-02, 9.85581040e-01, 5.18620218e-05,
         4.40012409e-05, 1.20096165e-03, 7.11413622e-06, 2.38039884e-05,
         1.29562616e-02],
        [7.15231448e-02, 1.10385381e-02, 9.85745907e-01, 4.89089980e-05,
         4.38685493e-05, 1.18063565e-03, 7.16516615e-06, 2.41512171e-05,
         1.33195221e-02],
        [7.27591887e-02, 1.09791551e-02, 9.85532522e-01, 4.63458600e-05,
         4.49536565e-05, 1.16840366e-03, 7.30282545e-06, 2.43835530e-05,
         1.39573812e-02]]], dtype=float32), array([[[4.51145738e-01, 2.86549956e-01, 4.36745673e-01, 1.94995804e-03,
         2.33258051e-03, 2.77217990e-03, 6.65613043e-04, 1.72455446e-03,
         2.60909796e-01],
        [4.04823095e-01, 4.13767755e-01, 6.87691331e-01, 2.22357587e-04,
         4.15359013e-04, 2.52686645e-04, 3.43361025e-05, 6.89270382e-05,
         2.10873514e-01],
        [3.15807939e-01, 5.19632757e-01, 8.37430894e-01, 3.62010265e-04,
         4.95826593e-04, 1.87789599e-04, 4.94527267e-05, 4.86528297e-05,
         1.38038933e-01],
        [2.89711267e-01, 5.94160676e-01, 9.16377544e-01, 4.78311296e-04,
         3.03135894e-04, 1.46443039e-04, 5.58584288e-05, 3.72694303e-05,
         1.17833234e-01],
        [3.03178728e-01, 7.32279301e-01, 9.52688217e-01, 3.31420888e-04,
         2.00418042e-04, 1.36787261e-04, 4.95631539e-05, 2.69401407e-05,
         1.26536816e-01],
        [3.45953107e-01, 8.37472320e-01, 9.69917715e-01, 2.06582510e-04,
         2.70680233e-04, 1.63624733e-04, 5.44387112e-05, 2.29815578e-05,
         1.26550153e-01],
        [3.59363675e-01, 8.74638259e-01, 9.81005251e-01, 2.55331077e-04,
         4.74331056e-04, 2.09323553e-04, 8.81962187e-05, 3.08925555e-05,
         1.32949293e-01],
        [3.55284840e-01, 8.66611779e-01, 9.86601770e-01, 3.63917497e-04,
         5.62726054e-04, 2.05669407e-04, 1.02656493e-04, 3.29976901e-05,
         1.30380377e-01],
        [3.45263004e-01, 8.67540658e-01, 9.87451851e-01, 3.94931907e-04,
         5.02834737e-04, 2.01019255e-04, 9.94096918e-05, 3.18175516e-05,
         1.29315004e-01],
        [3.59766752e-01, 8.90507102e-01, 9.86068964e-01, 3.07510782e-04,
         4.21379140e-04, 2.02453841e-04, 8.35600513e-05, 2.85564111e-05,
         1.29193872e-01],
        [3.87452066e-01, 9.17517662e-01, 9.86302197e-01, 2.35836647e-04,
         4.42737102e-04, 2.32523918e-04, 7.61502743e-05, 2.94895199e-05,
         1.35798186e-01],
        [3.96871001e-01, 9.27600324e-01, 9.88174796e-01, 2.72682344e-04,
         6.11066644e-04, 2.90722615e-04, 9.63081548e-05, 3.80397578e-05,
         1.46646455e-01],
        [3.96968842e-01, 9.23490584e-01, 9.89733398e-01, 3.13611294e-04,
         6.45980355e-04, 2.85416172e-04, 1.04024082e-04, 3.88756307e-05,
         1.46733433e-01],
        [3.92833143e-01, 9.22075987e-01, 9.88974094e-01, 3.17733939e-04,
         6.14791235e-04, 2.82343797e-04, 9.96291856e-05, 3.81437530e-05,
         1.43592477e-01],
        [3.95897210e-01, 9.25059080e-01, 9.88258898e-01, 2.97324004e-04,
         5.94288111e-04, 2.82088673e-04, 9.46448999e-05, 3.70952221e-05,
         1.40702724e-01],
        [3.99288058e-01, 9.28165078e-01, 9.88469243e-01, 2.92601064e-04,
         6.31007482e-04, 2.92968238e-04, 9.79363176e-05, 3.84097293e-05,
         1.41233027e-01],
        [3.96989107e-01, 9.28027511e-01, 9.87994015e-01, 3.26987618e-04,
         7.05029815e-04, 3.11315409e-04, 1.10326335e-04, 4.27249652e-05,
         1.39614463e-01],
        [3.96144867e-01, 9.28168893e-01, 9.86849010e-01, 3.42870597e-04,
         7.14954629e-04, 3.17724014e-04, 1.12408699e-04, 4.45434525e-05,
         1.34529412e-01],
        [4.00914431e-01, 9.30807054e-01, 9.86488700e-01, 3.23474669e-04,
         6.76037453e-04, 3.07499344e-04, 1.07193664e-04, 4.32841480e-05,
         1.32487446e-01],
        [4.03901577e-01, 9.33891654e-01, 9.86678958e-01, 3.17033322e-04,
         7.21419405e-04, 3.23208835e-04, 1.10326095e-04, 4.58549330e-05,
         1.34766206e-01],
        [3.99943292e-01, 9.33401227e-01, 9.85269308e-01, 3.74917377e-04,
         8.65201815e-04, 3.59457568e-04, 1.28768734e-04, 5.41449772e-05,
         1.33647442e-01],
        [4.02760834e-01, 9.34761345e-01, 9.84523594e-01, 3.58134013e-04,
         7.98075635e-04, 3.49637412e-04, 1.22221609e-04, 5.25078867e-05,
         1.29296437e-01],
        [4.03674603e-01, 9.37427640e-01, 9.83166456e-01, 3.64895386e-04,
         9.08113318e-04, 3.88659915e-04, 1.30579327e-04, 5.92118813e-05,
         1.30904034e-01],
        [4.09104913e-01, 9.37217295e-01, 9.86022234e-01, 3.58448247e-04,
         9.14315460e-04, 3.74491006e-04, 1.33908688e-04, 5.79379157e-05,
         1.34064585e-01],
        [4.02891964e-01, 9.31014955e-01, 9.87243414e-01, 3.91768583e-04,
         9.42833838e-04, 3.67622328e-04, 1.43526995e-04, 5.77380379e-05,
         1.33694753e-01],
        [3.94682944e-01, 9.26405489e-01, 9.85973895e-01, 4.05797502e-04,
         8.87264614e-04, 3.54072632e-04, 1.37528506e-04, 5.55577826e-05,
         1.29332393e-01],
        [3.95814508e-01, 9.30463135e-01, 9.82488990e-01, 3.68403125e-04,
         7.95268745e-04, 3.54382268e-04, 1.20683828e-04, 5.38623135e-05,
         1.24906734e-01],
        [4.02197033e-01, 9.38907623e-01, 9.77721751e-01, 3.60844424e-04,
         9.61639511e-04, 4.44064237e-04, 1.31556881e-04, 6.64937688e-05,
         1.25909463e-01],
        [4.14130121e-01, 9.46204066e-01, 9.76943672e-01, 3.77730845e-04,
         1.23237947e-03, 5.59785462e-04, 1.60393291e-04, 8.48817581e-05,
         1.33367077e-01],
        [4.17011827e-01, 9.47897911e-01, 9.77186263e-01, 4.86081204e-04,
         1.92267413e-03, 7.64919329e-04, 2.35421176e-04, 1.20795768e-04,
         1.44587919e-01],
        [4.15622175e-01, 9.44539547e-01, 9.78462636e-01, 6.03568798e-04,
         2.33260822e-03, 8.43536283e-04, 2.95720733e-04, 1.42428136e-04,
         1.43376470e-01],
        [4.09034193e-01, 9.40874875e-01, 9.75539088e-01, 6.84127677e-04,
         2.54244660e-03, 9.00584448e-04, 3.26224021e-04, 1.54846741e-04,
         1.37147322e-01]]], dtype=float32), array([[[4.86768812e-01, 1.17281422e-01, 1.06404737e-01, 2.16100598e-03,
         1.99385453e-03, 4.71091969e-03, 7.24562269e-04, 1.89363072e-03,
         2.54063487e-01],
        [7.92520493e-02, 2.22595725e-02, 1.81022729e-03, 2.33608283e-04,
         1.33630252e-04, 8.23907380e-04, 3.64212319e-05, 7.15430579e-05,
         2.73770504e-02],
        [6.35087164e-03, 9.70184512e-04, 2.90872939e-02, 4.48762090e-04,
         3.21739244e-05, 2.90089520e-04, 8.63846071e-06, 1.67577527e-05,
         9.00157029e-04],
        [1.51560260e-02, 5.55386441e-03, 7.51143336e-01, 1.39436906e-03,
         6.40279759e-05, 3.45977780e-04, 4.35610491e-05, 6.87026622e-05,
         3.86098213e-03],
        [5.55892736e-02, 6.32924736e-02, 7.65799999e-01, 2.94718030e-03,
         1.03084254e-03, 1.99528690e-03, 3.30397888e-04, 5.70526638e-04,
         2.73946654e-02],
        [2.29371861e-01, 3.91729891e-01, 3.10727268e-01, 3.83205228e-02,
         1.01674363e-01, 2.95704473e-02, 7.10618356e-03, 1.71274543e-02,
         1.34080321e-01],
        [1.20468035e-01, 2.95629576e-02, 3.47292796e-02, 1.84441417e-01,
         6.11370027e-01, 1.85339972e-01, 8.64406750e-02, 1.92457274e-01,
         9.84131396e-02],
        [3.50527987e-02, 6.13611285e-03, 1.08035924e-02, 1.03464432e-01,
         4.93086100e-01, 7.87470192e-02, 4.34515700e-02, 7.09863156e-02,
         7.25873783e-02],
        [1.17882136e-02, 4.18271916e-03, 6.39167149e-03, 2.27004923e-02,
         1.47092074e-01, 1.07430136e-02, 8.34223814e-03, 1.18960217e-02,
         4.62029092e-02],
        [5.95699111e-03, 3.83042498e-03, 4.93435841e-03, 1.25411320e-02,
         7.34929144e-02, 4.14164504e-03, 4.73653898e-03, 5.25669567e-03,
         3.73697989e-02],
        [4.77854069e-03, 3.95082636e-03, 4.61419299e-03, 1.22589264e-02,
         5.99083044e-02, 3.24933673e-03, 4.57082363e-03, 3.99243319e-03,
         4.02112976e-02],
        [4.62136371e-03, 4.16294625e-03, 4.56945831e-03, 1.22949127e-02,
         5.44693470e-02, 2.95392377e-03, 4.67603514e-03, 3.47646209e-03,
         4.57063392e-02],
        [4.69130417e-03, 4.38308949e-03, 4.59222542e-03, 1.22865988e-02,
         5.47370762e-02, 2.84686568e-03, 4.83712694e-03, 3.36367986e-03,
         4.91461456e-02],
        [4.97234287e-03, 4.54670424e-03, 4.57658852e-03, 1.25141898e-02,
         5.78887798e-02, 2.84480257e-03, 4.84273862e-03, 3.38047463e-03,
         5.17990477e-02],
        [5.59378276e-03, 4.82767262e-03, 4.49946010e-03, 1.25172138e-02,
         6.20375872e-02, 2.89938669e-03, 4.62280586e-03, 3.43071413e-03,
         5.43353520e-02],
        [7.19032390e-03, 5.35625732e-03, 4.39696526e-03, 1.27106085e-02,
         6.50007576e-02, 3.01399385e-03, 4.43991460e-03, 3.44570586e-03,
         5.78251258e-02],
        [1.22780306e-02, 6.87592430e-03, 4.18006536e-03, 1.42741362e-02,
         6.31298199e-02, 3.46464314e-03, 4.85219806e-03, 3.33440560e-03,
         6.56012744e-02],
        [4.01594527e-02, 1.17581477e-02, 4.14064061e-03, 1.70483012e-02,
         4.72833104e-02, 5.35940612e-03, 5.81033574e-03, 2.96268053e-03,
         8.60713795e-02],
        [2.04148576e-01, 2.36259215e-02, 6.36470178e-03, 1.27233807e-02,
         1.80329699e-02, 5.33657940e-03, 3.97605076e-03, 1.75709685e-03,
         1.13318324e-01],
        [4.50078905e-01, 5.33492528e-02, 1.37514258e-02, 6.11267751e-03,
         5.96999982e-03, 4.10642195e-03, 3.28793330e-03, 1.48310035e-03,
         1.68283939e-01],
        [4.87612128e-01, 8.10857788e-02, 1.38360411e-02, 4.02178941e-03,
         4.31005657e-03, 4.10255697e-03, 3.75172519e-03, 1.84345909e-03,
         1.99299768e-01],
        [4.91655231e-01, 6.65544048e-02, 6.66564610e-03, 3.02757625e-03,
         3.67821311e-03, 3.60458484e-03, 2.75262818e-03, 1.96051854e-03,
         1.35081545e-01],
        [4.84715611e-01, 2.61545293e-02, 3.44131514e-03, 1.33581250e-03,
         2.44061067e-03, 1.96969742e-03, 7.61900737e-04, 8.63247667e-04,
         4.75302935e-02],
        [4.04378027e-01, 5.18888142e-03, 4.51242039e-03, 6.66429696e-04,
         1.15708902e-03, 1.39757956e-03, 2.18413275e-04, 1.92015286e-04,
         5.31813269e-03],
        [1.04904540e-01, 1.02469441e-03, 9.43425857e-03, 4.29732958e-04,
         3.08735616e-04, 7.70608080e-04, 6.22977386e-05, 6.07065122e-05,
         9.39237245e-04],
        [3.15866843e-02, 6.06055197e-04, 5.58288470e-02, 4.51686938e-04,
         1.15309158e-04, 5.35253086e-04, 2.79146971e-05, 1.84528253e-05,
         3.91424459e-04],
        [2.93240286e-02, 1.53868122e-03, 5.51516473e-01, 5.71348937e-04,
         7.51111365e-05, 3.44041968e-04, 3.49606889e-05, 1.52930170e-05,
         6.73106755e-04],
        [4.17488553e-02, 3.74030811e-03, 8.38623464e-01, 8.90716969e-04,
         8.41391011e-05, 3.93445254e-04, 6.15324898e-05, 2.28402387e-05,
         1.22066995e-03],
        [4.43844087e-02, 6.32736273e-03, 9.22799468e-01, 1.27328432e-03,
         1.03435319e-04, 3.83952924e-04, 9.39512101e-05, 3.39655198e-05,
         2.17121025e-03],
        [3.83345708e-02, 1.37622636e-02, 9.49473262e-01, 1.67565956e-03,
         1.87153026e-04, 4.94468026e-04, 1.34618240e-04, 5.17011686e-05,
         5.12540014e-03],
        [4.28997651e-02, 4.60914113e-02, 9.37550068e-01, 2.39012041e-03,
         7.34190107e-04, 1.02455937e-03, 2.93295219e-04, 1.60488504e-04,
         1.38270538e-02],
        [7.91576654e-02, 1.90564036e-01, 5.76015174e-01, 1.20453537e-02,
         1.57648046e-02, 5.55555103e-03, 3.53254261e-03, 2.55154795e-03,
         4.18198667e-02]]], dtype=float32), array([[[4.91128415e-01, 1.37804046e-01, 5.70483685e-01, 3.34260357e-03,
         4.53553908e-03, 1.47149712e-02, 1.96851022e-03, 7.59519869e-03,
         5.53774476e-01],
        [7.85099417e-02, 1.83032736e-01, 2.43467819e-02, 1.70277330e-04,
         1.69355335e-04, 7.02193996e-04, 2.76164410e-05, 1.48180305e-04,
         3.13660681e-01],
        [1.79239258e-03, 1.08310813e-02, 1.07034035e-02, 1.61629487e-05,
         7.10393397e-06, 7.43171331e-05, 3.64315810e-07, 4.30818818e-06,
         8.84897821e-03],
        [4.60034329e-03, 1.38230175e-01, 5.52675962e-01, 2.06066634e-05,
         1.20873856e-05, 5.92065517e-05, 7.07325398e-07, 5.47254240e-06,
         1.72847267e-02],
        [6.22655265e-03, 1.64412126e-01, 6.46371663e-01, 1.22237427e-04,
         2.77131679e-04, 4.08586406e-04, 8.67058043e-06, 4.53139837e-05,
         7.82446191e-03],
        [6.00699289e-03, 2.31153294e-02, 4.79467034e-01, 3.32658907e-04,
         7.86584453e-04, 1.23549043e-03, 4.39453179e-05, 1.33030815e-04,
         2.08732300e-03],
        [8.19297135e-03, 8.50428175e-03, 4.20026749e-01, 3.06451897e-04,
         6.95904193e-04, 1.27516338e-03, 9.14254269e-05, 2.34439518e-04,
         2.02722242e-03],
        [1.74049418e-02, 7.18016597e-03, 3.96685869e-01, 3.18036298e-04,
         5.89517003e-04, 1.26823026e-03, 1.17388387e-04, 2.01353920e-04,
         2.35898048e-03],
        [1.15396030e-01, 1.26043120e-02, 5.61858773e-01, 3.33433185e-04,
         2.18678120e-04, 1.20196689e-03, 7.70600745e-05, 9.66219013e-05,
         3.96842370e-03],
        [1.58926308e-01, 2.14386061e-02, 1.88258246e-01, 1.00816593e-04,
         1.29694017e-04, 1.26091763e-03, 3.81464342e-05, 5.97396356e-05,
         6.66838465e-03],
        [7.40371598e-03, 5.64429909e-03, 4.13049106e-03, 1.62222605e-05,
         4.27072446e-05, 8.43310088e-04, 6.17926571e-06, 1.95498997e-05,
         8.48624622e-04],
        [2.40250560e-03, 1.41404185e-03, 1.78689254e-03, 2.68344174e-05,
         2.03719010e-05, 6.45778899e-04, 2.91323727e-06, 8.30936096e-06,
         4.25215083e-04],
        [7.60524115e-03, 1.18461978e-02, 6.51248172e-02, 3.17099402e-05,
         3.12506927e-05, 8.30942707e-04, 5.38625818e-06, 9.28472946e-06,
         2.23163725e-03],
        [5.14158867e-02, 3.91204238e-01, 6.60042822e-01, 5.84252521e-05,
         2.04154363e-04, 1.68299105e-03, 2.77787931e-05, 5.35715590e-05,
         2.03723237e-02],
        [8.46901461e-02, 3.79367471e-01, 8.64013970e-01, 9.30733659e-05,
         6.31151721e-04, 4.31175530e-03, 5.47194977e-05, 9.49512978e-05,
         4.22395654e-02],
        [1.99405886e-02, 3.85647416e-02, 6.23282492e-01, 1.09376233e-04,
         7.19212636e-04, 2.62615806e-03, 4.88132682e-05, 7.09118030e-05,
         1.10062659e-02],
        [7.23937666e-03, 8.20391346e-03, 3.15315813e-01, 4.52600434e-05,
         1.95389934e-04, 1.69919350e-03, 2.45493793e-05, 3.85184794e-05,
         2.45921453e-03],
        [6.46824855e-03, 7.65084475e-03, 2.67521560e-01, 3.72208597e-05,
         1.28717569e-04, 2.46507209e-03, 2.51840338e-05, 3.55329248e-05,
         1.21476932e-03],
        [7.96876661e-03, 1.64481960e-02, 3.46706718e-01, 5.91012904e-05,
         1.91834668e-04, 3.38662881e-03, 4.40827353e-05, 5.10185528e-05,
         1.36479584e-03],
        [8.48701503e-03, 2.18792483e-02, 3.44786525e-01, 9.63218044e-05,
         2.84142734e-04, 3.62479244e-03, 6.85891064e-05, 7.10321256e-05,
         1.24239863e-03],
        [7.92097487e-03, 2.28115860e-02, 2.93145388e-01, 1.35542519e-04,
         3.37793463e-04, 3.30354297e-03, 8.63219975e-05, 7.84252843e-05,
         9.82731348e-04],
        [6.71143783e-03, 2.20153462e-02, 2.13284418e-01, 1.80814226e-04,
         3.78690369e-04, 3.04577756e-03, 1.05842679e-04, 7.86486853e-05,
         8.43614340e-04],
        [5.78921521e-03, 1.97474509e-02, 1.35765314e-01, 2.46773445e-04,
         4.50777763e-04, 2.66366312e-03, 1.44415462e-04, 8.76365084e-05,
         8.16434622e-04],
        [5.95117453e-03, 1.45339305e-02, 8.30938667e-02, 2.94463680e-04,
         5.09319536e-04, 1.99372857e-03, 1.82375996e-04, 1.16300223e-04,
         8.69184732e-04],
        [7.20456289e-03, 1.04631744e-02, 5.59087396e-02, 3.31390649e-04,
         5.26697317e-04, 1.60771084e-03, 2.10263272e-04, 1.47815648e-04,
         1.05762482e-03],
        [1.03711830e-02, 1.10070240e-02, 4.92742397e-02, 3.92953021e-04,
         4.92084306e-04, 1.83623331e-03, 1.87897269e-04, 1.41713812e-04,
         1.45938993e-03],
        [2.05723885e-02, 1.38015961e-02, 6.29582033e-02, 4.26393352e-04,
         3.29958682e-04, 2.36249226e-03, 1.24432103e-04, 1.12157715e-04,
         2.01430917e-03],
        [1.03255183e-01, 2.58587115e-02, 1.49749264e-01, 3.80383804e-04,
         2.42139329e-04, 2.65492708e-03, 1.15003364e-04, 6.70621739e-05,
         3.60339880e-03],
        [1.92838311e-01, 4.29507270e-02, 1.79105759e-01, 2.52101017e-04,
         2.12975632e-04, 2.13791686e-03, 1.73910594e-04, 7.59627437e-05,
         6.24769926e-03],
        [2.40004454e-02, 3.10870558e-02, 1.23039531e-02, 5.54450380e-05,
         1.25599894e-04, 1.21239421e-03, 4.83615513e-05, 5.02908952e-05,
         2.13548541e-03],
        [2.65765935e-03, 5.03779156e-03, 1.49805192e-03, 4.71365165e-05,
         6.74254916e-05, 9.07887996e-04, 1.48694253e-05, 2.17754387e-05,
         4.04506922e-04],
        [2.20001396e-03, 2.46606744e-03, 1.90926145e-03, 7.83019277e-05,
         3.84186387e-05, 8.12720158e-04, 9.13069471e-06, 1.34572902e-05,
         3.27408314e-04]]], dtype=float32), array([[[6.49739504e-01, 9.26104784e-02, 6.39694810e-01, 4.53982353e-01,
         1.36046976e-01, 5.82902431e-01, 1.02223000e-02, 5.76814771e-01,
         1.05149195e-01],
        [1.99123342e-02, 4.33023572e-02, 7.23772585e-01, 1.73140913e-02,
         1.68788934e-03, 3.21147701e-04, 3.27765330e-04, 1.69403735e-03,
         2.42053010e-02],
        [7.76982075e-03, 5.37972786e-02, 8.96322966e-01, 3.31428349e-02,
         2.09532143e-03, 1.47783285e-04, 1.72360335e-04, 6.22040650e-04,
         2.08848268e-02],
        [4.19127056e-03, 3.50493155e-02, 9.35716629e-01, 6.79396465e-02,
         2.42452230e-03, 1.45985119e-04, 2.37508721e-04, 3.78366822e-04,
         8.74210242e-03],
        [2.28259969e-03, 2.39164587e-02, 9.43416953e-01, 7.35201314e-02,
         2.15130579e-03, 2.06633864e-04, 3.40099126e-04, 2.31414815e-04,
         5.64014725e-03],
        [5.81879960e-03, 3.98532003e-02, 9.62893665e-01, 4.31547724e-02,
         3.88237601e-03, 1.03002542e-03, 6.44583371e-04, 4.27433173e-04,
         1.68044940e-02],
        [3.90148498e-02, 5.55737093e-02, 9.55657125e-01, 6.95272684e-02,
         2.30353698e-02, 5.03168860e-03, 1.38350623e-03, 2.70717801e-03,
         1.69053108e-01],
        [1.47438824e-01, 4.76010181e-02, 8.36727798e-01, 2.01296091e-01,
         8.39713737e-02, 7.48319272e-03, 3.98558564e-03, 1.04391295e-02,
         6.84669554e-01],
        [7.11537451e-02, 6.12393804e-02, 4.65610147e-01, 2.29472712e-01,
         6.76958039e-02, 1.26185420e-03, 4.62043704e-03, 6.80346740e-03,
         7.11552739e-01],
        [1.57648008e-02, 6.46389872e-02, 1.25468805e-01, 1.54799625e-01,
         4.52409275e-02, 2.58789165e-04, 2.62332708e-03, 1.46714353e-03,
         3.74437422e-01],
        [5.99471573e-03, 3.98883037e-02, 3.35075594e-02, 8.07382986e-02,
         3.03717926e-02, 1.29868873e-04, 1.18409912e-03, 3.94468487e-04,
         8.25751051e-02],
        [5.77932969e-03, 3.20862904e-02, 2.27677319e-02, 4.61774766e-02,
         2.29155496e-02, 1.24828264e-04, 6.18375547e-04, 2.38051711e-04,
         3.40857059e-02],
        [6.94150664e-03, 3.82860675e-02, 2.67400686e-02, 4.12141904e-02,
         2.58735586e-02, 1.50859720e-04, 6.72781840e-04, 2.52683734e-04,
         2.56010760e-02],
        [8.23065639e-03, 5.42176776e-02, 4.33515012e-02, 5.13515472e-02,
         3.76227237e-02, 1.95503322e-04, 1.05410884e-03, 3.35882796e-04,
         2.33737417e-02],
        [9.08078440e-03, 8.40761885e-02, 9.51869860e-02, 7.15094656e-02,
         6.18058518e-02, 2.58977088e-04, 1.81968673e-03, 4.66769561e-04,
         2.13933643e-02],
        [9.84838139e-03, 1.27276912e-01, 2.06643462e-01, 9.96079147e-02,
         9.19902921e-02, 3.21900647e-04, 3.02702514e-03, 5.43697737e-04,
         1.99713539e-02],
        [1.22229857e-02, 1.66501567e-01, 3.19562614e-01, 1.21511720e-01,
         1.19356856e-01, 3.64010455e-04, 4.15347237e-03, 6.02593122e-04,
         2.17835307e-02],
        [1.51051050e-02, 1.92934602e-01, 3.84002954e-01, 1.28330380e-01,
         1.37232259e-01, 3.93617171e-04, 4.71183285e-03, 6.73217757e-04,
         2.46882420e-02],
        [1.84995718e-02, 2.11484790e-01, 4.26879942e-01, 1.37495786e-01,
         1.56344071e-01, 4.53237677e-04, 5.57531463e-03, 8.36711028e-04,
         2.92267334e-02],
        [2.02785004e-02, 2.24201679e-01, 4.47499663e-01, 1.47275954e-01,
         1.78729758e-01, 5.00800787e-04, 6.72720745e-03, 9.92990681e-04,
         3.45050879e-02],
        [2.19227728e-02, 2.29841903e-01, 4.55196768e-01, 1.59333199e-01,
         2.02056974e-01, 5.85785077e-04, 8.10145400e-03, 1.20539067e-03,
         4.17356826e-02],
        [2.21461765e-02, 2.27576941e-01, 4.34673339e-01, 1.70734599e-01,
         2.23571718e-01, 6.60429243e-04, 9.55350604e-03, 1.34197145e-03,
         4.98454496e-02],
        [2.34640036e-02, 2.20081046e-01, 4.04563695e-01, 1.80120796e-01,
         2.37210989e-01, 7.97592103e-04, 1.06665259e-02, 1.48391840e-03,
         6.09729365e-02],
        [2.34016143e-02, 2.12964982e-01, 3.73865724e-01, 1.89140230e-01,
         2.49605760e-01, 8.75916914e-04, 1.19517446e-02, 1.61177607e-03,
         6.96428865e-02],
        [2.33446173e-02, 2.03341946e-01, 3.50256056e-01, 1.92552119e-01,
         2.54974365e-01, 9.45039617e-04, 1.24428254e-02, 1.72291673e-03,
         7.57063031e-02],
        [2.16064025e-02, 1.91297874e-01, 3.19892317e-01, 1.88280389e-01,
         2.57073313e-01, 9.31130897e-04, 1.24354027e-02, 1.71330164e-03,
         7.62722194e-02],
        [1.98452920e-02, 1.78890988e-01, 2.96147794e-01, 1.81282669e-01,
         2.52739400e-01, 9.20642749e-04, 1.19453249e-02, 1.65157800e-03,
         7.42850006e-02],
        [1.87584944e-02, 1.69352278e-01, 2.81021923e-01, 1.74744740e-01,
         2.47205734e-01, 9.25566012e-04, 1.14390906e-02, 1.62117823e-03,
         7.19139203e-02],
        [1.77835636e-02, 1.61602184e-01, 2.67318368e-01, 1.65334478e-01,
         2.41029203e-01, 9.26368055e-04, 1.09532401e-02, 1.56043307e-03,
         6.85266033e-02],
        [1.62826106e-02, 1.52930290e-01, 2.47152656e-01, 1.49058819e-01,
         2.30687320e-01, 9.31855757e-04, 1.00453524e-02, 1.43125060e-03,
         6.29382357e-02],
        [1.43386507e-02, 1.45592988e-01, 2.26673394e-01, 1.34018645e-01,
         2.24203587e-01, 8.85730551e-04, 9.36945714e-03, 1.28395925e-03,
         5.66516370e-02],
        [1.37270996e-02, 1.39898390e-01, 2.18795270e-01, 1.24721400e-01,
         2.16375664e-01, 8.87091097e-04, 8.88514705e-03, 1.21932884e-03,
         5.32334372e-02]]], dtype=float32), array([[[7.22597301e-01, 1.45358026e-01, 3.18367273e-01, 4.49942611e-03,
         1.27617386e-03, 1.99630973e-03, 3.26765767e-05, 9.09743714e-04,
         5.49067277e-03],
        [5.98936062e-03, 2.82342285e-02, 1.02370447e-02, 7.37436276e-05,
         2.04449767e-04, 9.38085577e-06, 1.24692124e-05, 1.01332507e-05,
         5.89608029e-03],
        [3.75605971e-02, 2.55983276e-03, 8.81486312e-02, 1.32511821e-04,
         2.85633898e-04, 1.66669503e-04, 1.26999385e-05, 2.22737053e-05,
         7.12322351e-03],
        [2.28082165e-01, 9.10099968e-03, 6.29332364e-01, 2.82747176e-04,
         1.12456304e-03, 1.08517725e-02, 7.43141427e-05, 3.22227890e-04,
         5.78165194e-03],
        [4.69130993e-01, 3.26340705e-01, 7.49691308e-01, 1.35712151e-03,
         9.16768797e-03, 2.75834203e-01, 6.07744034e-04, 4.04362241e-03,
         1.57813411e-02],
        [5.12430012e-01, 7.83825755e-01, 7.36684024e-01, 3.26088211e-03,
         3.53215821e-02, 5.06523430e-01, 1.96514209e-03, 9.56646632e-03,
         3.22802328e-02],
        [5.35245776e-01, 8.69086921e-01, 6.90081120e-01, 4.21067933e-03,
         4.81782816e-02, 5.45975745e-01, 2.23020464e-03, 8.77351873e-03,
         4.31972630e-02],
        [5.50649703e-01, 8.92032683e-01, 6.25404537e-01, 4.12073219e-03,
         4.15179767e-02, 5.06491303e-01, 1.87499053e-03, 6.65663462e-03,
         4.90916967e-02],
        [5.63963473e-01, 8.97760928e-01, 5.75679779e-01, 3.69476643e-03,
         3.25742662e-02, 4.37678903e-01, 1.47704966e-03, 4.87545179e-03,
         4.77718376e-02],
        [5.70143640e-01, 9.01188314e-01, 5.30346036e-01, 3.26697971e-03,
         2.54684631e-02, 3.65979284e-01, 1.19655405e-03, 3.81687330e-03,
         4.52337377e-02],
        [5.73327959e-01, 8.99920702e-01, 5.00790775e-01, 3.03069432e-03,
         2.17537619e-02, 3.11697483e-01, 1.03627960e-03, 3.19690956e-03,
         4.15912792e-02],
        [5.74315310e-01, 8.97225916e-01, 4.80403304e-01, 2.91009923e-03,
         1.98141057e-02, 2.71596283e-01, 9.58618766e-04, 2.83422042e-03,
         3.85212265e-02],
        [5.72623372e-01, 8.97290409e-01, 4.56729203e-01, 2.83965212e-03,
         1.80539005e-02, 2.37404644e-01, 9.06956615e-04, 2.50423327e-03,
         3.61791104e-02],
        [5.73551476e-01, 8.93456101e-01, 4.45962250e-01, 2.74225534e-03,
         1.70819964e-02, 2.11762577e-01, 8.43906251e-04, 2.20617489e-03,
         3.31028104e-02],
        [5.72370708e-01, 8.90424430e-01, 4.34690446e-01, 2.64386134e-03,
         1.59267150e-02, 1.88949987e-01, 7.95034051e-04, 1.99741940e-03,
         3.11872158e-02],
        [5.74550986e-01, 8.85160089e-01, 4.35812891e-01, 2.43185833e-03,
         1.57360602e-02, 1.77591652e-01, 7.18478346e-04, 1.89772609e-03,
         2.99307723e-02],
        [5.68915367e-01, 8.81694794e-01, 4.22286004e-01, 2.23045982e-03,
         1.39000602e-02, 1.54754251e-01, 6.97368931e-04, 1.67560310e-03,
         2.85358559e-02],
        [5.59499383e-01, 8.76981914e-01, 4.01768148e-01, 1.93583081e-03,
         1.17863817e-02, 1.28327727e-01, 6.37087738e-04, 1.40097470e-03,
         2.60402560e-02],
        [5.50176561e-01, 8.71707320e-01, 3.88719469e-01, 1.69978023e-03,
         1.01907784e-02, 1.07839897e-01, 5.74310834e-04, 1.22136797e-03,
         2.38046832e-02],
        [5.39715528e-01, 8.67112517e-01, 3.77094805e-01, 1.56401121e-03,
         8.77394341e-03, 8.84774402e-02, 5.34038874e-04, 1.09160761e-03,
         2.19896026e-02],
        [5.29830635e-01, 8.64373982e-01, 3.68387699e-01, 1.49260089e-03,
         7.83177745e-03, 7.44301900e-02, 5.01814298e-04, 1.02038227e-03,
         2.05237214e-02],
        [5.21345735e-01, 8.63793492e-01, 3.62906873e-01, 1.45019125e-03,
         7.15799443e-03, 6.39532283e-02, 4.75329580e-04, 9.74121154e-04,
         1.93178765e-02],
        [5.17814219e-01, 8.62394035e-01, 3.63615334e-01, 1.41780416e-03,
         6.82741590e-03, 5.85429259e-02, 4.44782170e-04, 9.65418818e-04,
         1.84810851e-02],
        [5.14856040e-01, 8.62698436e-01, 3.63311917e-01, 1.41079677e-03,
         6.43981621e-03, 5.27996868e-02, 4.23572230e-04, 9.39110876e-04,
         1.75723545e-02],
        [5.13759732e-01, 8.65067720e-01, 3.64885449e-01, 1.43513537e-03,
         6.07756525e-03, 4.70728949e-02, 4.04478371e-04, 8.94169032e-04,
         1.65264830e-02],
        [5.15003324e-01, 8.68490398e-01, 3.69895518e-01, 1.46050518e-03,
         5.81515348e-03, 4.29673269e-02, 3.84597020e-04, 8.52565630e-04,
         1.58795603e-02],
        [5.13268113e-01, 8.73086631e-01, 3.72140676e-01, 1.52147852e-03,
         5.36972377e-03, 3.76981534e-02, 3.76106880e-04, 7.80528353e-04,
         1.51605010e-02],
        [5.13350904e-01, 8.77664447e-01, 3.77349854e-01, 1.57289288e-03,
         5.15864138e-03, 3.46025117e-02, 3.61724349e-04, 7.28067884e-04,
         1.46309035e-02],
        [5.15167713e-01, 8.83941293e-01, 3.91013950e-01, 1.61407981e-03,
         5.08046802e-03, 3.35724019e-02, 3.41816427e-04, 6.96962525e-04,
         1.46364765e-02],
        [5.14910877e-01, 8.95193398e-01, 4.01529372e-01, 1.68064190e-03,
         4.88574244e-03, 3.18432450e-02, 3.21539497e-04, 6.55265874e-04,
         1.49225984e-02],
        [5.14997065e-01, 9.04388368e-01, 4.07484829e-01, 1.74481014e-03,
         4.79827216e-03, 3.08269747e-02, 3.07233800e-04, 6.33411168e-04,
         1.51992757e-02],
        [5.14625549e-01, 9.11322176e-01, 4.07687932e-01, 1.80345343e-03,
         4.70003113e-03, 2.98513900e-02, 3.01354303e-04, 6.24646607e-04,
         1.53208980e-02]]], dtype=float32), array([[[7.2891563e-01, 9.4069690e-02, 6.5263575e-01, 1.0255223e-02,
         3.3255510e-03, 4.5102937e-03, 3.7293623e-05, 5.9768790e-03,
         2.1212244e-02],
        [2.7568103e-03, 2.3637125e-01, 7.6021507e-02, 1.4692226e-03,
         8.4076039e-03, 1.1182665e-04, 1.2634606e-04, 1.5717894e-03,
         2.1621665e-02],
        [1.4469714e-01, 5.7058848e-02, 6.4917219e-01, 1.3803572e-02,
         1.5918231e-02, 1.7927256e-03, 2.9632222e-04, 3.5183277e-02,
         1.0066142e-02],
        [3.4335345e-01, 4.5868650e-02, 8.7833863e-01, 3.2081285e-03,
         1.7591632e-03, 1.3540091e-03, 9.3123359e-05, 4.8294803e-03,
         5.9744380e-03],
        [4.4045690e-01, 6.6134095e-02, 9.4501179e-01, 7.0453266e-04,
         5.2824034e-04, 1.2344684e-03, 3.1256903e-05, 2.1971203e-03,
         8.4590670e-03],
        [4.5477575e-01, 8.9084633e-02, 9.7230065e-01, 3.8049000e-04,
         4.0149473e-04, 1.2314272e-03, 2.3954433e-05, 1.7674027e-03,
         1.3986911e-02],
        [4.5722497e-01, 1.0706293e-01, 9.8528916e-01, 3.0242567e-04,
         3.9196940e-04, 1.2059042e-03, 2.0421314e-05, 1.5582284e-03,
         1.9843655e-02],
        [4.5215234e-01, 1.3367338e-01, 9.9148500e-01, 3.1437629e-04,
         4.3668461e-04, 1.2290762e-03, 2.0377769e-05, 1.5754864e-03,
         2.7222700e-02],
        [4.3594021e-01, 1.7743115e-01, 9.9470568e-01, 4.5657528e-04,
         6.8208203e-04, 1.3326593e-03, 2.3933469e-05, 2.0114274e-03,
         3.6512185e-02],
        [3.9801183e-01, 2.1001607e-01, 9.9612695e-01, 6.7303661e-04,
         1.2421850e-03, 1.3835798e-03, 3.7868449e-05, 2.5431698e-03,
         4.4468641e-02],
        [3.0520168e-01, 2.3079596e-01, 9.9569458e-01, 8.7171316e-04,
         1.7435581e-03, 1.3109029e-03, 6.3642598e-05, 2.7957393e-03,
         4.4071175e-02],
        [2.2618532e-01, 2.0829672e-01, 9.9122536e-01, 1.1388519e-03,
         2.5778995e-03, 1.2941915e-03, 9.2052891e-05, 2.5709104e-03,
         2.6385304e-02],
        [2.0110069e-01, 1.9387199e-01, 9.7376317e-01, 1.0489661e-03,
         3.1667566e-03, 1.5932852e-03, 8.9874928e-05, 1.7836008e-03,
         1.1750894e-02],
        [2.0312826e-01, 1.8834174e-01, 9.1438681e-01, 8.0695708e-04,
         1.9644524e-03, 1.4758479e-03, 5.2524978e-05, 1.0185994e-03,
         5.3570652e-03],
        [2.5154686e-01, 2.5627565e-01, 8.6014593e-01, 8.8184729e-04,
         1.1543278e-03, 1.1954216e-03, 4.4066976e-05, 5.1482400e-04,
         4.3935315e-03],
        [3.4638596e-01, 3.4227732e-01, 8.7124312e-01, 1.0505391e-03,
         8.9228706e-04, 1.1208159e-03, 4.6590420e-05, 5.0560769e-04,
         5.3161252e-03],
        [3.9734587e-01, 3.4701681e-01, 9.0186965e-01, 1.0526496e-03,
         8.4711442e-04, 1.1861736e-03, 4.4955683e-05, 5.7900755e-04,
         5.5905571e-03],
        [4.2817608e-01, 3.4360415e-01, 9.3923658e-01, 9.7741769e-04,
         8.2197029e-04, 1.3533963e-03, 3.3914093e-05, 6.4075750e-04,
         5.9635076e-03],
        [4.4355541e-01, 3.4240249e-01, 9.6092278e-01, 7.5962843e-04,
         7.5275131e-04, 1.4641007e-03, 2.8177881e-05, 6.4865279e-04,
         6.6111456e-03],
        [4.4850791e-01, 3.4667945e-01, 9.7059983e-01, 6.2288914e-04,
         6.7636976e-04, 1.5021517e-03, 2.5973388e-05, 6.5659091e-04,
         7.3961592e-03],
        [4.4790244e-01, 3.5534775e-01, 9.7428268e-01, 5.8056368e-04,
         6.3239317e-04, 1.5768817e-03, 2.5818774e-05, 6.9555402e-04,
         8.1629856e-03],
        [4.4725767e-01, 3.6968017e-01, 9.7645015e-01, 5.8010092e-04,
         6.4345752e-04, 1.7467585e-03, 2.5831396e-05, 7.6596806e-04,
         8.8616796e-03],
        [4.4547713e-01, 3.8911512e-01, 9.7692972e-01, 5.9708365e-04,
         6.6842407e-04, 1.9573122e-03, 2.6228576e-05, 8.3835982e-04,
         9.6422667e-03],
        [4.4504416e-01, 4.0076461e-01, 9.7683471e-01, 6.0004171e-04,
         6.8389770e-04, 2.1037378e-03, 2.6489432e-05, 8.8449783e-04,
         1.0304775e-02],
        [4.4380349e-01, 4.1047701e-01, 9.7613758e-01, 6.0361432e-04,
         6.9518905e-04, 2.1906546e-03, 2.7468885e-05, 9.3300286e-04,
         1.0877964e-02],
        [4.4556692e-01, 4.2100763e-01, 9.7596562e-01, 6.0437818e-04,
         7.0699275e-04, 2.3028760e-03, 2.7734237e-05, 9.8850939e-04,
         1.1374980e-02],
        [4.4371733e-01, 4.3843156e-01, 9.7460127e-01, 6.1361346e-04,
         7.1535801e-04, 2.4290136e-03, 2.8870638e-05, 1.0532417e-03,
         1.2098163e-02],
        [4.4247296e-01, 4.6844548e-01, 9.7346210e-01, 6.4623577e-04,
         7.2563003e-04, 2.6905828e-03, 3.0102268e-05, 1.1573904e-03,
         1.3398021e-02],
        [4.4622022e-01, 5.1285148e-01, 9.7270447e-01, 6.8393047e-04,
         7.3794322e-04, 3.1778472e-03, 3.0539006e-05, 1.2825723e-03,
         1.5589625e-02],
        [4.4495669e-01, 5.6586981e-01, 9.6844363e-01, 7.6176191e-04,
         7.9748896e-04, 4.0553999e-03, 3.3953896e-05, 1.5099836e-03,
         1.9522935e-02],
        [4.4944176e-01, 6.0813206e-01, 9.5869213e-01, 8.8113302e-04,
         9.3230710e-04, 5.5968724e-03, 4.0497758e-05, 1.8950746e-03,
         2.5157422e-02],
        [4.4906250e-01, 6.3991296e-01, 9.3026024e-01, 1.0293875e-03,
         1.1075345e-03, 7.4931527e-03, 5.2048330e-05, 2.5130776e-03,
         3.0428112e-02]]], dtype=float32), array([[[7.27064550e-01, 5.22478044e-01, 3.41895878e-01, 1.07870214e-02,
         1.75108667e-02, 1.87518448e-02, 1.53145185e-04, 6.88406825e-01,
         6.79573953e-01],
        [7.73330918e-04, 2.88647681e-01, 4.26753843e-03, 6.42238243e-04,
         2.14005151e-04, 2.80098575e-05, 4.02045189e-05, 6.05878595e-04,
         1.47690102e-02],
        [1.90017298e-02, 7.82214105e-01, 3.87523952e-03, 1.32268062e-03,
         2.20257032e-04, 1.04152037e-04, 5.94722624e-05, 1.20432815e-03,
         2.08406430e-02],
        [1.45866759e-02, 7.02213705e-01, 2.27398891e-03, 1.51801202e-03,
         5.42701571e-04, 1.47046201e-04, 9.32152470e-05, 3.83244973e-04,
         1.27385650e-02],
        [5.67156002e-02, 4.54332888e-01, 3.18381214e-03, 3.53603670e-03,
         1.72430149e-03, 1.02584844e-03, 1.13751143e-04, 1.00841152e-03,
         7.67753227e-03],
        [1.75889060e-01, 3.06632787e-01, 7.77759030e-03, 8.80536903e-03,
         3.82580282e-03, 5.39447088e-03, 2.46630341e-04, 3.47685185e-03,
         9.66735650e-03],
        [2.86634237e-01, 2.60532260e-01, 1.24325203e-02, 1.55984676e-02,
         6.78399904e-03, 1.07234176e-02, 5.16885368e-04, 8.59039649e-03,
         1.65610276e-02],
        [3.27745706e-01, 2.26875961e-01, 1.45380432e-02, 2.20453534e-02,
         1.07848244e-02, 1.20374933e-02, 8.51207238e-04, 1.64323933e-02,
         2.70948652e-02],
        [3.43959153e-01, 2.15334564e-01, 1.51043767e-02, 3.24566327e-02,
         1.82791501e-02, 1.32355811e-02, 1.58567249e-03, 3.47708985e-02,
         4.50064614e-02],
        [3.49315971e-01, 2.24321976e-01, 1.66817028e-02, 4.38506044e-02,
         3.34165171e-02, 1.75492410e-02, 3.26246582e-03, 7.59065971e-02,
         7.61004612e-02],
        [3.29977632e-01, 2.35442415e-01, 2.36570518e-02, 4.65861633e-02,
         6.50961101e-02, 2.02920586e-02, 6.29143044e-03, 1.30618215e-01,
         1.22440726e-01],
        [2.49113038e-01, 2.57069230e-01, 3.39348912e-02, 3.31235714e-02,
         8.85958001e-02, 1.53858531e-02, 6.76801242e-03, 1.24041863e-01,
         1.76041663e-01],
        [1.59648955e-01, 2.65767425e-01, 4.70132865e-02, 2.25007739e-02,
         7.25994781e-02, 1.06698088e-02, 4.30282997e-03, 6.55832812e-02,
         1.69310823e-01],
        [8.89502093e-02, 2.13044837e-01, 5.68043664e-02, 1.98095348e-02,
         4.92202267e-02, 6.96151145e-03, 1.87804131e-03, 2.53729597e-02,
         1.13435619e-01],
        [4.81806956e-02, 1.17662594e-01, 7.06348568e-02, 2.07621623e-02,
         2.69357227e-02, 6.33532135e-03, 8.45818373e-04, 8.37790500e-03,
         5.74330389e-02],
        [3.75711881e-02, 6.08051419e-02, 1.15868628e-01, 2.03223098e-02,
         9.45545547e-03, 6.85210060e-03, 3.94614704e-04, 2.75311596e-03,
         3.18303332e-02],
        [5.12538143e-02, 5.39664030e-02, 2.86277890e-01, 2.75952369e-02,
         4.94549610e-03, 8.81273579e-03, 3.72325740e-04, 1.60364015e-03,
         3.14646997e-02],
        [8.95795450e-02, 6.89823255e-02, 4.39712793e-01, 2.44418345e-02,
         3.11191333e-03, 1.07158087e-02, 2.31919592e-04, 1.03202916e-03,
         4.12710533e-02],
        [2.17696890e-01, 9.75359231e-02, 6.78416491e-01, 1.56018371e-02,
         1.42754766e-03, 1.29358526e-02, 9.30278184e-05, 8.52997298e-04,
         4.75709811e-02],
        [3.52508426e-01, 9.75783169e-02, 7.64015555e-01, 1.06908269e-02,
         7.74141517e-04, 1.10995891e-02, 4.00799072e-05, 4.99328249e-04,
         4.34660502e-02],
        [4.30327743e-01, 8.46625641e-02, 8.09795439e-01, 9.81942564e-03,
         6.10578922e-04, 1.04319006e-02, 3.04370697e-05, 4.23373916e-04,
         4.81483638e-02],
        [4.61877793e-01, 9.21875313e-02, 9.10530746e-01, 9.88893025e-03,
         6.20865554e-04, 1.03459163e-02, 3.27380149e-05, 4.68199054e-04,
         6.40871078e-02],
        [4.70889270e-01, 1.07797280e-01, 9.52921987e-01, 8.95943400e-03,
         5.81981789e-04, 1.11566326e-02, 3.95127317e-05, 5.88737079e-04,
         8.42720047e-02],
        [4.70566541e-01, 1.14514135e-01, 9.68652666e-01, 7.57449819e-03,
         5.02722512e-04, 1.20263677e-02, 4.00871468e-05, 6.85522857e-04,
         1.01251684e-01],
        [4.69030380e-01, 1.29203215e-01, 9.77151275e-01, 7.74481520e-03,
         4.50938503e-04, 1.36388727e-02, 4.13818598e-05, 7.65374862e-04,
         1.15693673e-01],
        [4.68542188e-01, 1.63694546e-01, 9.83709991e-01, 8.22983682e-03,
         4.27090767e-04, 1.57161523e-02, 3.79539379e-05, 7.70008366e-04,
         1.47905856e-01],
        [4.58914667e-01, 1.91283613e-01, 9.85822916e-01, 7.66451377e-03,
         4.43437224e-04, 1.65019277e-02, 3.12324592e-05, 7.27418636e-04,
         1.82439327e-01],
        [4.21462357e-01, 1.78877890e-01, 9.83230352e-01, 5.81459468e-03,
         4.95729386e-04, 1.37634557e-02, 2.06173627e-05, 7.07467436e-04,
         1.69138834e-01],
        [3.28326851e-01, 1.43781021e-01, 9.69530702e-01, 5.10948431e-03,
         5.73521364e-04, 9.47564375e-03, 1.72271830e-05, 6.97118463e-04,
         1.13827199e-01],
        [1.70879170e-01, 9.14851129e-02, 8.81745338e-01, 4.32434957e-03,
         6.71413145e-04, 5.51197492e-03, 2.36885571e-05, 4.31648106e-04,
         4.87244725e-02],
        [5.18408604e-02, 6.29059821e-02, 2.08903924e-01, 2.12475890e-03,
         6.72402210e-04, 2.51343474e-03, 2.38525063e-05, 1.84371282e-04,
         1.21031404e-02],
        [2.82961689e-02, 6.07838519e-02, 1.77114457e-02, 1.55047921e-03,
         8.73082085e-04, 1.93624885e-03, 3.37098136e-05, 1.44431076e-04,
         6.52688742e-03]]], dtype=float32)]