tf.Tensor(
[[[7.28544295e-01 5.45625567e-01 3.52325231e-01 8.37983005e-03
   1.49245635e-02 1.57805253e-02 8.85176923e-05 7.00240493e-01
   6.92269087e-01]
  [7.43281562e-04 2.80214369e-01 3.84579832e-03 5.86357957e-04
   1.76570451e-04 2.69744542e-05 3.39047765e-05 5.33278799e-04
   1.33445626e-02]
  [1.99062116e-02 7.92791903e-01 3.87570146e-03 1.28073443e-03
   1.89280734e-04 1.01262129e-04 5.77884020e-05 1.14723342e-03
   2.23675016e-02]
  [1.30421454e-02 7.26127982e-01 2.17828201e-03 1.38382602e-03
   4.98942740e-04 1.20918936e-04 9.86261221e-05 3.30873416e-04
   1.38123762e-02]
  [4.67791036e-02 4.85454053e-01 2.67993310e-03 3.16140312e-03
   1.53164065e-03 7.98049790e-04 1.07548367e-04 8.65697279e-04
   8.29130970e-03]
  [1.57009691e-01 3.16672236e-01 6.85549760e-03 7.90308043e-03
   3.51286796e-03 4.65279957e-03 2.21146824e-04 3.01286695e-03
   9.39287804e-03]
  [2.72081017e-01 2.70812124e-01 1.18194958e-02 1.45154148e-02
   6.21822570e-03 1.06559573e-02 4.64893354e-04 7.88931735e-03
   1.56333763e-02]
  [3.21884871e-01 2.35555083e-01 1.43424552e-02 2.06892118e-02
   1.00180525e-02 1.28385704e-02 7.62986543e-04 1.55982347e-02
   2.57544741e-02]
  [3.44943762e-01 2.15235144e-01 1.52826030e-02 2.76155416e-02
   1.51804248e-02 1.26885418e-02 1.25204725e-03 2.88738515e-02
   3.83548699e-02]
  [3.52505296e-01 2.22197920e-01 1.56300720e-02 3.79557870e-02
   2.61505209e-02 1.52813131e-02 2.31801230e-03 5.83185703e-02
   6.32887110e-02]
  [3.38122964e-01 2.30074942e-01 1.98880434e-02 4.52063978e-02
   4.88456562e-02 1.92260630e-02 4.87964367e-03 1.10790797e-01
   1.01110980e-01]
  [2.95673698e-01 2.48207927e-01 2.91938465e-02 3.99828181e-02
   8.69299099e-02 1.85289849e-02 7.25552859e-03 1.46179661e-01
   1.60878062e-01]
  [1.91320017e-01 2.68226802e-01 3.87853831e-02 2.46868748e-02
   8.26595798e-02 1.16025154e-02 5.49664721e-03 9.04517323e-02
   1.88784242e-01]
  [1.16774641e-01 2.50407785e-01 5.14614061e-02 1.90754570e-02
   6.22276254e-02 7.57841393e-03 2.58871261e-03 4.01207209e-02
   1.50329664e-01]
  [5.79048730e-02 1.60477892e-01 6.10517561e-02 1.76668428e-02
   3.60829756e-02 5.07244468e-03 1.00039190e-03 1.14810485e-02
   8.01180154e-02]
  [3.71172987e-02 7.70590827e-02 8.65299329e-02 1.81898717e-02
   1.52881676e-02 5.60142286e-03 4.69259248e-04 3.56958248e-03
   4.15927283e-02]
  [4.89931703e-02 5.96395619e-02 2.19719261e-01 2.48415489e-02
   6.31484203e-03 8.29998963e-03 3.73578980e-04 1.84183952e-03
   3.50163877e-02]
  [8.73479620e-02 7.57947117e-02 4.01665121e-01 2.40442436e-02
   3.85094550e-03 9.61156934e-03 2.32805629e-04 1.19720353e-03
   4.28755544e-02]
  [2.51910895e-01 1.03535183e-01 6.57938123e-01 1.33869117e-02
   1.52378390e-03 1.22604789e-02 7.96908789e-05 1.05497916e-03
   5.15032373e-02]
  [3.74002069e-01 9.23832506e-02 7.49662876e-01 8.61675758e-03
   7.88035919e-04 9.84247308e-03 3.50548544e-05 5.97268983e-04
   4.82430831e-02]
  [4.33647454e-01 7.68062249e-02 8.07715595e-01 9.27085243e-03
   6.66480686e-04 9.98334493e-03 2.81189223e-05 4.97809611e-04
   5.53649925e-02]
  [4.62580502e-01 8.31412598e-02 9.07336771e-01 9.02966037e-03
   6.14223885e-04 9.80042014e-03 2.82424116e-05 5.40158071e-04
   6.59775585e-02]
  [4.68469977e-01 9.31073949e-02 9.50896740e-01 9.65554547e-03
   5.86638111e-04 1.01031139e-02 3.92022666e-05 6.42690749e-04
   7.73641542e-02]
  [4.68692362e-01 1.07119575e-01 9.68789339e-01 9.87220742e-03
   5.27155411e-04 1.13869878e-02 4.69990082e-05 7.81760784e-04
   9.04960856e-02]
  [4.72125918e-01 1.32053912e-01 9.77673233e-01 9.19873640e-03
   4.69177816e-04 1.30956993e-02 4.67317041e-05 8.85591260e-04
   1.10355899e-01]
  [4.73498911e-01 1.66371360e-01 9.83660221e-01 8.23673513e-03
   4.28254280e-04 1.45570803e-02 3.80073179e-05 8.58296524e-04
   1.43465623e-01]
  [4.61618811e-01 1.86072454e-01 9.86393869e-01 7.36950897e-03
   4.34094487e-04 1.48823401e-02 2.76743212e-05 7.52474007e-04
   1.73436388e-01]
  [4.26241130e-01 1.70657516e-01 9.84773040e-01 6.00535329e-03
   4.85758879e-04 1.27321826e-02 1.89065831e-05 7.12628709e-04
   1.64000720e-01]
  [3.50756675e-01 1.41433343e-01 9.75102723e-01 5.41874580e-03
   5.48025186e-04 9.39352065e-03 1.60609325e-05 6.95576891e-04
   1.15734398e-01]
  [2.20743477e-01 1.00943118e-01 9.24589336e-01 4.29693423e-03
   5.92504104e-04 5.60450554e-03 1.70328676e-05 4.95677115e-04
   5.66644967e-02]
  [9.75488722e-02 7.08734766e-02 5.59137225e-01 2.76493491e-03
   6.93071459e-04 3.09648877e-03 2.09096215e-05 2.79242173e-04
   1.76607370e-02]
  [3.48003805e-02 6.51558265e-02 4.81618121e-02 1.81122590e-03
   8.02545284e-04 1.92245620e-03 2.82285637e-05 1.49589803e-04
   6.96909428e-03]]], shape=(1, 32, 9), dtype=float32)