[array([[[6.12678230e-01, 6.42252922e-01, 7.30994344e-01, 4.07271134e-03,
         2.63398767e-01, 3.22897868e-05, 3.04583256e-04, 4.86010313e-03,
         5.04526496e-01],
        [5.07580757e-01, 7.99543917e-01, 7.31230438e-01, 6.27620320e-04,
         1.77750006e-01, 6.54800431e-07, 9.28691497e-06, 2.81680579e-04,
         5.00780761e-01],
        [5.00695884e-01, 9.01546359e-01, 7.31137156e-01, 3.03424109e-04,
         1.52568474e-01, 3.18304359e-07, 3.05149752e-06, 1.10846566e-04,
         5.00066042e-01],
        [5.00314057e-01, 9.54766214e-01, 7.31120169e-01, 2.45303003e-04,
         1.52702168e-01, 2.72437973e-07, 2.36281426e-06, 8.55875915e-05,
         5.00001788e-01],
        [5.00221372e-01, 9.79785383e-01, 7.31115818e-01, 2.26955133e-04,
         1.56234697e-01, 2.78413808e-07, 2.22716039e-06, 7.85728407e-05,
         4.99991834e-01],
        [5.00196099e-01, 9.91030514e-01, 7.31114388e-01, 2.21828624e-04,
         1.59598842e-01, 2.85126902e-07, 2.20819470e-06, 7.61145784e-05,
         4.99989420e-01],
        [5.00195563e-01, 9.96002257e-01, 7.31112599e-01, 2.19295209e-04,
         1.63534030e-01, 2.86359182e-07, 2.19735466e-06, 7.47921440e-05,
         4.99988317e-01],
        [5.00189304e-01, 9.98181939e-01, 7.31112301e-01, 2.18594796e-04,
         1.65568963e-01, 2.90974072e-07, 2.20664765e-06, 7.43557757e-05,
         4.99987751e-01],
        [5.00190556e-01, 9.99138951e-01, 7.31111765e-01, 2.17745153e-04,
         1.67039618e-01, 2.91038958e-07, 2.20078778e-06, 7.37725350e-05,
         4.99987572e-01],
        [5.00186503e-01, 9.99559283e-01, 7.31111526e-01, 2.17953915e-04,
         1.69262633e-01, 2.94285769e-07, 2.21293499e-06, 7.34287532e-05,
         4.99987125e-01],
        [5.00184476e-01, 9.99744475e-01, 7.31111288e-01, 2.17819776e-04,
         1.70668647e-01, 2.96045926e-07, 2.21745904e-06, 7.32046174e-05,
         4.99986827e-01],
        [5.00182927e-01, 9.99826431e-01, 7.31111467e-01, 2.17432142e-04,
         1.70370683e-01, 2.97102048e-07, 2.21657410e-06, 7.31597320e-05,
         4.99986887e-01],
        [5.00186980e-01, 9.99863803e-01, 7.31110811e-01, 2.17059685e-04,
         1.71758890e-01, 2.95371080e-07, 2.21051187e-06, 7.28763698e-05,
         4.99986708e-01],
        [5.00181675e-01, 9.99879479e-01, 7.31110930e-01, 2.17387642e-04,
         1.72887996e-01, 2.99033303e-07, 2.22338304e-06, 7.27867809e-05,
         4.99986470e-01],
        [5.00185192e-01, 9.99887466e-01, 7.31110513e-01, 2.16851098e-04,
         1.73625693e-01, 2.97462975e-07, 2.21517598e-06, 7.25332138e-05,
         4.99986351e-01],
        [5.00178695e-01, 9.99889791e-01, 7.31110871e-01, 2.17372813e-04,
         1.74493402e-01, 3.01616694e-07, 2.23074426e-06, 7.25032587e-05,
         4.99986172e-01],
        [5.00182033e-01, 9.99891996e-01, 7.31110334e-01, 2.16836299e-04,
         1.75806567e-01, 3.00189924e-07, 2.22320614e-06, 7.21750621e-05,
         4.99985993e-01],
        [5.00182748e-01, 9.99893010e-01, 7.31110036e-01, 2.16240049e-04,
         1.76184475e-01, 3.00499551e-07, 2.21950063e-06, 7.20557946e-05,
         4.99985993e-01],
        [5.00184774e-01, 9.99893844e-01, 7.31109500e-01, 2.16076209e-04,
         1.77641556e-01, 2.99906930e-07, 2.21747450e-06, 7.17127259e-05,
         4.99985814e-01],
        [5.00182390e-01, 9.99893785e-01, 7.31109500e-01, 2.16374436e-04,
         1.78825915e-01, 3.01743569e-07, 2.22502513e-06, 7.16529976e-05,
         4.99985576e-01],
        [5.00178754e-01, 9.99893308e-01, 7.31109679e-01, 2.16359462e-04,
         1.79633737e-01, 3.04321986e-07, 2.23158258e-06, 7.14440248e-05,
         4.99985516e-01],
        [5.00180185e-01, 9.99893785e-01, 7.31109262e-01, 2.16061409e-04,
         1.80625945e-01, 3.03904955e-07, 2.22841845e-06, 7.12202454e-05,
         4.99985367e-01],
        [5.00184834e-01, 9.99894857e-01, 7.31108725e-01, 2.15375854e-04,
         1.81647405e-01, 3.01831079e-07, 2.21805431e-06, 7.09816450e-05,
         4.99985188e-01],
        [5.00176668e-01, 9.99893546e-01, 7.31109262e-01, 2.15837877e-04,
         1.82128489e-01, 3.07130307e-07, 2.23602979e-06, 7.10113745e-05,
         4.99985069e-01],
        [5.00184417e-01, 9.99894977e-01, 7.31108427e-01, 2.14705098e-04,
         1.82415158e-01, 3.02756206e-07, 2.21468099e-06, 7.07131549e-05,
         4.99985158e-01],
        [5.00176966e-01, 9.99893785e-01, 7.31108904e-01, 2.15644221e-04,
         1.83459342e-01, 3.07394600e-07, 2.23572761e-06, 7.06981664e-05,
         4.99984920e-01],
        [5.00177562e-01, 9.99893904e-01, 7.31108725e-01, 2.15450549e-04,
         1.84203953e-01, 3.07246893e-07, 2.23383086e-06, 7.05638740e-05,
         4.99984771e-01],
        [5.00174105e-01, 9.99893427e-01, 7.31108904e-01, 2.15689011e-04,
         1.84769601e-01, 3.09513496e-07, 2.24125824e-06, 7.04294944e-05,
         4.99984741e-01],
        [5.00175714e-01, 9.99893785e-01, 7.31108665e-01, 2.15495398e-04,
         1.85581356e-01, 3.08863321e-07, 2.23840016e-06, 7.02504622e-05,
         4.99984622e-01],
        [5.00176966e-01, 9.99894142e-01, 7.31108367e-01, 2.15361360e-04,
         1.86505064e-01, 3.08580383e-07, 2.23727625e-06, 7.01460594e-05,
         4.99984443e-01],
        [5.00174403e-01, 9.99893785e-01, 7.31108427e-01, 2.15212174e-04,
         1.86642885e-01, 3.10537644e-07, 2.24050427e-06, 7.00416131e-05,
         4.99984443e-01],
        [5.00177205e-01, 9.99894381e-01, 7.31108069e-01, 2.14690532e-04,
         1.86977118e-01, 3.08967287e-07, 2.23303641e-06, 6.98925141e-05,
         4.99984443e-01]]], dtype=float32), array([[[3.29931192e-02, 6.66729966e-03, 1.66504818e-03, 9.15181881e-05,
         1.56473361e-05, 5.18724322e-04, 9.25190875e-08, 1.95903863e-06,
         4.08196589e-04],
        [9.38516459e-05, 4.64206375e-02, 8.90940719e-05, 3.57000936e-05,
         2.55245163e-06, 1.10631585e-02, 2.26111618e-09, 2.56498311e-06,
         3.83950464e-06],
        [2.61338773e-05, 4.83340174e-01, 3.44795808e-05, 2.11649876e-06,
         1.26312943e-06, 7.89648294e-03, 9.72916470e-11, 4.64997265e-06,
         1.79540655e-06],
        [1.07473898e-05, 7.71071017e-01, 2.10336675e-05, 2.64842981e-07,
         1.34403535e-06, 7.87274539e-03, 1.18346513e-10, 1.75439800e-05,
         1.59574734e-06],
        [9.97068128e-06, 8.93226445e-01, 2.51640904e-05, 9.21609171e-08,
         5.19760988e-07, 4.26463783e-03, 8.52813098e-11, 1.32996192e-05,
         1.72143984e-06],
        [1.13640945e-05, 9.52964425e-01, 2.88811734e-05, 6.09357116e-08,
         3.15252464e-07, 2.77949870e-03, 8.10367884e-11, 1.22703650e-05,
         2.03171226e-06],
        [1.26718369e-05, 9.78876352e-01, 3.20305480e-05, 4.95243526e-08,
         2.34342110e-07, 2.12129951e-03, 8.04738221e-11, 1.12044972e-05,
         2.30826345e-06],
        [1.36574699e-05, 9.89102900e-01, 3.36128360e-05, 4.64901291e-08,
         2.18702667e-07, 1.91889703e-03, 8.41866993e-11, 1.22632546e-05,
         2.45700357e-06],
        [1.33676567e-05, 9.93006706e-01, 3.36622397e-05, 4.59427412e-08,
         2.06055915e-07, 1.87231600e-03, 8.23814211e-11, 1.16461915e-05,
         2.44272815e-06],
        [1.32365049e-05, 9.94496405e-01, 3.36723133e-05, 4.59057645e-08,
         2.00949671e-07, 1.85471773e-03, 8.16571116e-11, 1.15062958e-05,
         2.43166346e-06],
        [1.31054021e-05, 9.95048881e-01, 3.36976263e-05, 4.58647946e-08,
         1.97206788e-07, 1.84501708e-03, 8.03580189e-11, 1.13738834e-05,
         2.40462782e-06],
        [1.33036237e-05, 9.95325685e-01, 3.36355188e-05, 4.57912854e-08,
         2.03648312e-07, 1.84972584e-03, 8.19193394e-11, 1.21666353e-05,
         2.45020442e-06],
        [1.36176550e-05, 9.95444894e-01, 3.38144055e-05, 4.57287967e-08,
         2.10462147e-07, 1.84966624e-03, 8.43228126e-11, 1.31618363e-05,
         2.50083394e-06],
        [1.33354924e-05, 9.95449066e-01, 3.37189595e-05, 4.56564564e-08,
         2.03442738e-07, 1.84968114e-03, 8.21488780e-11, 1.24731350e-05,
         2.45022807e-06],
        [1.33350541e-05, 9.95470464e-01, 3.36382836e-05, 4.57809790e-08,
         2.04568437e-07, 1.84337795e-03, 8.25032820e-11, 1.27209705e-05,
         2.46797458e-06],
        [1.35781183e-05, 9.95494604e-01, 3.38031932e-05, 4.55370532e-08,
         2.09416228e-07, 1.85136497e-03, 8.37614492e-11, 1.33852418e-05,
         2.48922174e-06],
        [1.32936912e-05, 9.95460749e-01, 3.37325619e-05, 4.56906939e-08,
         2.01508129e-07, 1.84178352e-03, 8.22191065e-11, 1.26482537e-05,
         2.44988541e-06],
        [1.34485526e-05, 9.95489061e-01, 3.36981975e-05, 4.58244074e-08,
         2.07044181e-07, 1.84442103e-03, 8.34664143e-11, 1.33118328e-05,
         2.48756578e-06],
        [1.41002129e-05, 9.95518446e-01, 3.42332387e-05, 4.50658924e-08,
         2.18149822e-07, 1.85474753e-03, 8.63707231e-11, 1.48769359e-05,
         2.52826794e-06],
        [1.33172225e-05, 9.95398402e-01, 3.41802734e-05, 4.51322855e-08,
         1.92715675e-07, 1.81785226e-03, 8.18364126e-11, 1.22705933e-05,
         2.41195426e-06],
        [1.37637107e-05, 9.95516777e-01, 3.38859609e-05, 4.53857432e-08,
         2.14150063e-07, 1.84869766e-03, 8.49080112e-11, 1.44008909e-05,
         2.50819198e-06],
        [1.34323363e-05, 9.95457053e-01, 3.40057122e-05, 4.54507116e-08,
         2.00346534e-07, 1.85635686e-03, 8.29609020e-11, 1.29176215e-05,
         2.44173111e-06],
        [1.59111023e-05, 9.95496988e-01, 3.54198128e-05, 4.54836027e-08,
         2.32266459e-07, 1.84938312e-03, 9.53338172e-11, 1.87996666e-05,
         2.51496567e-06],
        [1.42498220e-05, 9.95513320e-01, 3.45289009e-05, 4.48991955e-08,
         2.14622361e-07, 1.85477734e-03, 8.81611312e-11, 1.49574917e-05,
         2.55776217e-06],
        [1.66812333e-05, 9.95428443e-01, 3.50356386e-05, 4.84873013e-08,
         2.34759284e-07, 1.77098811e-03, 1.05323833e-10, 2.09946884e-05,
         2.42134570e-06],
        [1.48844119e-05, 9.95529592e-01, 3.49844850e-05, 4.48712960e-08,
         2.28014827e-07, 1.87763572e-03, 9.05112513e-11, 1.70454550e-05,
         2.53143276e-06],
        [1.66509599e-05, 9.95451212e-01, 3.44012587e-05, 4.72988191e-08,
         2.24841017e-07, 1.73449516e-03, 9.75138373e-11, 1.98291236e-05,
         2.39541350e-06],
        [1.43676389e-05, 9.95537400e-01, 3.45711596e-05, 4.50062103e-08,
         2.24376407e-07, 1.88069046e-03, 8.77250078e-11, 1.62075958e-05,
         2.50725498e-06],
        [1.66968366e-05, 9.95436788e-01, 3.46641900e-05, 4.76868820e-08,
         2.28584824e-07, 1.74853206e-03, 1.00344219e-10, 2.04342505e-05,
         2.40360555e-06],
        [1.41586888e-05, 9.95499730e-01, 3.43296779e-05, 4.47492354e-08,
         2.12123751e-07, 1.82208419e-03, 8.50959164e-11, 1.47590372e-05,
         2.55001669e-06],
        [1.64705853e-05, 9.95444238e-01, 3.49019392e-05, 4.73636383e-08,
         2.30990111e-07, 1.77030265e-03, 1.00427507e-10, 2.03400359e-05,
         2.43074169e-06],
        [1.49615080e-05, 9.95500088e-01, 3.50750561e-05, 4.45934027e-08,
         2.23864930e-07, 1.83960795e-03, 8.74380152e-11, 1.66909522e-05,
         2.53961912e-06]]], dtype=float32), array([[[7.30762661e-01, 2.32434296e-03, 7.23255992e-01, 7.53646746e-05,
         7.53674783e-07, 8.26823111e-07, 1.90630189e-07, 2.04899388e-05,
         8.90193856e-04],
        [3.38167280e-01, 5.19330148e-03, 7.22721100e-01, 3.71544076e-08,
         5.93076322e-07, 1.84872479e-05, 4.83147176e-07, 4.82811143e-12,
         1.54317945e-06],
        [4.92741913e-01, 8.10479978e-05, 7.21757770e-01, 2.07578648e-08,
         8.38275071e-07, 3.89600536e-05, 1.67515807e-07, 4.54249962e-12,
         5.82508513e-08],
        [3.46158892e-01, 8.61288645e-05, 7.20583320e-01, 4.22648441e-08,
         1.59683430e-06, 1.05664134e-04, 2.03265330e-07, 3.85561591e-13,
         3.54391929e-08],
        [5.71862519e-01, 1.27181731e-04, 7.20541060e-01, 1.27908578e-07,
         1.08491543e-06, 1.03533268e-04, 3.09145804e-07, 2.45330422e-13,
         3.43316806e-08],
        [6.29891634e-01, 1.03026810e-04, 7.20664382e-01, 2.22354501e-07,
         8.81549795e-07, 7.86781311e-05, 5.00925353e-07, 1.79937960e-13,
         3.15355138e-08],
        [6.89204216e-01, 1.47640851e-04, 7.20426559e-01, 3.75229547e-07,
         1.42822273e-06, 1.09925866e-04, 9.26248106e-07, 2.21925627e-13,
         4.04071514e-08],
        [6.88645422e-01, 1.78635353e-04, 7.20266879e-01, 2.74698209e-07,
         1.49562754e-06, 1.32545829e-04, 1.07890548e-06, 2.95250098e-13,
         4.48387034e-08],
        [6.98415697e-01, 1.94922279e-04, 7.20257044e-01, 1.62266829e-07,
         1.75484217e-06, 1.07854605e-04, 1.26431178e-06, 1.17865678e-12,
         5.77889558e-08],
        [6.68699682e-01, 2.01538453e-04, 7.20407248e-01, 1.48193962e-07,
         1.31862657e-06, 1.00046396e-04, 8.37470054e-07, 1.03633497e-12,
         5.10372544e-08],
        [6.52372301e-01, 2.15232838e-04, 7.20591664e-01, 1.85938021e-07,
         1.39145732e-06, 1.28209591e-04, 9.92436867e-07, 9.90081823e-13,
         4.81932538e-08],
        [6.44820511e-01, 1.77637106e-04, 7.20766544e-01, 1.75306965e-07,
         1.37137408e-06, 1.32903457e-04, 8.68810332e-07, 8.74439356e-13,
         4.41656098e-08],
        [6.55175030e-01, 2.09719365e-04, 7.20941901e-01, 1.73750763e-07,
         1.51779830e-06, 1.38178468e-04, 1.09394000e-06, 1.08328505e-12,
         4.93280332e-08],
        [7.15766013e-01, 1.27017614e-04, 7.21168041e-01, 2.26259303e-07,
         1.06526056e-06, 6.79790974e-05, 1.76733636e-06, 2.70070077e-12,
         6.54368364e-08],
        [6.53906107e-01, 1.95995235e-04, 7.21312881e-01, 1.62573400e-07,
         1.48559877e-06, 1.03890896e-04, 1.07850326e-06, 1.36492065e-12,
         5.31573718e-08],
        [6.83758318e-01, 1.64240832e-04, 7.21506059e-01, 1.80160086e-07,
         1.20081199e-06, 8.17328691e-05, 1.23741847e-06, 1.22467206e-12,
         5.14360750e-08],
        [6.80078804e-01, 1.97828165e-04, 7.21642971e-01, 1.92978263e-07,
         1.40795385e-06, 8.04364681e-05, 1.35210507e-06, 1.04989173e-12,
         5.24515613e-08],
        [6.74813628e-01, 1.86145611e-04, 7.21774280e-01, 1.98560414e-07,
         1.43449711e-06, 8.03321600e-05, 1.34484696e-06, 1.19368588e-12,
         5.64872202e-08],
        [6.92433894e-01, 1.75282592e-04, 7.21952081e-01, 2.19552476e-07,
         1.26181078e-06, 6.66230917e-05, 1.43245484e-06, 1.30640962e-12,
         6.20405558e-08],
        [6.04496181e-01, 2.34992607e-04, 7.22086132e-01, 1.63357271e-07,
         2.15433374e-06, 1.87844038e-04, 1.36383835e-06, 6.38216585e-13,
         3.95188806e-08],
        [6.77774608e-01, 2.05174627e-04, 7.22132683e-01, 2.16365819e-07,
         1.28728880e-06, 1.04323030e-04, 1.18989908e-06, 5.22666708e-13,
         4.11661674e-08],
        [6.78277373e-01, 2.27675380e-04, 7.22196996e-01, 1.99839647e-07,
         1.30181354e-06, 9.94652510e-05, 1.10387180e-06, 6.14510721e-13,
         4.55033913e-08],
        [7.34172285e-01, 8.00341440e-05, 7.22061813e-01, 2.65920761e-07,
         7.87514011e-07, 3.77813012e-05, 1.28725162e-06, 2.58438561e-12,
         9.15720193e-08],
        [5.97038269e-01, 3.39927268e-04, 7.22020030e-01, 1.96443779e-07,
         2.11408724e-06, 1.36151910e-04, 1.15358125e-06, 4.46415528e-13,
         3.89009998e-08],
        [7.28519499e-01, 8.66055561e-05, 7.21966743e-01, 2.92566710e-07,
         7.27636575e-07, 3.46079978e-05, 1.18325988e-06, 2.08630704e-12,
         7.15771193e-08],
        [5.16829550e-01, 1.20178120e-04, 7.21646965e-01, 7.09775847e-08,
         2.11264273e-06, 1.62184238e-04, 7.86935175e-07, 3.54059609e-13,
         2.03758930e-08],
        [7.37550378e-01, 1.04382671e-04, 7.21539557e-01, 1.97451442e-07,
         6.82838674e-07, 3.01283144e-05, 1.37494021e-06, 1.68228528e-12,
         9.18258038e-08],
        [4.60057855e-01, 1.35869472e-04, 7.21312106e-01, 1.13463670e-07,
         2.91183983e-06, 2.77474523e-04, 5.76225148e-07, 2.46298587e-13,
         2.08940953e-08],
        [7.41256654e-01, 1.09151042e-04, 7.21269608e-01, 1.84931665e-07,
         9.16515035e-07, 3.83416991e-05, 1.48424090e-06, 2.09158233e-12,
         9.48575689e-08],
        [4.56248820e-01, 1.14694747e-04, 7.21182048e-01, 1.10943681e-07,
         1.99356441e-06, 2.14815140e-04, 4.40746220e-07, 2.58596204e-13,
         1.82249877e-08],
        [5.06722987e-01, 9.55020078e-05, 7.21169472e-01, 1.17299308e-07,
         1.69393275e-06, 1.49697065e-04, 6.11659971e-07, 1.41734985e-13,
         2.36178384e-08],
        [4.56932604e-01, 9.12847827e-05, 7.21125841e-01, 1.19307458e-07,
         2.04893240e-06, 1.60157681e-04, 7.67910819e-07, 1.99073288e-13,
         2.24851622e-08]]], dtype=float32), array([[[7.31000483e-01, 3.41515154e-01, 7.30170488e-01, 4.93325084e-01,
         5.41023537e-09, 1.88568300e-10, 3.01497857e-05, 1.13400258e-02,
         2.54271599e-03],
        [2.59512430e-03, 4.99320596e-01, 9.83210953e-07, 4.99999344e-01,
         1.93086134e-08, 1.25523378e-08, 3.35570644e-06, 2.79896456e-04,
         8.50259494e-06],
        [2.02098582e-03, 4.99750853e-01, 3.98871585e-08, 5.00000000e-01,
         2.59188852e-07, 4.84201905e-08, 2.68182657e-06, 1.12042551e-04,
         4.70093437e-05],
        [1.40052091e-03, 4.99805152e-01, 9.88806015e-09, 5.00000000e-01,
         4.61642287e-07, 5.35673408e-08, 1.91691129e-06, 8.07051692e-05,
         6.51211449e-05],
        [1.12333405e-03, 4.99782115e-01, 8.21117485e-09, 5.00000000e-01,
         5.16286946e-07, 5.73413246e-08, 1.64814639e-06, 9.91680427e-05,
         5.66609233e-05],
        [1.09616457e-03, 4.99778897e-01, 7.71948461e-09, 5.00000000e-01,
         5.12819781e-07, 5.91384044e-08, 1.74610341e-06, 1.04025909e-04,
         5.98852057e-05],
        [1.07569981e-03, 4.99767929e-01, 8.08560419e-09, 5.00000000e-01,
         4.83068334e-07, 5.71853569e-08, 1.65587403e-06, 1.12832735e-04,
         5.52998681e-05],
        [1.05150312e-03, 4.99781430e-01, 5.99010574e-09, 5.00000000e-01,
         5.24922541e-07, 5.80460231e-08, 1.67299163e-06, 8.03475705e-05,
         6.17537662e-05],
        [9.30564071e-04, 4.99791652e-01, 5.13908427e-09, 5.00000000e-01,
         4.92398328e-07, 5.97038365e-08, 1.77366314e-06, 7.49085739e-05,
         6.40664002e-05],
        [8.80539417e-04, 4.99793053e-01, 4.75309303e-09, 5.00000000e-01,
         5.45413741e-07, 6.23287164e-08, 1.87288640e-06, 7.26882354e-05,
         6.21915751e-05],
        [6.20832609e-04, 4.99818921e-01, 3.22431593e-09, 5.00000000e-01,
         5.85845953e-07, 6.95486904e-08, 2.03885293e-06, 4.77108188e-05,
         6.06981703e-05],
        [6.14806020e-04, 4.99822557e-01, 3.21315152e-09, 5.00000000e-01,
         6.09490371e-07, 6.89783661e-08, 1.96566793e-06, 4.43958997e-05,
         6.01101638e-05],
        [7.11203727e-04, 4.99809742e-01, 3.67202735e-09, 5.00000000e-01,
         5.67514974e-07, 6.56910046e-08, 1.91765730e-06, 5.61867819e-05,
         6.03616936e-05],
        [8.45994044e-04, 4.99801457e-01, 4.31374181e-09, 5.00000000e-01,
         5.89410661e-07, 6.28058885e-08, 1.89899413e-06, 6.39859063e-05,
         6.19427155e-05],
        [9.36018827e-04, 4.99797761e-01, 4.83449147e-09, 5.00000000e-01,
         6.09286587e-07, 6.15138021e-08, 1.95127882e-06, 7.26882572e-05,
         6.30812719e-05],
        [1.02901820e-03, 4.99789327e-01, 5.48154322e-09, 5.00000000e-01,
         5.72617694e-07, 5.85304711e-08, 1.84473117e-06, 8.60397995e-05,
         6.18271588e-05],
        [9.36244091e-04, 4.99786764e-01, 5.01386310e-09, 5.00000000e-01,
         4.74497170e-07, 5.82030069e-08, 1.78024504e-06, 8.43411181e-05,
         6.19370185e-05],
        [6.80789584e-04, 4.99806225e-01, 3.53978491e-09, 5.00000000e-01,
         5.15866645e-07, 6.59683721e-08, 1.96936799e-06, 5.62416390e-05,
         6.09662602e-05],
        [9.34517477e-04, 4.99794126e-01, 4.69314854e-09, 5.00000000e-01,
         4.80725873e-07, 5.91250391e-08, 1.90932860e-06, 7.77845780e-05,
         6.51513983e-05],
        [6.14819524e-04, 4.99816835e-01, 3.03747916e-09, 5.00000000e-01,
         5.60440924e-07, 6.97729021e-08, 2.07183939e-06, 4.81555799e-05,
         6.13666125e-05],
        [7.12102512e-04, 4.99802947e-01, 3.49683060e-09, 5.00000000e-01,
         5.22151765e-07, 6.55972912e-08, 2.01421199e-06, 5.97703765e-05,
         6.16791003e-05],
        [6.96504372e-04, 4.99801457e-01, 3.43759110e-09, 5.00000000e-01,
         5.16538421e-07, 6.60891502e-08, 2.03030390e-06, 5.94684716e-05,
         6.16555772e-05],
        [8.29266151e-04, 4.99791384e-01, 4.14364854e-09, 5.00000000e-01,
         5.18113552e-07, 6.17108782e-08, 1.89944330e-06, 7.48042512e-05,
         6.01989050e-05],
        [7.22847995e-04, 4.99802828e-01, 3.57622731e-09, 5.00000000e-01,
         5.49680919e-07, 6.34926138e-08, 2.01963235e-06, 6.30768991e-05,
         5.86025199e-05],
        [1.01468910e-03, 4.99779105e-01, 5.42724798e-09, 5.00000000e-01,
         5.15100226e-07, 5.93518088e-08, 1.93456003e-06, 9.68135937e-05,
         6.36141340e-05],
        [5.93088043e-04, 4.99814212e-01, 2.93292279e-09, 5.00000000e-01,
         5.30246780e-07, 6.65952982e-08, 1.99732153e-06, 4.99166235e-05,
         5.80409869e-05],
        [1.10632845e-03, 4.99799967e-01, 5.36517497e-09, 5.00000000e-01,
         5.97825249e-07, 5.24041681e-08, 2.12132545e-06, 8.67103299e-05,
         6.44399697e-05],
        [1.09735737e-03, 4.99793351e-01, 5.60874103e-09, 5.00000000e-01,
         5.49193828e-07, 5.50235271e-08, 1.82130179e-06, 9.30434835e-05,
         6.41044462e-05],
        [6.44891348e-04, 4.99817073e-01, 3.14932258e-09, 5.00000000e-01,
         5.45515149e-07, 6.69900970e-08, 2.03929244e-06, 5.13790073e-05,
         6.18300473e-05],
        [1.05661841e-03, 4.99780178e-01, 5.47457368e-09, 5.00000000e-01,
         4.54300960e-07, 5.41541425e-08, 1.85739555e-06, 1.00226069e-04,
         6.48793284e-05],
        [4.94216918e-04, 4.99857366e-01, 1.59836000e-09, 5.00000000e-01,
         4.39040861e-07, 5.78247352e-08, 1.29413115e-06, 1.34502206e-05,
         4.08057094e-05],
        [4.99366724e-04, 4.99814987e-01, 2.35924213e-09, 5.00000000e-01,
         4.65251958e-07, 6.25640624e-08, 1.75513378e-06, 3.75734598e-05,
         4.81055067e-05]]], dtype=float32), array([[[7.29771435e-01, 7.98743800e-04, 7.31055081e-01, 4.60814181e-06,
         1.23524259e-07, 2.43631710e-08, 4.03228169e-03, 1.95712177e-03,
         7.25782942e-04],
        [1.17557799e-03, 9.71692589e-06, 4.66132969e-01, 3.38546499e-07,
         9.00389807e-09, 5.87446493e-07, 2.17657816e-02, 1.08260754e-03,
         9.77908826e-07],
        [7.31062114e-01, 2.51136662e-05, 9.51714993e-01, 1.72949949e-05,
         1.43451215e-08, 6.29188506e-08, 9.43786290e-04, 8.80024338e-04,
         6.73299097e-03],
        [7.67943624e-04, 1.09485209e-05, 5.40685534e-01, 6.15975637e-07,
         1.59333987e-11, 4.42602072e-07, 3.96354517e-06, 5.07708228e-06,
         3.21921135e-07],
        [7.31085837e-01, 5.99369232e-04, 9.93133605e-01, 3.23910790e-05,
         1.65968406e-10, 1.83849096e-07, 8.03719449e-05, 3.37810139e-04,
         1.51297348e-02],
        [5.27334958e-03, 6.85190607e-05, 8.11405778e-01, 7.11655548e-06,
         4.12323301e-12, 2.43170291e-07, 9.97176812e-06, 8.73350928e-06,
         2.69057568e-06],
        [7.26648510e-01, 8.32083635e-04, 9.99025524e-01, 2.43773866e-05,
         1.16497506e-10, 4.10095026e-07, 1.20530982e-04, 2.07454825e-04,
         4.43853624e-03],
        [2.83728424e-03, 1.13707254e-04, 8.06542695e-01, 2.75130515e-06,
         5.00817096e-12, 4.12248767e-07, 8.11592236e-06, 3.14094132e-06,
         1.87517730e-06],
        [6.45662546e-01, 1.04074611e-03, 9.99709249e-01, 1.98248672e-05,
         2.27926650e-10, 1.00758939e-06, 6.92384929e-05, 1.18212280e-04,
         1.72269589e-03],
        [1.06848055e-03, 1.05260487e-03, 5.89134216e-01, 7.83577798e-06,
         5.41760300e-12, 3.56544462e-07, 1.30733645e-06, 5.44925683e-07,
         2.74736340e-06],
        [6.26092911e-01, 8.93007219e-03, 9.99504089e-01, 1.54633763e-05,
         7.21040797e-11, 2.25500457e-07, 1.09222092e-05, 5.45887233e-05,
         1.12627167e-02],
        [7.53000658e-03, 2.54565710e-03, 8.39937329e-01, 1.60291074e-05,
         9.33757932e-12, 1.93607519e-07, 1.76909987e-06, 1.64287235e-06,
         1.68277475e-05],
        [5.25855692e-03, 8.26444924e-01, 5.36900759e-01, 2.32001767e-04,
         4.00464967e-10, 4.84026600e-07, 2.12818286e-05, 2.07114354e-05,
         6.96339458e-02],
        [3.92004512e-02, 9.99437332e-01, 6.49936080e-01, 1.01083606e-04,
         1.96062597e-08, 2.30363207e-06, 2.88493402e-06, 1.54765894e-06,
         1.47452280e-01],
        [1.17508523e-01, 9.99788404e-01, 9.28795338e-01, 6.45185764e-07,
         4.32997041e-07, 4.19905555e-05, 1.99383919e-07, 1.46823072e-06,
         2.50473291e-01],
        [6.72637165e-01, 9.99632716e-01, 9.98490632e-01, 9.70471774e-07,
         1.32964288e-08, 2.90772141e-06, 1.58446394e-08, 7.55380327e-08,
         3.81602973e-01],
        [3.61025274e-01, 9.98551309e-01, 9.96785760e-01, 1.09627399e-06,
         1.36634226e-09, 6.96508039e-07, 9.68012248e-09, 8.27639823e-09,
         5.41545600e-02],
        [5.78852836e-04, 9.99570727e-01, 3.30557495e-01, 2.29865776e-07,
         5.11738918e-09, 5.88118019e-06, 1.51291708e-08, 1.20076550e-07,
         9.03449079e-04],
        [4.60806815e-03, 9.99700546e-01, 6.37081861e-01, 3.16416208e-06,
         3.43391200e-08, 1.25679053e-05, 3.26183169e-08, 5.16206342e-07,
         3.60752852e-03],
        [5.53965848e-03, 9.99503076e-01, 5.33030629e-01, 8.03011062e-06,
         4.49119781e-08, 1.45718523e-05, 6.51734879e-08, 4.28529518e-07,
         8.54192674e-03],
        [5.56165772e-03, 9.99472558e-01, 5.02382159e-01, 9.35540265e-06,
         6.04014474e-08, 1.65951733e-05, 7.05965348e-08, 4.12506807e-07,
         8.56563076e-03],
        [2.48038061e-02, 9.99695480e-01, 8.25903654e-01, 1.43703446e-05,
         1.47011903e-07, 2.96767557e-05, 1.31140638e-07, 1.02851175e-06,
         2.43765898e-02],
        [3.51086375e-03, 9.99359012e-01, 3.94361258e-01, 9.25741460e-06,
         6.92383821e-08, 2.64891860e-05, 7.27956007e-08, 3.62086212e-07,
         9.89308208e-03],
        [7.17462361e-01, 9.99493241e-01, 9.99011874e-01, 5.59870678e-05,
         2.41900047e-08, 1.99056217e-06, 7.32007521e-08, 1.72062911e-07,
         8.06054652e-01],
        [2.21145563e-02, 9.98976350e-01, 9.03162956e-01, 5.57519525e-06,
         2.12130402e-09, 1.03630646e-06, 1.66620566e-08, 9.09329074e-08,
         1.38937514e-02],
        [6.75428510e-01, 9.99049187e-01, 9.98891950e-01, 4.79078917e-05,
         9.54763912e-09, 9.78539788e-07, 5.89245808e-08, 3.76789941e-08,
         3.55877817e-01],
        [1.17282577e-01, 9.99486208e-01, 9.96876121e-01, 1.52294308e-06,
         6.33330666e-10, 2.10308059e-07, 7.66498953e-09, 6.37716591e-09,
         2.47698426e-02],
        [6.53950155e-01, 9.99522686e-01, 9.99683917e-01, 7.18646561e-06,
         5.96979355e-09, 5.78299591e-07, 7.13050454e-08, 5.52239356e-08,
         1.72783673e-01],
        [5.04915416e-01, 9.98431981e-01, 9.99376595e-01, 7.95491360e-06,
         1.92909466e-09, 4.42137264e-07, 6.38398205e-08, 7.23467863e-08,
         2.79567540e-02],
        [2.31948838e-01, 9.99664903e-01, 9.95328784e-01, 2.89322929e-06,
         3.64339181e-09, 8.02174611e-07, 6.49384546e-08, 8.93229029e-08,
         4.43100631e-02],
        [2.52595574e-01, 9.99782205e-01, 9.97570753e-01, 8.04769570e-07,
         2.90241142e-09, 8.33836111e-07, 5.15043190e-08, 3.80667480e-08,
         8.12770128e-02],
        [1.88650459e-01, 9.99588966e-01, 9.89873290e-01, 2.22440599e-06,
         7.40696038e-09, 1.11624831e-06, 4.09860448e-08, 8.33430178e-08,
         4.10186052e-02]]], dtype=float32), array([[[7.30716705e-01, 7.29232192e-01, 7.26093233e-01, 5.09111317e-07,
         8.29231681e-07, 2.20393918e-06, 2.28462341e-07, 8.11098971e-07,
         2.92706396e-02],
        [9.19710743e-08, 2.55560910e-04, 1.07206827e-10, 1.00332975e-09,
         3.41225039e-08, 6.19479280e-04, 1.19305770e-12, 1.83178756e-07,
         1.33094393e-12],
        [7.31058657e-01, 9.49901342e-01, 8.84560585e-01, 7.44224664e-08,
         2.06080858e-06, 2.11037417e-07, 1.29659361e-09, 2.18030027e-06,
         1.02484110e-03],
        [1.20721584e-08, 3.28468741e-05, 3.11677018e-10, 2.88043989e-09,
         8.50452153e-09, 7.84845266e-04, 1.72948221e-14, 2.31494912e-08,
         4.34207300e-15],
        [7.31058836e-01, 9.91893053e-01, 9.74609137e-01, 6.49704006e-08,
         6.65413722e-07, 1.42338678e-07, 1.09056493e-10, 3.69918013e-07,
         2.39568166e-04],
        [1.37363108e-08, 6.49601134e-05, 8.80456208e-10, 5.67878577e-10,
         2.17107612e-08, 2.19914340e-03, 9.18207516e-15, 6.01449059e-08,
         5.39245526e-15],
        [7.31058955e-01, 9.98656690e-01, 9.94838476e-01, 1.14587841e-08,
         5.06706670e-07, 7.99314108e-08, 2.98667480e-11, 5.79035088e-07,
         1.32332061e-04],
        [1.19391181e-08, 5.84072077e-05, 1.07012543e-09, 3.12830900e-10,
         2.32607711e-08, 1.93725526e-03, 8.20535046e-15, 8.92014214e-08,
         6.76261703e-15],
        [7.31059134e-01, 9.99633491e-01, 9.98921275e-01, 5.79693671e-09,
         2.96395956e-06, 2.62029914e-07, 1.66663350e-11, 4.81734276e-07,
         1.09516950e-04],
        [1.40532563e-08, 6.31748335e-05, 7.88383081e-10, 2.42259490e-10,
         3.17813971e-08, 3.32346605e-03, 1.95801525e-14, 1.16654412e-07,
         1.19501534e-14],
        [7.31058598e-01, 9.99713600e-01, 9.99796629e-01, 5.69770986e-09,
         1.60421098e-06, 2.39714495e-07, 1.56408133e-11, 7.64345202e-07,
         1.24483558e-04],
        [1.12590302e-08, 4.63730066e-05, 7.82339471e-10, 2.26845848e-10,
         2.37792968e-08, 3.19586741e-03, 9.64272133e-15, 8.63135199e-08,
         7.68320293e-15],
        [7.31058717e-01, 9.99711692e-01, 9.99953091e-01, 4.42166659e-09,
         1.82008603e-06, 2.34007260e-07, 1.64847077e-11, 6.27160887e-07,
         1.38660733e-04],
        [9.59435908e-09, 4.81446477e-05, 1.04728182e-09, 2.04612410e-10,
         1.76751840e-08, 2.18954706e-03, 6.99806297e-15, 7.94173829e-08,
         4.67442247e-15],
        [7.31059074e-01, 9.99731064e-01, 9.99987304e-01, 5.97750738e-09,
         1.53969654e-06, 2.39800613e-07, 1.63328847e-11, 6.85899465e-07,
         1.34718895e-04],
        [1.12548282e-08, 5.51993653e-05, 8.24438517e-10, 3.06983883e-10,
         2.50962628e-08, 2.96549546e-03, 1.55934276e-14, 9.80174448e-08,
         7.19094042e-15],
        [7.31058717e-01, 9.99738872e-01, 9.99993563e-01, 4.86171858e-09,
         1.53272333e-06, 2.31469130e-07, 1.52075262e-11, 6.15839724e-07,
         1.11502457e-04],
        [9.50997148e-09, 3.66726599e-05, 5.69312375e-10, 1.51983703e-10,
         2.11220090e-08, 2.93709338e-03, 8.11828225e-15, 8.90034215e-08,
         7.87330169e-15],
        [7.31058478e-01, 9.99762058e-01, 9.99995708e-01, 4.06326484e-09,
         1.36289032e-06, 2.13303750e-07, 2.21288873e-11, 5.41001782e-07,
         1.67233025e-04],
        [1.57051616e-08, 7.41965487e-05, 7.74006470e-10, 1.92863378e-10,
         2.79964762e-08, 2.59223650e-03, 2.55300762e-14, 1.13139961e-07,
         1.53735142e-14],
        [7.31058717e-01, 9.99775529e-01, 9.99996543e-01, 5.01042363e-09,
         1.35514426e-06, 2.31231965e-07, 2.30069349e-11, 7.17493663e-07,
         1.62727214e-04],
        [3.34701973e-08, 1.11926020e-04, 2.85722157e-09, 3.66279507e-10,
         2.27000605e-08, 1.88444601e-03, 2.55116278e-14, 1.37169067e-07,
         3.32102374e-14],
        [7.31058717e-01, 9.99829829e-01, 9.99997497e-01, 3.33347550e-09,
         7.31902105e-07, 1.32060649e-07, 2.67630380e-11, 4.36423250e-07,
         1.89082188e-04],
        [1.42602028e-08, 9.17673315e-05, 8.49804394e-10, 3.13349235e-10,
         2.28483152e-08, 1.99039327e-03, 2.70242948e-14, 1.11356236e-07,
         1.31907450e-14],
        [7.31058598e-01, 9.99709666e-01, 9.99996424e-01, 3.67354347e-09,
         1.60211243e-06, 2.27589965e-07, 1.69037215e-11, 5.83241160e-07,
         1.59347415e-04],
        [1.24534569e-08, 4.67153186e-05, 7.40919992e-10, 2.02915573e-10,
         1.68624652e-08, 2.15955102e-03, 9.63724272e-15, 7.86102134e-08,
         9.46384491e-15],
        [7.31058657e-01, 9.99910533e-01, 9.99997854e-01, 4.54552262e-09,
         4.57927058e-07, 9.04125770e-08, 2.98617936e-11, 3.22557867e-07,
         2.33913583e-04],
        [2.04473452e-08, 4.54143519e-05, 6.90399959e-10, 4.20955160e-10,
         7.66391928e-09, 1.32095825e-03, 1.82554082e-14, 1.11998183e-07,
         1.98290684e-14],
        [7.31058717e-01, 9.99926865e-01, 9.99998450e-01, 5.67870195e-09,
         2.30295569e-07, 6.64889583e-08, 2.70243862e-11, 3.13152640e-07,
         2.53584760e-04],
        [2.24087806e-08, 5.93164405e-05, 7.99955879e-10, 2.65153011e-10,
         4.50952964e-09, 1.00702059e-03, 8.63155457e-15, 7.79155442e-08,
         2.04825255e-14],
        [7.31058896e-01, 9.99865353e-01, 9.99997735e-01, 5.37853806e-09,
         7.30132740e-07, 1.91197799e-07, 1.51729324e-11, 3.78766430e-07,
         1.56103371e-04],
        [1.47773100e-08, 5.22388546e-05, 1.07319464e-09, 2.81152435e-10,
         1.75989552e-08, 3.52293253e-03, 8.21310081e-15, 6.04750028e-08,
         1.26543834e-14]]], dtype=float32), array([[[7.31058061e-01, 4.49325144e-03, 7.31057286e-01, 1.14580872e-03,
         8.58966246e-07, 1.19445076e-09, 6.19108742e-03, 7.31057942e-01,
         1.41561721e-02],
        [1.45782897e-05, 5.05775213e-04, 3.82515631e-04, 1.43074715e-07,
         7.77252762e-10, 3.66290864e-09, 5.56445769e-08, 4.10995155e-04,
         7.79137508e-07],
        [2.25174244e-05, 7.61132035e-03, 1.13877617e-01, 8.67892851e-08,
         3.55778673e-09, 6.46473639e-11, 5.45765175e-08, 2.32260107e-04,
         3.31358081e-07],
        [1.05077008e-04, 2.75459979e-03, 7.29444802e-01, 5.65180744e-05,
         4.65104066e-10, 4.43468667e-13, 3.63123650e-06, 2.60884985e-02,
         2.16876670e-05],
        [7.05501437e-01, 1.37175620e-03, 9.78325129e-01, 6.26317933e-02,
         6.76118016e-12, 1.12294824e-16, 6.78203360e-05, 3.58479768e-01,
         1.88259840e-01],
        [2.62779463e-02, 6.32814618e-08, 8.29314871e-04, 3.18946559e-06,
         2.47716321e-16, 2.37046389e-18, 1.48864103e-07, 3.48251808e-04,
         4.95238128e-05],
        [1.99110597e-01, 9.70193099e-08, 1.07498525e-03, 8.00273756e-06,
         6.71472068e-17, 6.91019446e-20, 3.64169317e-08, 6.41632942e-04,
         3.15970363e-04],
        [7.30745554e-01, 1.60546321e-07, 9.23019409e-01, 5.11978978e-05,
         3.47056768e-16, 1.90184635e-21, 1.27480618e-07, 3.76590826e-02,
         3.48685347e-02],
        [1.25801918e-04, 8.74512518e-10, 3.80715477e-08, 1.01628073e-09,
         6.32697526e-19, 5.40769002e-20, 1.94725104e-11, 1.13048418e-06,
         1.58582516e-08],
        [7.30789900e-01, 3.98248794e-08, 9.51609075e-01, 1.27937383e-05,
         9.79265709e-17, 7.55067871e-22, 4.34326779e-08, 2.99096350e-02,
         8.11418169e-04],
        [1.75612536e-06, 4.77978317e-11, 3.47343626e-10, 2.69144602e-11,
         7.86632801e-20, 2.09473176e-19, 1.46230022e-12, 4.17194990e-08,
         8.92672464e-11],
        [7.29447901e-01, 9.56470014e-09, 7.07116604e-01, 3.95044344e-06,
         1.72970825e-16, 1.01775679e-21, 2.34386697e-08, 1.24771725e-02,
         3.45693639e-04],
        [2.34607546e-06, 2.45800706e-11, 3.25062643e-10, 1.92457959e-11,
         9.23220611e-20, 6.36760469e-20, 1.02037118e-12, 1.03739781e-08,
         4.91558877e-11],
        [7.30995417e-01, 1.18528263e-08, 9.87581551e-01, 4.57711303e-06,
         5.94174554e-17, 1.23555459e-22, 4.47032207e-08, 2.11026464e-02,
         8.13856546e-04],
        [2.03663916e-07, 3.08744003e-11, 6.29374886e-11, 8.15778261e-12,
         1.45738057e-19, 6.83570943e-19, 4.55854538e-13, 9.34350552e-09,
         2.45350892e-11],
        [7.31019139e-01, 1.70876131e-08, 9.95478928e-01, 5.70565544e-06,
         7.87372579e-17, 2.05949229e-22, 1.18641893e-07, 7.80859813e-02,
         1.00087607e-03],
        [1.44601145e-05, 1.40817358e-11, 2.03051194e-08, 6.01573721e-11,
         2.80452614e-20, 1.86675019e-20, 1.40369704e-12, 9.86296413e-08,
         5.14557355e-11],
        [7.08938539e-01, 2.25550778e-09, 2.77928352e-01, 1.45108015e-06,
         4.52837015e-17, 2.71413529e-21, 1.70323176e-07, 7.53421858e-02,
         1.45554804e-05],
        [4.77670910e-05, 2.15936505e-11, 2.35924460e-07, 1.15242871e-10,
         1.21066529e-19, 3.00609390e-20, 1.17311308e-11, 4.87901707e-06,
         1.53160692e-10],
        [4.02623117e-01, 5.98442851e-10, 8.45128298e-03, 2.54439755e-07,
         1.05908864e-17, 9.08492548e-21, 4.37743921e-08, 3.92654054e-02,
         7.08823109e-07],
        [2.36713331e-05, 4.53948823e-11, 4.50579222e-07, 6.74162531e-11,
         1.76097020e-19, 1.34812240e-20, 3.92430810e-11, 1.33896328e-05,
         1.86785143e-10],
        [7.19142795e-01, 2.84832646e-09, 7.73201108e-01, 3.35058132e-07,
         4.46786636e-18, 1.57364902e-22, 5.30423243e-08, 3.52760702e-02,
         2.23132679e-06],
        [3.15137868e-06, 4.32861177e-11, 4.05474871e-08, 5.05602851e-11,
         9.23527056e-20, 5.64982518e-20, 5.84302919e-12, 2.39180076e-06,
         3.41111861e-11],
        [8.13066959e-02, 3.84163279e-09, 1.28263235e-03, 2.30791812e-08,
         5.54556358e-18, 1.17450458e-21, 2.72643987e-08, 2.25694422e-02,
         1.28265219e-06],
        [4.59387666e-05, 1.18533836e-10, 7.63257049e-08, 1.77153625e-10,
         1.01143684e-19, 4.99778729e-21, 4.91173990e-10, 1.00093685e-05,
         2.31675346e-09],
        [9.66374773e-06, 1.08428577e-09, 9.09250701e-08, 8.82666662e-10,
         8.78812399e-19, 1.24936245e-20, 1.31059452e-09, 2.46217642e-05,
         2.34733850e-08],
        [2.33155452e-02, 4.65841765e-09, 2.83151865e-04, 9.71191639e-07,
         4.49097100e-17, 3.00243233e-20, 4.99294117e-08, 1.13049168e-02,
         2.09667928e-06],
        [1.32072259e-07, 1.60847211e-10, 1.63870251e-10, 1.16554561e-11,
         4.84384365e-21, 1.62818871e-20, 1.65170932e-11, 3.54073592e-07,
         1.43137620e-11],
        [2.34269992e-01, 1.23825075e-08, 2.21893191e-03, 7.09835831e-07,
         5.29474340e-18, 1.73597847e-21, 4.75942059e-08, 1.91237386e-02,
         2.82495093e-05],
        [1.77488317e-07, 2.07738743e-10, 1.43935003e-10, 7.49454578e-12,
         5.14867748e-21, 3.37875007e-20, 7.24706536e-12, 1.49494014e-07,
         2.22213602e-11],
        [5.26260911e-03, 1.92399181e-08, 1.93634332e-05, 3.84055312e-08,
         4.97890350e-19, 5.42389436e-21, 4.51480586e-09, 3.26693960e-04,
         1.84246733e-06],
        [2.21148662e-06, 5.03351028e-10, 2.03259942e-09, 1.13571812e-10,
         1.88523428e-20, 1.40207695e-20, 7.54410076e-11, 1.42406566e-06,
         6.58035793e-10]]], dtype=float32), array([[[7.31058598e-01, 6.70616329e-03, 7.31058180e-01, 4.65264520e-08,
         1.50072286e-04, 6.45822027e-08, 2.48938841e-06, 5.50582918e-05,
         5.45850575e-01],
        [1.93943633e-04, 4.61188763e-01, 8.78878593e-01, 3.68333586e-10,
         4.75696288e-03, 1.29406918e-02, 2.15180762e-06, 5.33552793e-06,
         4.50170010e-05],
        [2.62344547e-04, 6.79352939e-01, 9.51837122e-01, 6.20787255e-10,
         4.22217816e-01, 2.29216982e-02, 5.91129006e-04, 6.74956536e-05,
         4.85604278e-06],
        [9.38042285e-06, 7.28798032e-01, 9.79755342e-01, 1.54049731e-10,
         2.10940987e-02, 5.76601422e-04, 5.24323741e-06, 5.53261827e-07,
         4.26629043e-08],
        [1.16179363e-05, 6.91236258e-01, 5.59273660e-01, 6.02477443e-11,
         1.05610059e-03, 5.58907195e-05, 9.82897200e-06, 3.47208498e-07,
         5.91665827e-09],
        [5.50366640e-01, 5.00322282e-01, 9.97475684e-01, 9.74910037e-08,
         3.50477931e-05, 2.26244161e-08, 4.81650495e-05, 1.01735350e-05,
         7.04156719e-06],
        [8.31859827e-01, 5.00021338e-01, 9.99085128e-01, 3.15359365e-08,
         9.95232085e-07, 7.25901783e-10, 7.22530876e-06, 1.61738637e-06,
         6.32634010e-06],
        [6.25521352e-05, 5.08870661e-01, 9.98856544e-01, 6.89524965e-11,
         5.61377931e-07, 1.12545226e-08, 3.27435743e-07, 2.34843824e-08,
         3.07875392e-09],
        [9.43682849e-01, 5.00001848e-01, 9.99876142e-01, 1.39128140e-08,
         1.12984969e-06, 2.44717774e-10, 5.19875675e-06, 2.17862248e-06,
         7.69567851e-06],
        [1.00990488e-04, 5.02092481e-01, 9.99648273e-01, 5.95079333e-11,
         3.32228183e-07, 1.18125891e-08, 5.97375333e-07, 8.42457410e-08,
         1.19715411e-08],
        [8.36742699e-01, 5.00001550e-01, 9.99983072e-01, 7.40358530e-09,
         1.77317941e-06, 5.39960687e-10, 4.36852315e-06, 1.76242634e-06,
         2.89673494e-06],
        [3.14461031e-05, 5.17207325e-01, 9.95854855e-01, 1.73777139e-11,
         1.94188169e-06, 1.01197671e-07, 1.42425876e-07, 4.18852757e-08,
         3.96071842e-09],
        [4.56437329e-03, 5.00897467e-01, 9.99410927e-01, 2.33287750e-10,
         1.03624143e-05, 2.63605973e-08, 3.76205463e-07, 9.05166360e-08,
         3.41152813e-08],
        [5.86456537e-01, 5.00033915e-01, 9.99997675e-01, 1.58008113e-08,
         9.49930018e-06, 2.50078624e-09, 1.66234747e-06, 9.78450203e-07,
         3.81819882e-06],
        [1.29860290e-03, 5.00260413e-01, 9.99940038e-01, 2.09331677e-10,
         7.14933265e-07, 8.44041459e-09, 8.59586180e-07, 8.18288157e-08,
         6.75312819e-08],
        [6.22204461e-05, 5.08540630e-01, 9.37411785e-01, 1.33601168e-11,
         7.15225087e-06, 1.31973948e-07, 3.24863976e-07, 4.69115378e-08,
         7.08943904e-10],
        [9.99250650e-01, 5.00000715e-01, 1.00000000e+00, 3.09271542e-08,
         2.76483752e-06, 3.55367707e-10, 6.75380420e-07, 1.20285620e-06,
         2.43001123e-05],
        [8.81612232e-06, 5.43255150e-01, 9.37590599e-01, 2.85233490e-12,
         2.55483383e-06, 1.86111947e-07, 6.63344437e-08, 2.03699688e-08,
         3.17513862e-11],
        [9.95771348e-01, 5.00001669e-01, 1.00000000e+00, 1.94076151e-08,
         3.41363170e-06, 2.27467170e-10, 1.66178427e-06, 1.95552116e-06,
         2.49111799e-05],
        [4.44135685e-06, 5.56615174e-01, 3.23464811e-01, 6.43863261e-12,
         1.62771562e-06, 1.44707428e-06, 6.93923852e-08, 1.23295916e-08,
         7.57958366e-12],
        [7.18111217e-01, 5.00043511e-01, 9.99987185e-01, 3.74030940e-09,
         5.29313584e-05, 8.78835404e-09, 8.61153126e-07, 9.58499072e-07,
         7.51108303e-07],
        [1.05339623e-05, 6.31161332e-01, 6.99225068e-02, 1.88327146e-10,
         1.40494001e-06, 3.10133714e-07, 6.91985690e-07, 6.08801631e-09,
         8.10084569e-11],
        [9.95862424e-01, 5.00033498e-01, 1.00000000e+00, 7.81465630e-08,
         3.70151542e-06, 9.37416478e-10, 4.95064160e-06, 2.05768833e-06,
         2.69965130e-05],
        [6.72755414e-06, 5.89589477e-01, 6.92940474e-01, 3.28560061e-11,
         1.17671436e-06, 3.49629943e-07, 2.37770493e-07, 4.80547424e-09,
         7.52452753e-11],
        [9.73446608e-01, 5.00017107e-01, 9.99999821e-01, 2.02274002e-08,
         6.42084706e-06, 1.41267309e-09, 2.14235979e-06, 1.25547876e-06,
         1.54404715e-05],
        [7.18056526e-06, 6.18912578e-01, 3.59621376e-01, 7.73145159e-11,
         8.06569233e-07, 3.54063218e-07, 2.93286604e-07, 3.92189659e-09,
         9.87026641e-11],
        [9.79717493e-01, 5.00051856e-01, 9.99999642e-01, 1.36356149e-07,
         1.15306948e-05, 1.96406758e-09, 6.42118130e-06, 1.07769097e-06,
         2.54144688e-05],
        [1.22111760e-05, 6.53742194e-01, 2.00172603e-01, 1.96910585e-10,
         1.31198942e-06, 2.89473462e-07, 6.80369624e-07, 4.98551511e-09,
         2.20771040e-10],
        [9.60302830e-01, 5.00090897e-01, 9.99998093e-01, 1.63504566e-07,
         1.31747765e-05, 3.32885253e-09, 3.67359098e-06, 1.60091395e-06,
         1.70705498e-05],
        [9.81262929e-06, 6.24262869e-01, 5.37206531e-02, 1.21694974e-10,
         1.16977264e-06, 2.74501446e-07, 4.56887108e-07, 4.30904823e-09,
         4.09150797e-10],
        [9.43679094e-01, 5.00125587e-01, 9.99991655e-01, 1.53781286e-07,
         1.77696893e-05, 2.82922974e-09, 1.11318950e-05, 1.26329439e-06,
         1.07999522e-05],
        [6.30229042e-05, 5.21644056e-01, 7.85046458e-01, 1.37650141e-10,
         3.20509855e-07, 1.43373775e-08, 6.24319910e-07, 1.04392877e-08,
         1.85871163e-09]]], dtype=float32), array([[[7.31058240e-01, 7.17005134e-01, 7.31052876e-01, 1.06143871e-05,
         8.06829339e-05, 3.26408056e-08, 2.88638546e-07, 3.55942594e-03,
         7.29951143e-01],
        [1.44439589e-04, 4.97731045e-02, 7.98085704e-03, 8.65722424e-12,
         2.33251075e-11, 6.56306099e-07, 3.99433958e-12, 3.44633592e-11,
         1.14225458e-07],
        [9.23789144e-01, 9.50513124e-01, 9.38577592e-01, 2.12086377e-07,
         2.01275640e-07, 2.04081317e-07, 1.19018601e-10, 9.37988243e-10,
         3.78555051e-05],
        [9.50426936e-01, 7.82230914e-01, 6.57352388e-01, 3.85331340e-08,
         1.46265951e-11, 2.79013279e-09, 5.40123935e-12, 1.10018085e-10,
         1.34349170e-06],
        [9.92258728e-01, 7.94255912e-01, 9.12029326e-01, 9.55414635e-07,
         5.02427613e-11, 2.66394728e-09, 1.01476848e-11, 2.88055607e-10,
         4.62451899e-05],
        [9.93171275e-01, 9.85649154e-02, 7.24240184e-01, 3.72721658e-08,
         5.81894862e-12, 2.31513919e-09, 6.45882653e-13, 6.60800650e-11,
         2.03692002e-06],
        [9.99069393e-01, 9.89924371e-01, 9.98986065e-01, 9.25607019e-05,
         2.32719594e-10, 1.58124486e-10, 4.94071960e-13, 6.92923985e-09,
         1.07435128e-02],
        [6.67427331e-02, 5.53089078e-04, 9.98558164e-01, 2.48210508e-10,
         7.92620093e-13, 9.20225396e-10, 8.03867884e-16, 1.50018832e-13,
         3.81905352e-08],
        [3.03968281e-01, 9.61316109e-01, 9.99872446e-01, 6.18601489e-11,
         2.74891609e-10, 6.59313359e-12, 1.67691348e-15, 2.53147546e-13,
         5.92983888e-05],
        [1.76413522e-07, 2.15698014e-06, 9.99748111e-01, 8.10448578e-15,
         5.61625331e-14, 3.78718515e-11, 2.49381243e-16, 5.12736671e-17,
         1.84767653e-11],
        [1.03998879e-07, 4.99285768e-09, 4.09782171e-01, 1.09500964e-13,
         2.89403565e-13, 2.98699661e-08, 2.34734277e-14, 3.95019194e-15,
         2.47884260e-13],
        [3.74729689e-06, 1.63194827e-07, 1.74992487e-01, 1.47866649e-11,
         1.17056755e-12, 9.20371050e-08, 1.50001725e-14, 2.19844030e-14,
         5.57186458e-12],
        [9.99139547e-01, 9.88737643e-01, 9.99997735e-01, 3.75021543e-08,
         5.46340972e-09, 1.71022432e-11, 1.21921931e-14, 4.80050721e-10,
         6.24198560e-03],
        [2.62919819e-09, 1.12029781e-08, 5.36384732e-02, 3.26576467e-14,
         2.65102805e-15, 1.04017217e-09, 1.53696267e-15, 1.27237412e-16,
         2.06909129e-13],
        [7.68216848e-01, 1.01882471e-02, 9.99999523e-01, 1.71422361e-08,
         2.87556201e-10, 3.32732480e-10, 3.11517339e-14, 4.02015608e-11,
         1.01692569e-06],
        [2.67226284e-07, 1.63145319e-08, 5.61428547e-01, 9.47995480e-13,
         3.14325118e-14, 3.89427024e-09, 4.03472455e-15, 4.16486788e-16,
         6.11734025e-13],
        [9.94301021e-01, 7.77409196e-01, 1.00000000e+00, 1.54216639e-08,
         4.48249615e-09, 1.45879836e-11, 8.10360063e-15, 3.08821330e-10,
         2.23696232e-04],
        [6.78593004e-09, 5.35551337e-09, 1.32160097e-01, 3.97169853e-14,
         1.11282960e-14, 1.21598565e-09, 1.48794307e-15, 3.72735948e-16,
         8.51910773e-14],
        [6.77332628e-06, 1.56649762e-07, 2.11920142e-01, 2.88955752e-11,
         4.91538884e-13, 4.47313298e-08, 3.38714991e-14, 5.98120728e-14,
         4.76534784e-12],
        [7.61981064e-05, 6.02958835e-07, 2.00158268e-01, 2.84113816e-10,
         7.24986477e-13, 3.94767987e-08, 4.38233637e-14, 2.32101773e-13,
         8.16508389e-11],
        [9.99698102e-01, 8.60367715e-02, 9.99981165e-01, 1.24977278e-05,
         2.46895115e-10, 9.37886643e-11, 3.27434152e-13, 7.05034142e-10,
         2.00897455e-04],
        [8.60388696e-01, 8.58481050e-01, 1.00000000e+00, 2.71663381e-09,
         1.06466218e-10, 6.04135448e-13, 1.95610943e-16, 1.03983558e-11,
         1.00675265e-04],
        [9.82032375e-08, 2.77408562e-05, 9.99998212e-01, 1.69766274e-14,
         1.14540349e-13, 1.24806112e-12, 2.92766268e-18, 1.22600517e-17,
         1.47751828e-11],
        [8.93917047e-08, 1.39743090e-04, 9.99999404e-01, 2.23489575e-14,
         1.96042106e-11, 1.86670436e-11, 6.59613342e-17, 4.74363464e-17,
         2.30774636e-11],
        [3.16331068e-07, 7.87198544e-04, 1.00000000e+00, 1.30457250e-13,
         5.45623442e-11, 2.32525266e-11, 3.21877417e-16, 1.53761494e-16,
         2.90694052e-10],
        [5.39051086e-07, 1.00535154e-03, 1.00000000e+00, 1.42685831e-13,
         5.55745346e-11, 1.32577282e-11, 2.35867256e-16, 2.96195431e-16,
         4.17468810e-10],
        [2.49601158e-07, 3.32176685e-04, 9.99999285e-01, 1.63674802e-14,
         9.70438053e-12, 8.60557719e-12, 9.86776774e-17, 3.93250630e-17,
         1.09785021e-10],
        [2.63866529e-09, 5.03523438e-07, 9.83654976e-01, 3.74808860e-15,
         1.14987898e-11, 6.47381704e-10, 7.89098911e-16, 2.34046221e-17,
         5.64469024e-14],
        [1.08367640e-04, 3.04398715e-01, 1.00000000e+00, 7.43280645e-11,
         9.95978056e-09, 7.93554111e-12, 4.43397794e-14, 9.63152762e-14,
         9.52474011e-08],
        [1.19263861e-08, 2.02289570e-07, 9.94591296e-01, 6.59183740e-15,
         9.67100423e-13, 5.01148255e-11, 1.74946407e-15, 1.86879188e-18,
         1.92638738e-13],
        [1.03381595e-07, 6.31652597e-09, 1.30325317e-01, 3.08893705e-14,
         1.19999095e-12, 2.20731682e-08, 4.47575631e-14, 1.35515128e-15,
         3.72836561e-14],
        [5.70469183e-06, 2.76724450e-07, 6.79619014e-02, 4.34431692e-11,
         3.92055919e-12, 7.16000415e-08, 5.12870115e-14, 5.23667074e-14,
         4.59599026e-12]]], dtype=float32), array([[[3.36868084e-07, 1.11827366e-02, 9.49733234e-08, 7.51964581e-06,
         4.24561382e-04, 5.27190208e-01, 1.90828264e-09, 2.99645239e-06,
         4.58543825e-09],
        [1.38070811e-06, 8.79093230e-01, 3.00850252e-06, 7.88855470e-09,
         1.34596959e-07, 6.26103474e-06, 3.45161443e-12, 2.84858470e-09,
         6.53428955e-09],
        [1.60071682e-02, 9.52266932e-01, 1.45345181e-01, 2.04869703e-08,
         3.53163081e-08, 1.35812112e-10, 3.97801583e-12, 2.41888426e-10,
         2.15504424e-05],
        [1.56428257e-03, 9.81673777e-01, 9.62444425e-01, 1.44452908e-10,
         3.48892291e-12, 2.19694228e-18, 7.68974381e-12, 5.15248781e-11,
         5.90833660e-10],
        [2.47120647e-06, 8.54019788e-09, 2.70440069e-07, 2.22843703e-13,
         2.03387552e-14, 1.42285918e-15, 2.03613992e-12, 2.65495070e-12,
         1.44068300e-16],
        [8.33656930e-04, 1.91011651e-09, 1.92063943e-09, 7.44961259e-10,
         1.04993583e-13, 2.00775925e-15, 2.01647615e-10, 1.40708105e-11,
         6.25966708e-15],
        [5.04219010e-02, 2.27376830e-07, 6.90848339e-08, 4.09419304e-10,
         4.08694278e-14, 1.91968784e-17, 2.70646006e-12, 9.66917345e-12,
         4.98035857e-14],
        [3.02697708e-06, 1.42227523e-11, 1.20451609e-11, 1.57655041e-12,
         3.01174169e-15, 2.49447921e-15, 2.82586693e-12, 2.56105385e-13,
         8.88967034e-17],
        [1.36318663e-03, 6.14819884e-09, 5.88465443e-10, 2.11928683e-10,
         2.35680158e-14, 2.16930680e-17, 1.99706970e-11, 2.97089523e-12,
         1.33499186e-14],
        [2.34496201e-05, 2.16862625e-10, 4.52056656e-11, 1.55013953e-11,
         2.82772717e-15, 3.66412325e-17, 1.83567536e-11, 5.62702988e-13,
         2.72763058e-16],
        [2.93313606e-05, 2.81849127e-10, 5.06541163e-11, 3.92228784e-11,
         6.80791254e-15, 5.70020583e-18, 4.62117974e-12, 1.02361847e-12,
         6.54077836e-16],
        [1.02742642e-05, 1.15873131e-10, 1.34926367e-11, 1.80511561e-11,
         6.66367977e-15, 1.86437709e-17, 4.05324992e-12, 1.47038740e-12,
         2.23469738e-16],
        [1.43224895e-07, 5.22789277e-12, 9.85584363e-14, 1.59790393e-11,
         5.75327330e-16, 2.76352493e-16, 8.56323779e-12, 1.73308159e-14,
         9.95635365e-18],
        [5.88407330e-02, 1.51777790e-08, 2.03215400e-09, 1.40748885e-10,
         5.25121633e-15, 1.10802833e-19, 3.52318028e-13, 3.71794002e-12,
         6.67209072e-14],
        [6.03105264e-07, 4.91331325e-12, 5.89648989e-13, 1.30473789e-12,
         1.20076608e-16, 4.50569614e-17, 3.09989041e-13, 4.62285070e-14,
         1.14436724e-17],
        [1.55615885e-06, 1.72162926e-11, 8.12562799e-13, 2.98012136e-11,
         1.33096574e-15, 6.09999446e-17, 3.60225413e-12, 1.26655744e-14,
         4.50858135e-17],
        [1.79573897e-06, 3.97493670e-11, 4.12438502e-13, 7.70773462e-12,
         1.47236137e-16, 5.04452093e-17, 3.33325273e-13, 1.51758446e-15,
         1.18241114e-16],
        [8.42390954e-02, 6.65266029e-08, 1.00956861e-08, 2.02389799e-10,
         1.96312972e-15, 1.59311529e-20, 1.34325629e-13, 1.81343073e-13,
         2.59054524e-14],
        [1.17439711e-08, 9.21748441e-12, 3.31044633e-14, 1.11056346e-12,
         2.33690514e-16, 2.51415239e-15, 8.00878894e-13, 9.59636660e-16,
         4.50719383e-18],
        [4.21748045e-05, 2.20342231e-10, 4.84352142e-12, 7.76005822e-12,
         7.40130772e-17, 1.15109718e-17, 2.56755663e-13, 1.34776402e-16,
         1.58309388e-15],
        [1.16377145e-01, 2.03469772e-05, 1.30683184e-04, 1.43934646e-15,
         1.79637689e-17, 6.05624215e-24, 1.38587624e-15, 2.48709168e-14,
         2.15542859e-16],
        [6.33050803e-08, 6.07119520e-12, 6.44811082e-14, 1.05039050e-11,
         2.39446029e-15, 2.30618272e-16, 3.60505766e-12, 5.93496335e-14,
         8.11141382e-17],
        [8.66037607e-03, 2.03301287e-09, 1.82654322e-10, 1.94202501e-10,
         1.77464636e-15, 3.36514909e-19, 1.55070509e-12, 2.71606115e-13,
         1.64008432e-14],
        [2.73458027e-05, 4.66783909e-08, 1.40808010e-09, 1.05823960e-14,
         5.23616495e-18, 4.19418052e-20, 5.11356967e-15, 7.12059856e-15,
         2.25448688e-17],
        [3.91483307e-04, 1.56238457e-07, 2.51071661e-08, 1.79111635e-13,
         4.17867492e-17, 8.77033996e-22, 2.05235880e-13, 4.09067176e-14,
         9.35889880e-16],
        [1.43578649e-03, 1.54459528e-07, 6.32284554e-08, 5.23166918e-14,
         4.82506495e-17, 6.22878916e-22, 1.87803061e-13, 5.60681669e-14,
         3.30963486e-16],
        [1.96695328e-04, 6.84120005e-09, 1.16244026e-09, 1.10594476e-12,
         2.19369900e-16, 2.54403501e-20, 1.78508467e-12, 2.50791900e-13,
         1.51969040e-15],
        [2.57074833e-04, 2.27702013e-09, 8.89432555e-11, 3.53964635e-11,
         2.62600606e-15, 1.17326212e-19, 6.23189705e-13, 5.83496088e-13,
         4.47195491e-15],
        [3.91826928e-02, 4.85469286e-07, 3.53750215e-06, 4.93267985e-15,
         1.11926958e-17, 1.44424102e-23, 1.05744288e-14, 5.38199924e-14,
         2.42553263e-15],
        [3.84097149e-07, 6.07905601e-11, 6.44157774e-12, 5.70715838e-13,
         9.94151453e-16, 1.24450936e-17, 1.67682133e-12, 2.57092280e-13,
         1.23589492e-16],
        [1.76430513e-05, 6.12341070e-13, 4.50652617e-13, 1.65099834e-09,
         1.43302792e-15, 3.67528588e-17, 3.65239089e-11, 5.50784841e-13,
         1.17916473e-15],
        [1.08646564e-05, 1.38954447e-11, 2.34415829e-12, 1.62290431e-10,
         6.32317718e-16, 6.42613589e-17, 2.03991251e-12, 1.12139017e-13,
         4.51464961e-16]]], dtype=float32)]