tf.Tensor(
[[[7.31005251e-01 5.53980681e-05 7.31058598e-01 2.63970996e-08
   1.35451430e-07 5.33855273e-16 1.95734318e-09 2.86454224e-07
   2.51278038e-06]
  [5.91021561e-08 3.09132608e-10 1.86660742e-10 2.08705601e-12
   8.22562030e-14 2.24185647e-13 5.02292874e-10 2.34983690e-12
   5.69201778e-15]
  [6.00717729e-04 1.08304967e-12 7.93243075e-13 1.21492704e-07
   3.60616908e-15 9.52677649e-16 5.51346580e-10 9.46173803e-13
   4.58977237e-14]
  [4.63865174e-04 4.24936170e-10 9.06296305e-12 1.49188795e-09
   1.79919632e-16 6.77011928e-18 1.87206804e-12 2.86748896e-13
   1.53776788e-15]
  [8.48335617e-07 8.98691017e-12 4.16623929e-13 1.16250204e-11
   1.14069292e-16 8.42779942e-16 4.55788922e-12 4.83291123e-15
   5.51727450e-17]
  [8.37220057e-07 3.04061949e-11 7.97195860e-13 3.90714856e-11
   3.83779961e-16 1.38332667e-15 7.47488009e-12 4.99118950e-15
   3.23781547e-16]
  [3.23450222e-05 1.33104672e-09 7.61166390e-12 6.17229740e-11
   6.57996687e-16 3.38929083e-17 3.19037169e-13 1.56678395e-14
   1.62354108e-15]
  [1.58697032e-04 4.51426203e-08 8.16080814e-10 1.93866624e-11
   1.13103304e-15 5.74507417e-18 2.77110861e-14 4.47665764e-15
   2.04136084e-15]
  [1.46427818e-04 1.32982403e-10 6.07168786e-12 1.05847154e-11
   1.06487010e-16 2.85014311e-17 2.53411522e-13 8.77707568e-15
   1.17562667e-16]
  [1.18287694e-07 8.68880228e-12 1.92628506e-13 4.70246238e-12
   3.73255947e-16 2.72591533e-14 3.63160392e-12 1.64164303e-15
   7.87772818e-18]
  [1.30296778e-02 4.92527121e-08 3.52739032e-10 1.41505763e-09
   1.24188532e-14 1.48851515e-17 8.89277584e-13 2.41509693e-14
   6.84644449e-15]
  [5.28455312e-05 6.25656043e-08 2.47632775e-10 1.93673135e-13
   5.04386051e-17 6.37981411e-18 1.85968371e-14 1.67904620e-15
   3.77125935e-17]
  [1.20066272e-06 8.50846130e-11 3.93228202e-12 8.11978176e-12
   4.61511592e-17 2.67759212e-18 2.79189947e-13 3.17966555e-15
   1.05687543e-17]
  [1.78946053e-07 1.00805050e-11 1.29099246e-13 9.84455746e-12
   5.07750565e-16 1.84571020e-15 9.18614317e-12 4.59055859e-15
   1.22732609e-17]
  [1.04574565e-05 6.52802201e-10 5.05460474e-12 6.83926830e-12
   1.49109393e-15 6.10510180e-17 2.03282920e-12 1.69168796e-15
   4.78379009e-16]
  [2.49859804e-05 1.35736000e-09 1.05931566e-11 1.14925456e-11
   7.03684215e-16 1.27227236e-17 1.46332856e-13 2.34458500e-14
   5.28830674e-16]
  [1.36176084e-06 3.55587192e-11 3.47484454e-12 3.44343152e-12
   5.64666891e-16 1.07344830e-16 6.64197972e-13 4.54402683e-15
   1.55390510e-17]
  [5.85777462e-01 1.46367629e-05 3.38158497e-06 4.70925003e-13
   3.57134925e-16 1.16385968e-21 6.18273878e-14 1.43971098e-12
   1.96416641e-14]
  [2.78901879e-08 3.93906782e-11 9.35912697e-13 6.85964482e-14
   3.74554793e-16 1.76100813e-17 1.47969825e-13 1.57166641e-14
   1.37196623e-17]
  [5.48145726e-06 1.47723084e-11 7.30527292e-14 2.19690273e-11
   2.59386635e-16 3.46784388e-17 1.39509010e-12 9.41096888e-15
   2.25578718e-16]
  [2.19214141e-01 8.18226397e-07 2.89277846e-08 4.13045084e-11
   2.14673661e-15 1.88282932e-20 3.92105537e-13 9.05681400e-13
   7.13474012e-14]
  [5.36645985e-07 1.18839438e-10 1.50515746e-11 1.20933916e-13
   4.79910141e-17 1.18732823e-18 1.40897263e-13 1.00668561e-14
   6.07723111e-17]
  [6.54992107e-07 3.64934645e-12 3.56695332e-14 4.38346130e-11
   9.64426526e-16 1.25740929e-15 1.55089830e-11 8.68018697e-15
   1.88199207e-17]
  [5.29252052e-01 7.83444207e-08 9.21139254e-09 3.59238694e-10
   1.91156464e-14 1.86980352e-19 8.77963175e-13 4.78396348e-13
   1.76231208e-13]
  [2.99370289e-03 7.59399700e-06 9.18983496e-05 9.13394273e-16
   4.92888389e-18 1.85059795e-23 5.08706092e-15 9.98815237e-15
   1.19806683e-16]
  [9.71048280e-07 1.84492677e-09 1.61551689e-10 6.28749042e-15
   7.73098035e-16 1.80884403e-18 8.25390917e-13 4.75318468e-14
   1.66878428e-17]
  [4.57250353e-05 5.49153062e-13 4.02588634e-13 1.45791268e-09
   7.23725194e-15 1.99832595e-16 1.20688959e-10 7.00277997e-13
   8.10869511e-16]
  [5.05461574e-01 1.50192204e-06 3.34474066e-07 1.09264021e-10
   3.69420545e-15 4.97803464e-20 4.12069162e-14 5.01850254e-12
   9.68328811e-14]
  [2.77292038e-08 5.49914281e-11 3.95353238e-14 6.15012642e-12
   5.38185306e-16 2.13137379e-16 1.03991197e-12 1.88029100e-14
   4.30440769e-17]
  [1.52566063e-05 3.23608140e-10 2.76539723e-13 3.08100455e-11
   1.57765530e-15 1.47877765e-16 3.06961379e-13 1.24055293e-14
   3.63664252e-16]
  [8.93583001e-06 5.86197668e-09 3.28756605e-11 5.94981421e-14
   1.03698617e-16 2.83866233e-19 2.20523842e-14 2.06163466e-14
   1.17932609e-16]
  [1.25901636e-07 2.51947178e-11 1.83308785e-13 8.77950111e-13
   1.59520084e-15 1.98693177e-16 5.17358205e-12 4.58593565e-14
   4.10593133e-17]]], shape=(1, 32, 9), dtype=float32)