tf.Tensor(
[[[0.502085  ]
  [0.5059037 ]
  [0.50967044]
  ...
  [0.5242762 ]
  [0.5236445 ]
  [0.52214295]]

 [[0.5053008 ]
  [0.50819486]
  [0.51010114]
  ...
  [0.50883377]
  [0.508349  ]
  [0.5089638 ]]

 [[0.49899325]
  [0.49865553]
  [0.5004619 ]
  ...
  [0.5077301 ]
  [0.51059496]
  [0.5154457 ]]

 ...

 [[0.5064399 ]
  [0.5056111 ]
  [0.50524974]
  ...
  [0.5136311 ]
  [0.51485276]
  [0.5168936 ]]

 [[0.50645703]
  [0.50564384]
  [0.5052967 ]
  ...
  [0.5136893 ]
  [0.5149305 ]
  [0.5170008 ]]

 [[0.50632274]
  [0.50547403]
  [0.5050906 ]
  ...
  [0.5134854 ]
  [0.51470727]
  [0.5167463 ]]], shape=(105, 32, 1), dtype=float32)