tf.Tensor(
[[[0.28128478 0.28131485 0.28121006 0.28011766 0.27994794 0.28176332
   0.2796954  0.28232247 0.28220165]
  [0.32772917 0.30247372 0.26239577 0.33917657 0.3175418  0.27959532
   0.27112788 0.31988904 0.3163477 ]
  [0.34571418 0.31308383 0.27149156 0.35656103 0.33796108 0.28682768
   0.27867675 0.33465752 0.33565742]
  [0.35811654 0.32261896 0.2787879  0.37088233 0.35034665 0.2919159
   0.28614342 0.34364545 0.34631383]
  [0.36734933 0.32920885 0.28336555 0.38229248 0.35871276 0.29469836
   0.2918657  0.3506665  0.35363722]
  [0.37163958 0.3330058  0.28661454 0.39028096 0.3639813  0.2973923
   0.29623327 0.35516924 0.35897252]
  [0.37430778 0.33461484 0.28882936 0.3955038  0.36848956 0.29931894
   0.29857814 0.3582024  0.36326453]
  [0.375271   0.33738253 0.2913061  0.3992032  0.3715296  0.30005693
   0.2991738  0.36030045 0.36658043]
  [0.37571454 0.33890393 0.2930686  0.40260282 0.37392324 0.30076545
   0.301405   0.36215585 0.37004584]
  [0.37603024 0.3403235  0.29471704 0.40530992 0.37558475 0.30117166
   0.3025066  0.36404258 0.3723355 ]
  [0.37541083 0.3402979  0.2963014  0.4065965  0.37695935 0.3014871
   0.3020617  0.36642957 0.3741386 ]
  [0.3767382  0.34085408 0.2972459  0.40824434 0.37804797 0.30267417
   0.30071035 0.36683035 0.37674785]
  [0.3786784  0.34244052 0.29840425 0.41074097 0.37851703 0.3028257
   0.29932916 0.36661237 0.37794998]
  [0.37878716 0.344056   0.29806238 0.4123812  0.378687   0.30345532
   0.29864982 0.36565325 0.379475  ]
  [0.37859875 0.3447639  0.2986319  0.41392875 0.37748435 0.30312794
   0.29900476 0.36512703 0.3785967 ]
  [0.37675515 0.34653494 0.29913285 0.413861   0.37782782 0.30344558
   0.29845068 0.36335948 0.37880522]
  [0.37679836 0.34811667 0.2992688  0.41477877 0.3776714  0.30465984
   0.29885772 0.36146498 0.3787402 ]
  [0.37707636 0.3487561  0.29862574 0.41616789 0.376939   0.30601063
   0.29935777 0.35960615 0.37910515]
  [0.37687835 0.34929645 0.29818264 0.41639206 0.37691057 0.30678415
   0.29881915 0.35839945 0.37985232]
  [0.3766626  0.34931365 0.2977742  0.4160027  0.37719303 0.306656
   0.29911375 0.35819966 0.37948683]
  [0.37663355 0.34831154 0.29608127 0.41535795 0.377882   0.3070635
   0.29991728 0.35811192 0.37969613]
  [0.3783093  0.34860826 0.29528016 0.41541466 0.37830743 0.3066298
   0.3002051  0.35885662 0.37946332]
  [0.38087672 0.34857267 0.29395643 0.4163589  0.37932393 0.3064187
   0.29994243 0.35986784 0.3798623 ]
  [0.38329747 0.34933996 0.2911685  0.41706583 0.3805891  0.30601957
   0.29869008 0.359872   0.379697  ]
  [0.3852049  0.3480131  0.2905259  0.41766077 0.38028857 0.30485523
   0.299041   0.35967922 0.37929377]
  [0.3852758  0.3465952  0.2918458  0.4168237  0.37928307 0.30388513
   0.29900658 0.35898098 0.37745416]
  [0.384202   0.3444262  0.29356292 0.41541386 0.379085   0.3035895
   0.3001537  0.35874552 0.37627652]
  [0.38241395 0.34102106 0.29551736 0.4131955  0.37865385 0.30418906
   0.30038562 0.35843796 0.37645048]
  [0.38031158 0.3390848  0.2975491  0.4109431  0.37861732 0.30435154
   0.3013195  0.35800838 0.37645268]
  [0.37907517 0.33875734 0.2986761  0.4091536  0.37903023 0.30408424
   0.30294988 0.3574322  0.37521693]
  [0.3788949  0.33981052 0.30010754 0.40971968 0.3794644  0.30381668
   0.30391195 0.35671696 0.3738152 ]
  [0.37816238 0.34102035 0.29860502 0.40946198 0.37934947 0.30505624
   0.3049092  0.3555599  0.3746783 ]]], shape=(1, 32, 9), dtype=float32)