tf.Tensor(
[[[0.98280203]
  [0.9911812 ]
  [0.98689514]
  ...
  [0.9959113 ]
  [0.9959059 ]
  [0.98752475]]

 [[0.9926634 ]
  [0.99080276]
  [0.99424034]
  ...
  [0.9936241 ]
  [0.9943626 ]
  [0.9927755 ]]

 [[0.9616743 ]
  [0.98003507]
  [0.9705112 ]
  ...
  [0.98081136]
  [0.9890621 ]
  [0.9871478 ]]

 ...

 [[0.03993669]
  [0.06958151]
  [0.05382901]
  ...
  [0.0888758 ]
  [0.05960387]
  [0.06575772]]

 [[0.04001957]
  [0.06979308]
  [0.05382717]
  ...
  [0.0888758 ]
  [0.05960387]
  [0.06575775]]

 [[0.03993669]
  [0.0695813 ]
  [0.05382904]
  ...
  [0.0888758 ]
  [0.05960387]
  [0.06575772]]], shape=(105, 32, 1), dtype=float32)