[array([[[0.28123534, 0.2812898 , 0.28137842, 0.28033322, 0.28057572,
         0.2799956 , 0.280943  , 0.2808553 , 0.28128064],
        [0.30404815, 0.3132789 , 0.31891504, 0.33679667, 0.31735492,
         0.30114976, 0.28429747, 0.273673  , 0.3034945 ],
        [0.32185146, 0.32842308, 0.3312833 , 0.3558187 , 0.33568195,
         0.31347156, 0.30237934, 0.28570867, 0.3204242 ],
        [0.3330322 , 0.3394615 , 0.34184447, 0.36910954, 0.34918565,
         0.3220226 , 0.31571442, 0.29592693, 0.33296406],
        [0.34093195, 0.34686455, 0.34840718, 0.37935394, 0.35781154,
         0.327189  , 0.32634136, 0.30352896, 0.34236518],
        [0.3477331 , 0.3514213 , 0.3525853 , 0.3868229 , 0.36528125,
         0.33150867, 0.3349899 , 0.3084494 , 0.35024548],
        [0.350737  , 0.35393947, 0.35524982, 0.39354417, 0.3716343 ,
         0.33458433, 0.34209496, 0.3123498 , 0.35584146],
        [0.35317993, 0.35574213, 0.35515192, 0.39864942, 0.37719125,
         0.33718246, 0.3469512 , 0.3147107 , 0.35729468],
        [0.35466805, 0.35670844, 0.35565558, 0.40150395, 0.38079247,
         0.3388853 , 0.35047758, 0.3168115 , 0.35894492],
        [0.35501963, 0.35740435, 0.35526833, 0.4029201 , 0.38395312,
         0.34009978, 0.35371867, 0.31823272, 0.360824  ],
        [0.35541752, 0.3584573 , 0.35499343, 0.4040821 , 0.38565907,
         0.3402024 , 0.35697445, 0.31900695, 0.36317044],
        [0.35593364, 0.358192  , 0.35470155, 0.4046372 , 0.38782722,
         0.34087238, 0.35984707, 0.319409  , 0.36506099],
        [0.35606268, 0.35844356, 0.3550197 , 0.4048249 , 0.38845217,
         0.34139138, 0.3618569 , 0.3197215 , 0.36580643],
        [0.35631558, 0.3580716 , 0.35428756, 0.40483457, 0.38711917,
         0.3405174 , 0.3641159 , 0.3187498 , 0.3653933 ],
        [0.35650438, 0.3573329 , 0.35276094, 0.4043533 , 0.3857837 ,
         0.33917165, 0.36675102, 0.31714302, 0.36591434],
        [0.35585386, 0.3564742 , 0.3517403 , 0.4035781 , 0.38485545,
         0.33761   , 0.36846468, 0.31657064, 0.36683708],
        [0.3563449 , 0.35666782, 0.3513491 , 0.4028559 , 0.38632822,
         0.3358484 , 0.3696004 , 0.3162351 , 0.36793572],
        [0.3560019 , 0.35640895, 0.35191676, 0.40201235, 0.3872428 ,
         0.33568636, 0.37025055, 0.31593877, 0.368149  ],
        [0.35529488, 0.35601965, 0.35237858, 0.40136203, 0.38696033,
         0.3352622 , 0.37101105, 0.3160905 , 0.36837658],
        [0.35473517, 0.35567173, 0.3516465 , 0.40079877, 0.3871579 ,
         0.3350485 , 0.3722883 , 0.31575865, 0.36836848],
        [0.35369045, 0.35590497, 0.35148594, 0.4007061 , 0.38843545,
         0.3349844 , 0.37246454, 0.31559217, 0.36800498],
        [0.35273233, 0.35597578, 0.35099465, 0.40083918, 0.3887803 ,
         0.33412677, 0.37370932, 0.3150555 , 0.36847597],
        [0.35154453, 0.35559145, 0.35109553, 0.40076804, 0.38957125,
         0.33306992, 0.37546334, 0.31415513, 0.37047693],
        [0.35121134, 0.3543687 , 0.3520051 , 0.40137658, 0.3893828 ,
         0.33129168, 0.37701762, 0.31376943, 0.37235716],
        [0.35142258, 0.35249075, 0.3527394 , 0.4026103 , 0.38951397,
         0.33093   , 0.37760237, 0.31304714, 0.37332818],
        [0.35107288, 0.3502716 , 0.35316563, 0.40373796, 0.3903024 ,
         0.33226925, 0.378348  , 0.3111973 , 0.37406576],
        [0.35025746, 0.3493123 , 0.3530094 , 0.40400156, 0.39070076,
         0.3329361 , 0.3801305 , 0.3102502 , 0.3749336 ],
        [0.3486238 , 0.34973204, 0.3531301 , 0.4048796 , 0.39011672,
         0.33254492, 0.38013974, 0.31002125, 0.37463078],
        [0.3487682 , 0.3510705 , 0.35340548, 0.40594625, 0.39008793,
         0.33203655, 0.38055485, 0.31060588, 0.37481874],
        [0.3486058 , 0.35351413, 0.35462752, 0.40672702, 0.38953444,
         0.33212686, 0.37922937, 0.31214014, 0.37424567],
        [0.34960526, 0.35511598, 0.35708258, 0.40773427, 0.38859546,
         0.33332333, 0.37779787, 0.31355864, 0.37322137],
        [0.35117462, 0.3558893 , 0.3583365 , 0.40821022, 0.38763133,
         0.3344165 , 0.37630236, 0.31412736, 0.37135184]]], dtype=float32), array([[[0.28097776, 0.28184873, 0.28272805, 0.27914044, 0.2798862 ,
         0.27962413, 0.28034464, 0.2802651 , 0.2811022 ],
        [0.30270746, 0.3138174 , 0.32062638, 0.33483282, 0.31521934,
         0.29835418, 0.28428337, 0.2730275 , 0.30458063],
        [0.32013926, 0.32890674, 0.3323164 , 0.35385686, 0.33283958,
         0.3098351 , 0.30265307, 0.28428388, 0.32160968],
        [0.3311484 , 0.33891502, 0.34207577, 0.36668473, 0.34523386,
         0.31751758, 0.31634888, 0.29342636, 0.33560404],
        [0.33806118, 0.34551266, 0.34921464, 0.3770055 , 0.3533185 ,
         0.3226155 , 0.32637635, 0.30110896, 0.34633455],
        [0.34278202, 0.34948686, 0.35477442, 0.3844636 , 0.35998812,
         0.32624045, 0.33370876, 0.30735382, 0.3538571 ],
        [0.34563634, 0.35216597, 0.3585669 , 0.38911247, 0.3647136 ,
         0.32848197, 0.33992514, 0.31253755, 0.35901913],
        [0.34835675, 0.35484442, 0.36232328, 0.39175802, 0.3693288 ,
         0.330654  , 0.34420303, 0.31715629, 0.36237898],
        [0.3501137 , 0.35582626, 0.36360696, 0.39298522, 0.37242037,
         0.33133197, 0.348181  , 0.3194686 , 0.3664951 ],
        [0.3514352 , 0.3567044 , 0.36324605, 0.3935295 , 0.3745269 ,
         0.33210075, 0.35152212, 0.31988728, 0.36823967],
        [0.35259694, 0.35730278, 0.36223948, 0.39402688, 0.37508428,
         0.33199322, 0.35440832, 0.3190974 , 0.3689131 ],
        [0.35379362, 0.35808903, 0.36217514, 0.3930992 , 0.37638342,
         0.3320691 , 0.3565853 , 0.31943405, 0.3698537 ],
        [0.35482162, 0.3588899 , 0.36266655, 0.39245707, 0.37682003,
         0.3329427 , 0.35854745, 0.3187749 , 0.37102547],
        [0.35536408, 0.35916144, 0.3619082 , 0.39290586, 0.37783566,
         0.33369142, 0.36007997, 0.31878272, 0.3728759 ],
        [0.35587168, 0.35935798, 0.36280698, 0.3925667 , 0.3783912 ,
         0.33392945, 0.3609428 , 0.31907922, 0.37358466],
        [0.3576458 , 0.35894123, 0.36265308, 0.39249033, 0.3800205 ,
         0.33375385, 0.3613122 , 0.31819907, 0.37309727],
        [0.3586004 , 0.3575482 , 0.36158854, 0.3929099 , 0.38115972,
         0.33272725, 0.3607906 , 0.31667084, 0.37157387],
        [0.35836673, 0.35756952, 0.36157513, 0.39237535, 0.38271767,
         0.3320447 , 0.36107156, 0.31615993, 0.37102166],
        [0.35711393, 0.35733098, 0.3624373 , 0.39172113, 0.38437444,
         0.33186287, 0.36140516, 0.3161135 , 0.3716653 ],
        [0.356038  , 0.35658282, 0.36231992, 0.3917166 , 0.38647556,
         0.33146945, 0.36158147, 0.31657052, 0.37205747],
        [0.35504285, 0.35670364, 0.3618172 , 0.3921929 , 0.3863401 ,
         0.33114436, 0.3619524 , 0.31703869, 0.37185884],
        [0.35466257, 0.35638744, 0.36094907, 0.3933629 , 0.38475916,
         0.33146825, 0.3615253 , 0.31779864, 0.37194356],
        [0.35418046, 0.35613886, 0.36116698, 0.394482  , 0.38395542,
         0.33189952, 0.36161423, 0.31833094, 0.37320766],
        [0.3543576 , 0.35698295, 0.36196148, 0.3951612 , 0.3839546 ,
         0.33313948, 0.3621372 , 0.31793094, 0.3739126 ],
        [0.3534551 , 0.3571746 , 0.36195788, 0.39570552, 0.38358888,
         0.33345756, 0.36235017, 0.3171882 , 0.37355134],
        [0.35263908, 0.35818416, 0.36079812, 0.3960368 , 0.3834165 ,
         0.33287838, 0.36311343, 0.3154534 , 0.37333402],
        [0.35170057, 0.35920832, 0.3583594 , 0.39624438, 0.3829414 ,
         0.33160973, 0.36529705, 0.3146139 , 0.37415293],
        [0.35048354, 0.3595806 , 0.35731137, 0.39653772, 0.3825944 ,
         0.3301657 , 0.3671202 , 0.31375664, 0.3744194 ],
        [0.3491579 , 0.36043778, 0.35846412, 0.39542833, 0.38286763,
         0.32928705, 0.36814433, 0.31475666, 0.37557116],
        [0.34783038, 0.36083975, 0.35877296, 0.39522597, 0.38287553,
         0.32968685, 0.36774486, 0.31644812, 0.37684122],
        [0.3470894 , 0.35986066, 0.35971114, 0.3955209 , 0.38297254,
         0.33012182, 0.3674771 , 0.31714994, 0.3776831 ],
        [0.3476639 , 0.3587863 , 0.3603055 , 0.39568976, 0.38318583,
         0.32978562, 0.3667045 , 0.31700042, 0.37706164]]], dtype=float32), array([[[0.27973267, 0.2829743 , 0.28578258, 0.27797133, 0.27721074,
         0.27719858, 0.27854443, 0.27974334, 0.28391686],
        [0.30188695, 0.3160073 , 0.32580987, 0.33283404, 0.30865732,
         0.2942507 , 0.2794967 , 0.2706943 , 0.3086503 ],
        [0.3194808 , 0.3319247 , 0.3377682 , 0.3524224 , 0.32360017,
         0.30435568, 0.2956823 , 0.2808474 , 0.3264268 ],
        [0.3304362 , 0.34385714, 0.3484431 , 0.36482093, 0.33382735,
         0.31222525, 0.30783963, 0.28910354, 0.33977816],
        [0.3376348 , 0.3512941 , 0.35565218, 0.3742159 , 0.34150386,
         0.31657967, 0.31691378, 0.29594737, 0.35100958],
        [0.34163326, 0.35519826, 0.36070448, 0.38065758, 0.346988  ,
         0.31812927, 0.32243568, 0.30160818, 0.3588069 ],
        [0.3436642 , 0.35772192, 0.36518645, 0.384669  , 0.35086182,
         0.31922153, 0.32593864, 0.3058054 , 0.36321336],
        [0.34491682, 0.36007154, 0.36855277, 0.38604116, 0.3546427 ,
         0.3204076 , 0.32936618, 0.3084606 , 0.36564812],
        [0.34542277, 0.3618484 , 0.3725997 , 0.38540342, 0.35828733,
         0.3229754 , 0.33179075, 0.31044748, 0.36728942],
        [0.3469439 , 0.3626554 , 0.37518886, 0.3848337 , 0.3600502 ,
         0.32422134, 0.3338339 , 0.31109324, 0.3680898 ],
        [0.34928948, 0.36299315, 0.37611282, 0.38417506, 0.36061218,
         0.32496208, 0.33629376, 0.31056   , 0.36910465],
        [0.35093838, 0.36392754, 0.3768413 , 0.38348085, 0.36081028,
         0.32584596, 0.33799616, 0.30964813, 0.36972424],
        [0.35161406, 0.36518064, 0.3771457 , 0.3835801 , 0.36031315,
         0.3267892 , 0.33951572, 0.3080666 , 0.36973888],
        [0.35126403, 0.36551994, 0.37685937, 0.38519344, 0.3599783 ,
         0.3267999 , 0.34012136, 0.30837888, 0.36982703],
        [0.3514384 , 0.3663764 , 0.37615696, 0.38666534, 0.35949376,
         0.32635725, 0.34098163, 0.3081917 , 0.3706587 ],
        [0.35261318, 0.36628795, 0.37614307, 0.38692817, 0.35944563,
         0.32608777, 0.3405857 , 0.30803308, 0.37045404],
        [0.35357726, 0.3658942 , 0.3757622 , 0.3868185 , 0.3595269 ,
         0.3259288 , 0.34131655, 0.30878305, 0.37144294],
        [0.35365564, 0.36620396, 0.37646195, 0.3863616 , 0.3605032 ,
         0.32689098, 0.34187466, 0.30886796, 0.37079692],
        [0.3537852 , 0.36622372, 0.37550628, 0.38759962, 0.36070508,
         0.3271959 , 0.34186476, 0.30770618, 0.3692158 ],
        [0.35127458, 0.36573043, 0.37450802, 0.38908753, 0.36155686,
         0.32706743, 0.34212235, 0.306897  , 0.36815706],
        [0.3488851 , 0.36546555, 0.3729785 , 0.39031926, 0.36194548,
         0.32598284, 0.34275836, 0.3067407 , 0.36880508],
        [0.3468163 , 0.36563176, 0.3722597 , 0.3910524 , 0.3618422 ,
         0.32503563, 0.34359965, 0.307203  , 0.37164205],
        [0.34384528, 0.36550742, 0.3718149 , 0.391814  , 0.3615291 ,
         0.32391497, 0.3440938 , 0.30774674, 0.3742623 ],
        [0.34342182, 0.3661332 , 0.37180373, 0.39192027, 0.3620152 ,
         0.32304406, 0.34423703, 0.30663696, 0.37579516],
        [0.3414573 , 0.36536363, 0.37242013, 0.3921349 , 0.36243698,
         0.32286   , 0.344655  , 0.30629826, 0.3775634 ],
        [0.34140298, 0.36352625, 0.3726267 , 0.39127865, 0.3627416 ,
         0.3224391 , 0.34487596, 0.30759227, 0.37942913],
        [0.34031224, 0.36195436, 0.37319085, 0.39075223, 0.36133853,
         0.32070917, 0.34423167, 0.30999002, 0.3797753 ],
        [0.34062552, 0.36024874, 0.3749029 , 0.39052472, 0.35979038,
         0.31855834, 0.34350538, 0.31200138, 0.37953967],
        [0.34197414, 0.35869303, 0.37709334, 0.3901535 , 0.35974115,
         0.31703094, 0.34393096, 0.312487  , 0.37910706],
        [0.3432888 , 0.35875747, 0.37730253, 0.38978916, 0.35905373,
         0.3164055 , 0.34446287, 0.31310746, 0.37963673],
        [0.34355223, 0.35906985, 0.3782017 , 0.3882311 , 0.3592832 ,
         0.31647974, 0.345673  , 0.31364346, 0.3802859 ],
        [0.34381795, 0.3603269 , 0.37855536, 0.3873157 , 0.35875276,
         0.31542087, 0.34766525, 0.3134011 , 0.3818839 ]]], dtype=float32), array([[[0.2781491 , 0.28540105, 0.28840205, 0.27591503, 0.27322856,
         0.27509466, 0.27430943, 0.27669683, 0.28156435],
        [0.298703  , 0.3222885 , 0.3320238 , 0.32672995, 0.3009993 ,
         0.2903269 , 0.27198082, 0.26506278, 0.30598167],
        [0.31579286, 0.34051943, 0.3462575 , 0.3431272 , 0.3139245 ,
         0.29971445, 0.28647864, 0.27357727, 0.32342136],
        [0.32559592, 0.35463086, 0.3592622 , 0.35277265, 0.32286328,
         0.30640137, 0.29698613, 0.28102878, 0.3365441 ],
        [0.33147553, 0.36344615, 0.36905643, 0.3589764 , 0.32854223,
         0.31067723, 0.30454436, 0.2868586 , 0.34683782],
        [0.3362184 , 0.36941993, 0.37629992, 0.36280942, 0.33206272,
         0.31290254, 0.31036404, 0.28982067, 0.3544008 ],
        [0.33927113, 0.3733352 , 0.38052806, 0.36547428, 0.33455053,
         0.3133286 , 0.31526268, 0.2914441 , 0.36056903],
        [0.34070763, 0.37708706, 0.38248095, 0.36805823, 0.33686063,
         0.314636  , 0.31867802, 0.29168385, 0.36429414],
        [0.34183517, 0.38040206, 0.3849455 , 0.36979243, 0.33776528,
         0.31517196, 0.32002333, 0.29194912, 0.3652999 ],
        [0.34207937, 0.3822663 , 0.38688034, 0.37009105, 0.33859217,
         0.31598568, 0.32163793, 0.29268068, 0.3669195 ],
        [0.34203014, 0.38373944, 0.38879037, 0.3697968 , 0.33911946,
         0.31671205, 0.32332245, 0.2938913 , 0.36905167],
        [0.34328872, 0.38511524, 0.39018494, 0.36913565, 0.3395521 ,
         0.3161524 , 0.32413292, 0.2947025 , 0.37051594],
        [0.34339455, 0.38626918, 0.3902627 , 0.36843178, 0.3380908 ,
         0.31453943, 0.32402533, 0.29570135, 0.37255993],
        [0.34318176, 0.38737008, 0.39126667, 0.36845583, 0.33678547,
         0.31293306, 0.32334796, 0.29612777, 0.37316516],
        [0.34221393, 0.38906825, 0.3928349 , 0.3678047 , 0.33586892,
         0.3107695 , 0.32236692, 0.29587984, 0.37379515],
        [0.34246707, 0.38899812, 0.39257306, 0.36910608, 0.33518806,
         0.30898818, 0.32254633, 0.29571256, 0.37467635],
        [0.34306848, 0.3886509 , 0.392129  , 0.36933514, 0.33465084,
         0.30842152, 0.32351524, 0.2962521 , 0.37726584],
        [0.34154597, 0.38807392, 0.39302996, 0.3685158 , 0.33365068,
         0.3076498 , 0.3245745 , 0.29657212, 0.37831733],
        [0.3401126 , 0.38607773, 0.39382327, 0.36777702, 0.3329311 ,
         0.30699706, 0.3245379 , 0.29658878, 0.38044712],
        [0.33901092, 0.3854751 , 0.39479065, 0.3669555 , 0.33268932,
         0.3075739 , 0.3230575 , 0.2965674 , 0.381113  ],
        [0.33765844, 0.3840204 , 0.39632276, 0.3649881 , 0.33375785,
         0.30775902, 0.3223875 , 0.29717627, 0.38122606],
        [0.33731526, 0.38210723, 0.3969644 , 0.3629364 , 0.33355594,
         0.30673197, 0.32203224, 0.29721838, 0.3801915 ],
        [0.3364322 , 0.38097805, 0.39708585, 0.3600173 , 0.3321295 ,
         0.305356  , 0.3224326 , 0.29698482, 0.37963644],
        [0.3357055 , 0.38083613, 0.39729872, 0.3572541 , 0.330349  ,
         0.30435205, 0.32201084, 0.29609928, 0.37761942],
        [0.33634713, 0.3799946 , 0.39705122, 0.35563615, 0.32860234,
         0.3037008 , 0.32189706, 0.2950047 , 0.3780672 ],
        [0.33767536, 0.37963432, 0.3981992 , 0.35497776, 0.32759702,
         0.3032207 , 0.3231211 , 0.29413387, 0.3799244 ],
        [0.33708465, 0.38025928, 0.398771  , 0.3547189 , 0.32628474,
         0.30198976, 0.32371342, 0.2937719 , 0.38155863],
        [0.3374249 , 0.38001063, 0.39936677, 0.3542808 , 0.3254042 ,
         0.30069023, 0.324862  , 0.29319772, 0.38229483],
        [0.33728853, 0.37971768, 0.39896268, 0.35348406, 0.32529762,
         0.29983023, 0.32501414, 0.29254895, 0.3822908 ],
        [0.33793545, 0.3802683 , 0.3988265 , 0.35208058, 0.32455134,
         0.2996405 , 0.3255647 , 0.29200155, 0.3823149 ],
        [0.33781433, 0.38036844, 0.4004412 , 0.35163045, 0.3239675 ,
         0.29929844, 0.32564756, 0.29250816, 0.3821021 ],
        [0.3377168 , 0.38153407, 0.40040728, 0.35307124, 0.32283756,
         0.29930082, 0.32636157, 0.29187843, 0.38148633]]], dtype=float32), array([[[0.27825907, 0.2878107 , 0.29194537, 0.2710471 , 0.26846957,
         0.27266085, 0.26934165, 0.27223164, 0.28116164],
        [0.29921383, 0.328121  , 0.34024072, 0.3171182 , 0.29080305,
         0.28458878, 0.2617824 , 0.25618586, 0.30468044],
        [0.31594065, 0.34872743, 0.35840797, 0.32996804, 0.2986305 ,
         0.2919219 , 0.2728479 , 0.26277527, 0.32183442],
        [0.32567126, 0.36368355, 0.37528548, 0.33782563, 0.30178806,
         0.29501396, 0.2792679 , 0.2675374 , 0.3344843 ],
        [0.3321195 , 0.3761822 , 0.38938984, 0.34113488, 0.3024583 ,
         0.29366395, 0.2829265 , 0.27047685, 0.34525815],
        [0.33656853, 0.38515055, 0.4009005 , 0.34184602, 0.30200312,
         0.2913332 , 0.28531238, 0.27184513, 0.3541246 ],
        [0.33952847, 0.39038634, 0.40883303, 0.34175494, 0.30185032,
         0.28935358, 0.28742287, 0.2717104 , 0.36215362],
        [0.34100273, 0.39470088, 0.4131888 , 0.3410421 , 0.29969183,
         0.28701854, 0.28844053, 0.27085346, 0.36729214],
        [0.34072128, 0.39820054, 0.41698313, 0.33832282, 0.2967652 ,
         0.28374407, 0.28821412, 0.26981077, 0.3700659 ],
        [0.33970124, 0.40154698, 0.4193414 , 0.33604527, 0.29360482,
         0.2802854 , 0.28806114, 0.26791668, 0.37182587],
        [0.33863124, 0.40411776, 0.42019466, 0.33449683, 0.29151052,
         0.27876526, 0.28872645, 0.266998  , 0.37404034],
        [0.33790693, 0.40560234, 0.421901  , 0.33272877, 0.28907353,
         0.2745834 , 0.2879781 , 0.2653349 , 0.37632632],
        [0.33690992, 0.40737775, 0.42345604, 0.33119708, 0.28748   ,
         0.27238646, 0.28863192, 0.26460347, 0.37769425],
        [0.33635873, 0.40974274, 0.42525807, 0.3294542 , 0.28635347,
         0.27118468, 0.2896055 , 0.26297566, 0.37945002],
        [0.3355345 , 0.41268167, 0.42774788, 0.32816908, 0.28456616,
         0.26822418, 0.290402  , 0.26284197, 0.38234755],
        [0.335487  , 0.41528693, 0.43135634, 0.32699022, 0.2818847 ,
         0.26519492, 0.29100606, 0.2625409 , 0.38619962],
        [0.33537132, 0.41862854, 0.43497252, 0.32543418, 0.279894  ,
         0.26387465, 0.29108894, 0.2632287 , 0.388769  ],
        [0.3360103 , 0.41929284, 0.43696412, 0.32460123, 0.27889016,
         0.2634131 , 0.29089668, 0.26280433, 0.389009  ],
        [0.33734977, 0.41869858, 0.43816563, 0.32465315, 0.2782896 ,
         0.26352847, 0.2907712 , 0.26209286, 0.3874447 ],
        [0.33838576, 0.41768736, 0.4392408 , 0.32542026, 0.2786562 ,
         0.26533785, 0.2908498 , 0.2618457 , 0.3859648 ],
        [0.33954   , 0.4171845 , 0.43916926, 0.3259082 , 0.2796691 ,
         0.26646337, 0.29095563, 0.26129404, 0.38304168],
        [0.33906633, 0.41572365, 0.43848765, 0.3262431 , 0.28115764,
         0.2679932 , 0.29206485, 0.26119214, 0.38168964],
        [0.33796513, 0.41430742, 0.43624103, 0.32664812, 0.28162584,
         0.2701798 , 0.29214814, 0.2611787 , 0.37933502],
        [0.33692968, 0.41329345, 0.43394896, 0.3267496 , 0.2833719 ,
         0.2718312 , 0.2922464 , 0.26029322, 0.3782576 ],
        [0.33629683, 0.413227  , 0.43299294, 0.32592735, 0.28392833,
         0.2726175 , 0.29176113, 0.2588141 , 0.37790525],
        [0.33546302, 0.4138839 , 0.43366835, 0.32346267, 0.283574  ,
         0.273042  , 0.28989115, 0.25844544, 0.3783778 ],
        [0.33446148, 0.41455936, 0.43501833, 0.32110292, 0.2814782 ,
         0.2726855 , 0.28771228, 0.2583289 , 0.37904334],
        [0.33297297, 0.41474155, 0.43493548, 0.31875142, 0.2784705 ,
         0.2717975 , 0.28644973, 0.2580523 , 0.3790671 ],
        [0.33126608, 0.4150164 , 0.43551937, 0.31736746, 0.27635223,
         0.27176967, 0.28456262, 0.2581907 , 0.37858948],
        [0.3285475 , 0.41554648, 0.43669116, 0.31530002, 0.27391082,
         0.27106756, 0.2824061 , 0.2587674 , 0.3780363 ],
        [0.3271587 , 0.41518748, 0.43694702, 0.3136934 , 0.27272707,
         0.27026093, 0.28166503, 0.25975075, 0.37941244],
        [0.3270433 , 0.41438323, 0.436082  , 0.31249985, 0.273006  ,
         0.26882392, 0.282046  , 0.26049426, 0.37950048]]], dtype=float32), array([[[0.27654696, 0.2933889 , 0.30009216, 0.2628776 , 0.25807592,
         0.2638931 , 0.26013938, 0.26483023, 0.28295967],
        [0.29616657, 0.3391842 , 0.3559392 , 0.29970485, 0.2679032 ,
         0.26530915, 0.24342933, 0.24191466, 0.30852398],
        [0.31278044, 0.36436328, 0.37894297, 0.30668306, 0.26927075,
         0.2662537 , 0.24924435, 0.24406683, 0.3261356 ],
        [0.32096443, 0.38409188, 0.40084305, 0.3070339 , 0.26802337,
         0.26380238, 0.25024396, 0.24367191, 0.33981985],
        [0.32668942, 0.40007412, 0.41788337, 0.30503154, 0.26384124,
         0.2591381 , 0.24922568, 0.24144854, 0.3485223 ],
        [0.33007273, 0.41296536, 0.43038285, 0.3018139 , 0.25705945,
         0.25380558, 0.24768549, 0.23800848, 0.35444146],
        [0.33199534, 0.4243637 , 0.4406079 , 0.29813907, 0.25050047,
         0.24798757, 0.24543008, 0.23412171, 0.35940766],
        [0.33257082, 0.43502596, 0.4504936 , 0.29404825, 0.24243431,
         0.24146646, 0.24228112, 0.2303064 , 0.36376017],
        [0.3325692 , 0.44362798, 0.45946404, 0.2886449 , 0.23362961,
         0.23492391, 0.23761638, 0.2255892 , 0.3645374 ],
        [0.33225375, 0.45176655, 0.46796757, 0.2840574 , 0.22527102,
         0.22928713, 0.23258574, 0.2217293 , 0.36472172],
        [0.3315352 , 0.45818967, 0.47596434, 0.28002155, 0.21817648,
         0.22455746, 0.22846836, 0.21845974, 0.36601114],
        [0.33017206, 0.46294364, 0.48311585, 0.27686876, 0.21266975,
         0.22060928, 0.2262433 , 0.21584083, 0.36804345],
        [0.3292123 , 0.46722338, 0.48900664, 0.27350423, 0.2092773 ,
         0.217394  , 0.22320223, 0.21307905, 0.36885872],
        [0.32786694, 0.47154766, 0.49572933, 0.2699391 , 0.20638554,
         0.21443364, 0.22000836, 0.20979805, 0.36865547],
        [0.32615227, 0.4755544 , 0.503894  , 0.26628655, 0.20327519,
         0.21068263, 0.21612546, 0.20652656, 0.36755407],
        [0.32451576, 0.4785172 , 0.5106677 , 0.26241478, 0.20005804,
         0.2074525 , 0.21241371, 0.20301233, 0.366211  ],
        [0.3237018 , 0.48133993, 0.51641417, 0.25972062, 0.19596729,
         0.20573203, 0.20947957, 0.19954698, 0.3636365 ],
        [0.32374763, 0.48298693, 0.520155  , 0.25841054, 0.19412145,
         0.20540492, 0.20787679, 0.197333  , 0.36305496],
        [0.32382035, 0.485085  , 0.5235419 , 0.25791362, 0.19106966,
         0.2058183 , 0.20717664, 0.19581667, 0.3622783 ],
        [0.32360557, 0.48580694, 0.52453977, 0.257167  , 0.18745321,
         0.20653766, 0.20564476, 0.1945784 , 0.3601468 ],
        [0.32339755, 0.4862567 , 0.5236264 , 0.25726157, 0.18444131,
         0.20613897, 0.20596091, 0.19301856, 0.3591267 ],
        [0.32313097, 0.48598897, 0.52229536, 0.25772393, 0.18353142,
         0.20642509, 0.20703934, 0.1924037 , 0.3591284 ],
        [0.3220198 , 0.4865561 , 0.52162886, 0.25787237, 0.1822141 ,
         0.20679656, 0.20712337, 0.1927501 , 0.36024854],
        [0.32074562, 0.4868248 , 0.52027804, 0.25827438, 0.18205208,
         0.20686594, 0.20813704, 0.19347966, 0.361577  ],
        [0.3188761 , 0.48844257, 0.52005696, 0.2574399 , 0.18205585,
         0.20604846, 0.20819548, 0.19305268, 0.3613045 ],
        [0.3183611 , 0.48891002, 0.52033925, 0.25700366, 0.1829449 ,
         0.20510061, 0.20801288, 0.19329812, 0.36109927],
        [0.31808212, 0.4901099 , 0.5199803 , 0.2560595 , 0.18335557,
         0.20426682, 0.20679328, 0.19341068, 0.3602755 ],
        [0.31763095, 0.49133798, 0.52049387, 0.25455686, 0.1840057 ,
         0.20323119, 0.20520382, 0.19362064, 0.36085778],
        [0.3169388 , 0.4911675 , 0.5208153 , 0.2550419 , 0.1847119 ,
         0.20384657, 0.20532186, 0.19428307, 0.36193645],
        [0.3170583 , 0.49205345, 0.52094555, 0.25458014, 0.18472633,
         0.20289402, 0.20474145, 0.19409557, 0.3619855 ],
        [0.31841072, 0.49271747, 0.52313447, 0.25283277, 0.18436213,
         0.20291296, 0.20435202, 0.19282627, 0.36280337],
        [0.3196351 , 0.493471  , 0.5253678 , 0.25114903, 0.18338434,
         0.20296836, 0.2040395 , 0.19172756, 0.36297426]]], dtype=float32), array([[[0.27409074, 0.30138066, 0.3076262 , 0.2504504 , 0.24271941,
         0.2504593 , 0.24532636, 0.25096333, 0.27836078],
        [0.29092786, 0.3576716 , 0.37248623, 0.2734227 , 0.2333554 ,
         0.23774973, 0.2144315 , 0.21376932, 0.29924205],
        [0.30384192, 0.39288777, 0.40607616, 0.2680515 , 0.21869369,
         0.22643186, 0.20737529, 0.20414305, 0.31462562],
        [0.30920818, 0.42570052, 0.4404206 , 0.25454715, 0.19863631,
         0.21016456, 0.19334494, 0.19101094, 0.3264779 ],
        [0.31100896, 0.4576268 , 0.47546446, 0.23547289, 0.17552006,
         0.19000016, 0.17590737, 0.17517169, 0.33393717],
        [0.30926034, 0.48755315, 0.5092915 , 0.21465428, 0.15187526,
         0.17005976, 0.1573906 , 0.15870263, 0.33759728],
        [0.30661827, 0.51546603, 0.54209995, 0.19426666, 0.1298371 ,
         0.15013741, 0.13958086, 0.14174126, 0.33757398],
        [0.3032943 , 0.54070294, 0.57387775, 0.17482193, 0.1109959 ,
         0.13198304, 0.12288626, 0.12640426, 0.3366648 ],
        [0.29934812, 0.5638794 , 0.6032911 , 0.15770915, 0.09519022,
         0.11710622, 0.10780253, 0.11302597, 0.332975  ],
        [0.294425  , 0.5846005 , 0.6289731 , 0.14328898, 0.08275474,
         0.10449922, 0.09584963, 0.10102602, 0.33020723],
        [0.29060888, 0.6029265 , 0.6513793 , 0.13208985, 0.07384165,
         0.09470379, 0.08719429, 0.09161936, 0.32919022],
        [0.28632927, 0.6190796 , 0.67135614, 0.12326222, 0.06641503,
         0.08733747, 0.07997719, 0.0843215 , 0.328168  ],
        [0.28223285, 0.6334988 , 0.6884769 , 0.1168317 , 0.06065329,
         0.08186043, 0.07476082, 0.0784433 , 0.32657656],
        [0.27881932, 0.6491759 , 0.7050842 , 0.10994972, 0.05571508,
         0.07588314, 0.06950381, 0.07240296, 0.32265767],
        [0.27559495, 0.6630108 , 0.72012436, 0.10398785, 0.05154182,
         0.07103636, 0.06483757, 0.06749028, 0.32011604],
        [0.27069807, 0.67511094, 0.734288  , 0.09823613, 0.04731013,
         0.06672932, 0.06035548, 0.06313225, 0.31657708],
        [0.2678633 , 0.6836345 , 0.74559313, 0.09451768, 0.04423408,
         0.06349851, 0.0572755 , 0.05982433, 0.31366673],
        [0.26704857, 0.6911446 , 0.7551527 , 0.09109712, 0.04175136,
         0.0604568 , 0.05455075, 0.05688233, 0.31166568],
        [0.26624113, 0.69811445, 0.7632391 , 0.08813655, 0.03969108,
         0.05806818, 0.05291749, 0.05465822, 0.3107335 ],
        [0.266505  , 0.705208  , 0.769888  , 0.08543129, 0.03796243,
         0.0555849 , 0.05117415, 0.0522882 , 0.30953714],
        [0.2665486 , 0.71234214, 0.7751456 , 0.08356466, 0.03655976,
         0.0538753 , 0.04997421, 0.05057806, 0.30952218],
        [0.26521587, 0.7191896 , 0.7810221 , 0.08138093, 0.03509189,
         0.05207431, 0.04840697, 0.04895619, 0.30825603],
        [0.26438302, 0.72532064, 0.78675467, 0.07937097, 0.03373019,
         0.05029162, 0.046882  , 0.04764283, 0.3077659 ],
        [0.26339585, 0.7299092 , 0.79146194, 0.0782992 , 0.03309593,
         0.04940835, 0.04635071, 0.04714554, 0.30827978],
        [0.2625999 , 0.73395056, 0.7951527 , 0.07756109, 0.03247479,
         0.04873045, 0.04600684, 0.04655239, 0.30853295],
        [0.261546  , 0.737884  , 0.79925764, 0.0763915 , 0.03153322,
         0.04771142, 0.04498733, 0.04535982, 0.30825356],
        [0.26104465, 0.7407333 , 0.80226105, 0.07605366, 0.03084959,
         0.04702141, 0.0445789 , 0.04462863, 0.30806586],
        [0.26145807, 0.74280965, 0.8048956 , 0.0765755 , 0.03057749,
         0.04675929, 0.04466081, 0.04433908, 0.30856922],
        [0.26190126, 0.74488944, 0.80772626, 0.07711504, 0.03018536,
         0.04662498, 0.04430521, 0.04391286, 0.3076798 ],
        [0.26293224, 0.7468408 , 0.8090588 , 0.07740127, 0.03021485,
         0.04652995, 0.04406374, 0.04365804, 0.3069557 ],
        [0.2637628 , 0.7477579 , 0.8098793 , 0.07807926, 0.03040579,
         0.04705001, 0.04438199, 0.04372526, 0.30801517],
        [0.2643788 , 0.7484361 , 0.8101776 , 0.0791221 , 0.03089825,
         0.04761516, 0.0450814 , 0.04396967, 0.30932125]]], dtype=float32), array([[[0.2712028 , 0.3046321 , 0.31261483, 0.23867436, 0.23120557,
         0.24107176, 0.23318818, 0.24110568, 0.2734391 ],
        [0.28318083, 0.36721644, 0.38410294, 0.24513583, 0.20541245,
         0.21571995, 0.1872684 , 0.19160081, 0.28626662],
        [0.29315573, 0.40953684, 0.42563385, 0.22413592, 0.17688124,
         0.19224481, 0.16725285, 0.17074463, 0.29303223],
        [0.29445058, 0.44940788, 0.4675368 , 0.1974398 , 0.14739299,
         0.16697928, 0.14401206, 0.14805688, 0.29349047],
        [0.29100862, 0.48901576, 0.5081592 , 0.1683027 , 0.11752599,
         0.14034633, 0.11948036, 0.12328483, 0.28696454],
        [0.28562126, 0.52654886, 0.5483268 , 0.14083505, 0.09293807,
         0.11638533, 0.09808242, 0.10115322, 0.27921265],
        [0.2785109 , 0.5626133 , 0.58575565, 0.11677649, 0.07305741,
         0.09588629, 0.07962184, 0.08246604, 0.2699892 ],
        [0.27057406, 0.59721285, 0.62283605, 0.09563616, 0.05716008,
         0.07775832, 0.06348406, 0.06643427, 0.2597617 ],
        [0.26297742, 0.6278692 , 0.6554994 , 0.07951868, 0.04499248,
         0.06386033, 0.05143443, 0.05391823, 0.25018615],
        [0.2570601 , 0.6544845 , 0.6846579 , 0.06713299, 0.03649745,
         0.0531955 , 0.0425457 , 0.04436808, 0.24115783],
        [0.25103098, 0.6786287 , 0.7113853 , 0.05738742, 0.02956845,
         0.04485777, 0.03512082, 0.03694585, 0.23228015],
        [0.24597724, 0.7000243 , 0.73526704, 0.04971588, 0.02447101,
         0.03848055, 0.02942143, 0.03131076, 0.2230853 ],
        [0.24017401, 0.719577  , 0.7568974 , 0.04339357, 0.02064322,
         0.03331403, 0.02505209, 0.02678932, 0.21527095],
        [0.23660628, 0.73598146, 0.7750085 , 0.03899272, 0.01795335,
         0.02976235, 0.02214056, 0.02354276, 0.20865858],
        [0.23402111, 0.75137895, 0.7902379 , 0.03534051, 0.01586105,
         0.02681184, 0.01962622, 0.02090053, 0.20258614],
        [0.23097801, 0.76487803, 0.8041436 , 0.03268844, 0.01425126,
         0.02462389, 0.01771722, 0.01891717, 0.19734997],
        [0.22980472, 0.77677655, 0.8160676 , 0.03065644, 0.01307494,
         0.02292137, 0.01640268, 0.01744612, 0.19368385],
        [0.2281191 , 0.7871753 , 0.8267116 , 0.02895206, 0.01214145,
         0.02151523, 0.01530191, 0.01630806, 0.19016998],
        [0.22771795, 0.795582  , 0.8350231 , 0.02778552, 0.01147167,
         0.02056299, 0.01461016, 0.01551404, 0.18827455],
        [0.22771762, 0.8030453 , 0.8423748 , 0.0269914 , 0.01088436,
         0.01984167, 0.01399043, 0.01489606, 0.18674162],
        [0.22791474, 0.8092638 , 0.8483229 , 0.02624674, 0.01045091,
         0.01927094, 0.01345913, 0.01442449, 0.18521224],
        [0.22618231, 0.8152266 , 0.85343385, 0.02555365, 0.01006459,
         0.01861339, 0.01291588, 0.01399601, 0.18312523],
        [0.22548659, 0.8197227 , 0.85778767, 0.02495989, 0.00978439,
         0.01817621, 0.01253358, 0.01367922, 0.18129477],
        [0.22533853, 0.82406795, 0.86116314, 0.02441006, 0.00953683,
         0.01777161, 0.01222361, 0.01324893, 0.17890683],
        [0.2255032 , 0.8273563 , 0.86358154, 0.02424811, 0.00949041,
         0.01758565, 0.01206468, 0.01306758, 0.17751102],
        [0.22519107, 0.8305777 , 0.8662758 , 0.02398249, 0.00950063,
         0.01733208, 0.01192524, 0.01291984, 0.17603037],
        [0.22507514, 0.8335559 , 0.8685044 , 0.02365033, 0.00932969,
         0.01703392, 0.01170643, 0.0125987 , 0.17438012],
        [0.22522452, 0.8358181 , 0.87000275, 0.02351477, 0.00926691,
         0.0168923 , 0.01163578, 0.01242148, 0.17359164],
        [0.22454005, 0.8385409 , 0.87181515, 0.023238  , 0.00916171,
         0.01672285, 0.0115028 , 0.01229387, 0.17228948],
        [0.22357197, 0.8411311 , 0.87400794, 0.02300993, 0.00909606,
         0.01647171, 0.01136624, 0.01218064, 0.17150323],
        [0.22276638, 0.84395313, 0.8759913 , 0.02253709, 0.00894941,
         0.01616349, 0.01113004, 0.01189601, 0.17066917],
        [0.22156656, 0.84695816, 0.8777876 , 0.02192361, 0.00868528,
         0.0158252 , 0.01071077, 0.01151296, 0.16866197]]], dtype=float32), array([[[0.2728538 , 0.29930073, 0.30903688, 0.23904549, 0.23324728,
         0.24108145, 0.23381169, 0.2404629 , 0.26993734],
        [0.2875591 , 0.35559544, 0.37827137, 0.24186002, 0.20735604,
         0.21257725, 0.18678527, 0.18882442, 0.27667817],
        [0.297314  , 0.39396858, 0.41907254, 0.21469857, 0.17408404,
         0.18440492, 0.16220482, 0.16393572, 0.27479613],
        [0.29793784, 0.42913887, 0.4606031 , 0.18075801, 0.13902135,
         0.15321933, 0.1326426 , 0.13545251, 0.264214  ],
        [0.29431817, 0.46265167, 0.50043386, 0.14538836, 0.10483918,
         0.12160919, 0.10292328, 0.1068911 , 0.24689987],
        [0.28722182, 0.49366316, 0.54007715, 0.11421627, 0.07663526,
         0.09412439, 0.0780116 , 0.08281185, 0.22847329],
        [0.27930656, 0.522459  , 0.5785081 , 0.08897086, 0.05586125,
         0.07236819, 0.05886461, 0.06338408, 0.20844735],
        [0.2705287 , 0.54847944, 0.61425936, 0.06907238, 0.04091772,
         0.05578423, 0.04427925, 0.04853961, 0.19009103],
        [0.2610103 , 0.57220507, 0.6475701 , 0.05341742, 0.03013671,
         0.04292062, 0.03329716, 0.03696092, 0.17261793],
        [0.25342253, 0.5921747 , 0.6774518 , 0.04146404, 0.02254632,
         0.0336661 , 0.02507711, 0.0282243 , 0.15593329],
        [0.24681444, 0.60827017, 0.7034722 , 0.03355287, 0.01763599,
         0.02743214, 0.01992522, 0.02264722, 0.14331184],
        [0.24209443, 0.62130713, 0.72567695, 0.02806596, 0.01433434,
         0.02309461, 0.01638771, 0.01865774, 0.13251887],
        [0.23826423, 0.63270843, 0.7441797 , 0.02401373, 0.01204721,
         0.01997704, 0.01375558, 0.01573565, 0.12284293],
        [0.23493883, 0.64212567, 0.76021457, 0.02103406, 0.01037977,
         0.01756659, 0.01187019, 0.01366039, 0.11556254],
        [0.23205316, 0.6510086 , 0.77451754, 0.01862799, 0.00903744,
         0.01557657, 0.0103136 , 0.01196791, 0.10895428],
        [0.22947106, 0.65734017, 0.786408  , 0.01686764, 0.00801553,
         0.01422801, 0.00916535, 0.01077617, 0.1036643 ],
        [0.22724263, 0.6619772 , 0.7956615 , 0.01565205, 0.00735367,
         0.01329922, 0.00842733, 0.00998175, 0.09923265],
        [0.22633542, 0.66672575, 0.8038496 , 0.01454042, 0.00685769,
         0.01252109, 0.00780735, 0.00929652, 0.09493297],
        [0.22580573, 0.670135  , 0.8105748 , 0.0138461 , 0.00647975,
         0.01197345, 0.00736665, 0.00878043, 0.09199025],
        [0.22636057, 0.67309123, 0.8156313 , 0.01324894, 0.00624018,
         0.01154233, 0.0070367 , 0.00834856, 0.09000466],
        [0.2266534 , 0.6761667 , 0.8202946 , 0.01272473, 0.00594938,
         0.01104783, 0.00667472, 0.0079326 , 0.08815558],
        [0.22562946, 0.67851675, 0.82385725, 0.01232592, 0.00570606,
         0.01063654, 0.00640817, 0.00765886, 0.08653798],
        [0.22457892, 0.680924  , 0.82789797, 0.01200374, 0.00549575,
         0.01028269, 0.00623168, 0.0074016 , 0.08485447],
        [0.22289295, 0.68367904, 0.83189464, 0.01165812, 0.00535216,
         0.00995379, 0.00604359, 0.00718746, 0.08325948],
        [0.22201589, 0.6854681 , 0.83469456, 0.01135717, 0.00525433,
         0.00976326, 0.00592606, 0.00704372, 0.08209724],
        [0.22215801, 0.68673754, 0.8371212 , 0.01111155, 0.00514674,
         0.00960811, 0.00582778, 0.0069375 , 0.08090302],
        [0.2216797 , 0.6880716 , 0.83962154, 0.01082323, 0.00499732,
         0.00942774, 0.00569988, 0.00679478, 0.08047167],
        [0.22088955, 0.6895841 , 0.8414997 , 0.01056282, 0.00488131,
         0.00923149, 0.0055817 , 0.00662643, 0.07988774],
        [0.22055735, 0.689792  , 0.84285235, 0.01053455, 0.00478084,
         0.00912787, 0.0055376 , 0.00649448, 0.0794272 ],
        [0.22076966, 0.69020826, 0.8442698 , 0.01046499, 0.00469187,
         0.00900414, 0.00549075, 0.00639739, 0.07885125],
        [0.22042818, 0.6909599 , 0.84610444, 0.0102666 , 0.00462428,
         0.00886138, 0.00541066, 0.00628622, 0.07832234],
        [0.22100157, 0.6909094 , 0.84669137, 0.01023075, 0.0046199 ,
         0.00884489, 0.00536375, 0.0062194 , 0.07827311]]], dtype=float32), array([[[0.2728357 , 0.29189447, 0.30820367, 0.23141967, 0.22460873,
         0.23475105, 0.22416045, 0.23266636, 0.26480952],
        [0.28852195, 0.33577454, 0.37012857, 0.23332995, 0.19775929,
         0.20668817, 0.17707944, 0.18105496, 0.268545  ],
        [0.3003394 , 0.35833186, 0.40145445, 0.20712009, 0.16622004,
         0.179036  , 0.15422833, 0.15732846, 0.26465467],
        [0.30294853, 0.3762166 , 0.43532217, 0.17094482, 0.1281271 ,
         0.14547405, 0.12308305, 0.12754989, 0.24971601],
        [0.30137226, 0.38842896, 0.4667402 , 0.1344    , 0.09393646,
         0.11375434, 0.09374731, 0.09969869, 0.22821662],
        [0.29779756, 0.396713  , 0.49671587, 0.10257757, 0.06801084,
         0.08740216, 0.06979558, 0.07671662, 0.20551445],
        [0.2937659 , 0.4001382 , 0.5233487 , 0.07814607, 0.04941038,
         0.06674787, 0.05158627, 0.05864229, 0.18342099],
        [0.28979516, 0.40206763, 0.54710245, 0.05899162, 0.03580958,
         0.05087498, 0.03784689, 0.04449526, 0.16182764],
        [0.28594938, 0.401607  , 0.566625  , 0.04570881, 0.02689929,
         0.03995367, 0.02883025, 0.03458687, 0.14326668],
        [0.2818815 , 0.39945826, 0.584161  , 0.03594609, 0.0208451 ,
         0.03207789, 0.02251546, 0.02744697, 0.12790792],
        [0.2785584 , 0.396561  , 0.59783846, 0.02858874, 0.01632069,
         0.0258197 , 0.01766034, 0.0218515 , 0.11407401],
        [0.27473083, 0.3938508 , 0.6096626 , 0.02312186, 0.01288057,
         0.02117205, 0.0139573 , 0.01771892, 0.10132166],
        [0.27151963, 0.38976333, 0.6196006 , 0.01936011, 0.01063213,
         0.01797812, 0.01149977, 0.01487313, 0.09175614],
        [0.26928937, 0.3862127 , 0.6272729 , 0.01658372, 0.00899837,
         0.01561547, 0.00979728, 0.0127687 , 0.08439758],
        [0.267114  , 0.38296524, 0.6335032 , 0.01457873, 0.00786198,
         0.01375575, 0.00849656, 0.01121593, 0.07851984],
        [0.26594076, 0.38029525, 0.6384987 , 0.01286892, 0.0069175 ,
         0.01231696, 0.00745531, 0.00987384, 0.07273531],
        [0.26379627, 0.3800839 , 0.64270455, 0.01147977, 0.00615133,
         0.01107143, 0.00660784, 0.00879259, 0.06825731],
        [0.26189274, 0.378334  , 0.64536023, 0.01041018, 0.00556004,
         0.01022239, 0.00592632, 0.00795736, 0.0641356 ],
        [0.26191497, 0.37479886, 0.6473084 , 0.00967879, 0.00509723,
         0.00959223, 0.00541484, 0.00739183, 0.06091183],
        [0.26065445, 0.3731685 , 0.64907885, 0.00898492, 0.00472966,
         0.00900464, 0.00499397, 0.00691274, 0.05822704],
        [0.26023346, 0.3707082 , 0.6495478 , 0.00845942, 0.00444682,
         0.00860629, 0.00470888, 0.00655745, 0.05623012],
        [0.25845426, 0.36948577, 0.6497721 , 0.00803427, 0.00418526,
         0.00822177, 0.0044479 , 0.00625311, 0.05441253],
        [0.25664815, 0.36836824, 0.649384  , 0.00760823, 0.00395983,
         0.00784469, 0.00416097, 0.00595437, 0.05259203],
        [0.25666094, 0.36689833, 0.64924735, 0.00734333, 0.00380801,
         0.00758586, 0.00399893, 0.00574071, 0.05139348],
        [0.2557917 , 0.36522257, 0.64888734, 0.00720158, 0.00373633,
         0.00745355, 0.00392982, 0.00563705, 0.05066162],
        [0.2553872 , 0.3638649 , 0.6483774 , 0.00707434, 0.00366186,
         0.00734233, 0.00386903, 0.00552033, 0.05026073],
        [0.25615162, 0.3631664 , 0.647912  , 0.00689066, 0.00358934,
         0.00718884, 0.00377357, 0.00538634, 0.04938346],
        [0.25582385, 0.36333326, 0.64775574, 0.00674963, 0.00352758,
         0.00705918, 0.00371199, 0.00528498, 0.04882592],
        [0.25540832, 0.36293957, 0.6475966 , 0.00665765, 0.00348066,
         0.00696007, 0.00367941, 0.00521098, 0.04855378],
        [0.25513598, 0.3627918 , 0.6470848 , 0.00660652, 0.00346947,
         0.00694094, 0.00367269, 0.00518699, 0.04836063],
        [0.2544574 , 0.3633546 , 0.64727676, 0.00648948, 0.00342725,
         0.00683825, 0.00361409, 0.00512228, 0.04819108],
        [0.2543339 , 0.36251125, 0.6468202 , 0.00640924, 0.00340406,
         0.00681189, 0.00359117, 0.0050737 , 0.04787414]]], dtype=float32)]