tf.Tensor(
[[[0.2743316  0.2925636  0.30752248 0.23502927 0.22800739 0.2373015
   0.22889611 0.23626071 0.26577303]
  [0.2905968  0.33719677 0.37262264 0.23562072 0.20009206 0.2084188
   0.18000354 0.18298738 0.26958907]
  [0.30164993 0.3606946  0.40797418 0.20313911 0.16382432 0.17559637
   0.1518809  0.15402065 0.26344588]
  [0.30514866 0.3778953  0.4429095  0.16619311 0.1267749  0.14210415
   0.12140566 0.12432046 0.24917468]
  [0.30416572 0.38987872 0.47433376 0.13108818 0.09499267 0.11203042
   0.09397813 0.09833077 0.2297129 ]
  [0.3001885  0.3990735  0.5033755  0.09906792 0.06852213 0.08512089
   0.06944998 0.07416482 0.20585078]
  [0.2934921  0.405282   0.53187525 0.07240251 0.04747679 0.06272878
   0.04928555 0.05398376 0.17941071]
  [0.28767666 0.4082088  0.5576281  0.05272513 0.03300868 0.04604634
   0.03478049 0.0390794  0.15451199]
  [0.28125283 0.4089917  0.5792417  0.03877378 0.0233489  0.03440413
   0.02494297 0.02888531 0.13280872]
  [0.27444577 0.4077164  0.5973942  0.02860677 0.01671537 0.02611026
   0.01805902 0.0213789  0.11363542]
  [0.2699388  0.40385893 0.6112731  0.02240563 0.01275814 0.02086226
   0.01401753 0.0169191  0.10006753]
  [0.26616344 0.39881217 0.62247163 0.01815344 0.0101328  0.01724248
   0.0112183  0.01386135 0.0891418 ]
  [0.26346296 0.39349303 0.6306889  0.01533398 0.00846159 0.01480299
   0.00942046 0.01192352 0.08146027]
  [0.26239184 0.38864255 0.63642627 0.01328007 0.00726751 0.01301022
   0.00812178 0.0104298  0.07492283]
  [0.2605861  0.38481537 0.640235   0.01185158 0.0063884  0.01170889
   0.00714027 0.00934521 0.06946652]
  [0.25836077 0.38109684 0.6440672  0.01064797 0.0057235  0.01066839
   0.00635126 0.00849487 0.06501555]
  [0.25759584 0.37794447 0.6472609  0.00972023 0.00524108 0.0098531
   0.00577023 0.00778739 0.06170189]
  [0.25655803 0.37644717 0.6496385  0.00894198 0.00480976 0.00915872
   0.00527939 0.00718748 0.05836516]
  [0.25486618 0.3746464  0.6516653  0.00832447 0.00445988 0.00860905
   0.00487761 0.00671522 0.05612884]
  [0.2550486  0.37204567 0.6530386  0.0078515  0.00421346 0.00822592
   0.00458606 0.00635855 0.05422719]
  [0.2543885  0.3706977  0.65414137 0.00739582 0.00397469 0.00781137
   0.0042653  0.00603972 0.05231856]
  [0.25357467 0.3702521  0.6557136  0.00702186 0.00375915 0.00745092
   0.00399621 0.00571662 0.05058151]
  [0.25230104 0.3693542  0.65713847 0.00669161 0.00359011 0.00714783
   0.00375543 0.00545821 0.04912714]
  [0.2521772  0.36756456 0.6576339  0.00647164 0.00345774 0.0069646
   0.00362008 0.00526348 0.04844654]
  [0.25199962 0.3658315  0.6575789  0.00636181 0.0033567  0.00686429
   0.00356508 0.00512903 0.04771637]
  [0.25194928 0.36548513 0.6566432  0.00627468 0.00330752 0.00678768
   0.00352844 0.00504949 0.04696338]
  [0.25242984 0.36435425 0.65541095 0.00622084 0.0033003  0.00671311
   0.00349827 0.00497135 0.04668909]
  [0.25322363 0.3631285  0.6539413  0.0062433  0.00330359 0.00669306
   0.00351323 0.0049455  0.04677858]
  [0.2519719  0.36326143 0.6535766  0.00616609 0.003256   0.00658076
   0.00347121 0.0048911  0.04657619]
  [0.25260976 0.362846   0.65250885 0.00611312 0.00322427 0.00654294
   0.00343415 0.00484099 0.04624544]
  [0.2530336  0.3630113  0.6510162  0.00600809 0.00321373 0.00649683
   0.00338772 0.00480277 0.04611066]
  [0.25302917 0.3631049  0.650073   0.00596471 0.00318766 0.00645571
   0.00336608 0.00473837 0.04604019]]], shape=(1, 32, 9), dtype=float32)