[array([[[0.28105286, 0.28098556, 0.28178522, 0.28000733, 0.28129572,
         0.28159282, 0.28076178, 0.2796631 , 0.2804218 ],
        [0.32128668, 0.30710536, 0.29981226, 0.30399704, 0.28351367,
         0.31022412, 0.30649275, 0.28756654, 0.3037004 ],
        [0.33988103, 0.32606006, 0.31316128, 0.32223716, 0.29479107,
         0.32570693, 0.31837943, 0.29737213, 0.3190079 ],
        [0.35215142, 0.33909085, 0.3220537 , 0.33512932, 0.3025458 ,
         0.33384866, 0.32674018, 0.30302086, 0.32948378],
        [0.3604006 , 0.34922472, 0.3282316 , 0.34435734, 0.30779794,
         0.33890003, 0.33260348, 0.3058908 , 0.33733708],
        [0.36714005, 0.35871705, 0.33265787, 0.35158652, 0.3122875 ,
         0.3412434 , 0.33632225, 0.30757818, 0.3427702 ],
        [0.37135288, 0.36617956, 0.33604074, 0.35565478, 0.31565192,
         0.34256145, 0.33946976, 0.30771905, 0.3481305 ],
        [0.37472755, 0.3724265 , 0.33780676, 0.3586845 , 0.31799567,
         0.3425493 , 0.3419608 , 0.30830204, 0.35174963],
        [0.3762169 , 0.37782407, 0.3390391 , 0.36144304, 0.3195502 ,
         0.342212  , 0.34445807, 0.30969074, 0.35574657],
        [0.37738013, 0.38179076, 0.33994403, 0.36410874, 0.32088834,
         0.3419433 , 0.34541428, 0.31094924, 0.35926026],
        [0.37717745, 0.385882  , 0.34114075, 0.36480302, 0.3216382 ,
         0.3403454 , 0.34502932, 0.3120809 , 0.36272326],
        [0.37606987, 0.38961715, 0.34202647, 0.3651975 , 0.321211  ,
         0.33800378, 0.34515908, 0.3123651 , 0.36545292],
        [0.37550512, 0.3918859 , 0.3424299 , 0.36609903, 0.32108253,
         0.336025  , 0.34634554, 0.3114537 , 0.36740127],
        [0.37563074, 0.39484054, 0.34446326, 0.36669916, 0.32038018,
         0.33453578, 0.3471174 , 0.31068802, 0.36754033],
        [0.3767347 , 0.39617318, 0.346317  , 0.36706236, 0.32137874,
         0.33281186, 0.34623706, 0.31005424, 0.36699477],
        [0.3760662 , 0.39662638, 0.34644595, 0.3661451 , 0.32105514,
         0.33164406, 0.34496468, 0.31142575, 0.3667407 ],
        [0.3761244 , 0.39708826, 0.3468904 , 0.36392412, 0.32078463,
         0.3292465 , 0.34426555, 0.3129007 , 0.36630282],
        [0.37484443, 0.39679855, 0.34906873, 0.36305305, 0.32076403,
         0.32691675, 0.34383807, 0.3134896 , 0.36528906],
        [0.37423736, 0.39793426, 0.35128233, 0.36201224, 0.32119694,
         0.32547364, 0.34402633, 0.313163  , 0.3645789 ],
        [0.37315318, 0.39874545, 0.35227266, 0.36083886, 0.32145733,
         0.32299793, 0.34376964, 0.31391987, 0.36469197],
        [0.3726766 , 0.39990127, 0.35185167, 0.3605561 , 0.32137948,
         0.32074252, 0.34505022, 0.31439677, 0.36488026],
        [0.3742465 , 0.4000968 , 0.35243124, 0.36143607, 0.32351902,
         0.3206922 , 0.34505236, 0.31422022, 0.3652498 ],
        [0.37410653, 0.40005898, 0.35187072, 0.3605178 , 0.32531148,
         0.32002896, 0.3458703 , 0.31365597, 0.36645484],
        [0.37236488, 0.40016156, 0.35183498, 0.35887852, 0.3259161 ,
         0.31939074, 0.34562716, 0.31305438, 0.36705875],
        [0.3720737 , 0.4006164 , 0.3531329 , 0.3580516 , 0.32702425,
         0.31903902, 0.34435984, 0.3116151 , 0.36741278],
        [0.37126088, 0.40018046, 0.3540021 , 0.35836014, 0.3271091 ,
         0.31880885, 0.34389138, 0.30976498, 0.36769804],
        [0.36991683, 0.40005815, 0.35612765, 0.3590402 , 0.3262642 ,
         0.3192306 , 0.34384617, 0.3085784 , 0.36713758],
        [0.36917987, 0.39945865, 0.3572354 , 0.35887194, 0.32454473,
         0.31917694, 0.34563783, 0.30841166, 0.36765856],
        [0.3679892 , 0.39992726, 0.3570117 , 0.35957682, 0.3222506 ,
         0.3178254 , 0.34624177, 0.30831462, 0.36845088],
        [0.3672491 , 0.40023395, 0.35560364, 0.3585961 , 0.3212003 ,
         0.3175736 , 0.346841  , 0.30789387, 0.3688231 ],
        [0.36645642, 0.40103713, 0.35558975, 0.35755712, 0.32025307,
         0.31716508, 0.3459761 , 0.30723226, 0.36812922],
        [0.36717838, 0.4020395 , 0.35505548, 0.35680842, 0.32034633,
         0.31801468, 0.34596527, 0.30746242, 0.3675754 ]]], dtype=float32), array([[[0.27908564, 0.28186852, 0.28255302, 0.28036746, 0.28140444,
         0.2782311 , 0.27980083, 0.27900034, 0.28097022],
        [0.31711656, 0.30990347, 0.30168387, 0.30352408, 0.2829143 ,
         0.30373114, 0.3057148 , 0.2867756 , 0.30435935],
        [0.33427477, 0.33019227, 0.31518888, 0.3220445 , 0.2938279 ,
         0.31528544, 0.31981516, 0.29554552, 0.3202023 ],
        [0.34594694, 0.3456674 , 0.32525873, 0.33444718, 0.3011004 ,
         0.3214007 , 0.32838443, 0.3001002 , 0.3309739 ],
        [0.352678  , 0.3580354 , 0.33251515, 0.34268263, 0.30501407,
         0.32339114, 0.33299968, 0.3011868 , 0.33870354],
        [0.35558975, 0.3682743 , 0.33956885, 0.34698188, 0.3081577 ,
         0.32255846, 0.33642852, 0.30082688, 0.34398293],
        [0.3565562 , 0.3768866 , 0.34561822, 0.34873313, 0.3088003 ,
         0.31929782, 0.33754057, 0.3010821 , 0.348793  ],
        [0.35375446, 0.38441306, 0.35256574, 0.3475997 , 0.30908498,
         0.31069702, 0.33810517, 0.2995015 , 0.3515391 ],
        [0.3518463 , 0.38960874, 0.35808414, 0.34696025, 0.3086577 ,
         0.30422238, 0.33996716, 0.2975045 , 0.35347426],
        [0.34994414, 0.39443293, 0.36230138, 0.3470781 , 0.30911064,
         0.2984717 , 0.34219176, 0.2953117 , 0.35527137],
        [0.34852937, 0.39844793, 0.36510187, 0.3474949 , 0.30969685,
         0.2945394 , 0.3446965 , 0.29293558, 0.35693708],
        [0.34857568, 0.40224025, 0.36714652, 0.34791005, 0.3102938 ,
         0.2928577 , 0.34670705, 0.2917106 , 0.35847083],
        [0.34779927, 0.40633467, 0.3691451 , 0.34914905, 0.31178123,
         0.2914489 , 0.34830785, 0.28980625, 0.3609634 ],
        [0.3480799 , 0.4098425 , 0.37073508, 0.34993523, 0.3127825 ,
         0.29012087, 0.34916526, 0.28979483, 0.3627563 ],
        [0.3477518 , 0.41246402, 0.37241262, 0.35063234, 0.31369317,
         0.28919932, 0.3491121 , 0.28989512, 0.36374798],
        [0.34769565, 0.41465765, 0.37398615, 0.3503781 , 0.3151388 ,
         0.28838205, 0.34925044, 0.2889128 , 0.36470488],
        [0.34715626, 0.41644084, 0.37549108, 0.35041165, 0.31628892,
         0.28688234, 0.34912017, 0.28674927, 0.36536688],
        [0.34349936, 0.4197084 , 0.3778598 , 0.35039616, 0.31586418,
         0.28186953, 0.34774655, 0.2831757 , 0.36601883],
        [0.3412244 , 0.4231273 , 0.38023788, 0.348887  , 0.31574902,
         0.27797005, 0.34782174, 0.28006026, 0.3665424 ],
        [0.3395567 , 0.4257738 , 0.38337782, 0.34538618, 0.31444505,
         0.27253124, 0.34758893, 0.27825108, 0.36706835],
        [0.338932  , 0.42707914, 0.38544628, 0.34322205, 0.31396186,
         0.26962924, 0.34848544, 0.27674994, 0.367764  ],
        [0.3375993 , 0.4286857 , 0.38688192, 0.3410484 , 0.312462  ,
         0.26731968, 0.3474704 , 0.27703574, 0.3684088 ],
        [0.33767918, 0.43066242, 0.3883797 , 0.33942235, 0.31126773,
         0.26679143, 0.3473456 , 0.27656564, 0.36846918],
        [0.33747444, 0.43204048, 0.38914213, 0.3381603 , 0.3110328 ,
         0.26467478, 0.34808308, 0.2755437 , 0.36850515],
        [0.33636406, 0.43314603, 0.3896715 , 0.33656493, 0.3108255 ,
         0.2638675 , 0.34868917, 0.2737454 , 0.36854511],
        [0.335738  , 0.43358546, 0.38927582, 0.33631864, 0.31022832,
         0.2627725 , 0.35015124, 0.27324057, 0.36779553],
        [0.3329674 , 0.4352673 , 0.39025816, 0.33641475, 0.30860525,
         0.26066267, 0.35050762, 0.27258608, 0.36767733],
        [0.33164704, 0.4360005 , 0.39011762, 0.3364095 , 0.3077288 ,
         0.25918624, 0.35261658, 0.27213988, 0.36859277],
        [0.3292947 , 0.43765846, 0.390374  , 0.337101  , 0.3069485 ,
         0.25749198, 0.3524046 , 0.27244505, 0.36948612],
        [0.32835773, 0.43934733, 0.39044517, 0.33703247, 0.30758905,
         0.25636938, 0.3521369 , 0.2724079 , 0.3702039 ],
        [0.3289211 , 0.43949485, 0.3895973 , 0.33682442, 0.30826786,
         0.25655195, 0.35351384, 0.27189305, 0.37062225],
        [0.3290768 , 0.4395832 , 0.38795972, 0.33680582, 0.30948472,
         0.25654706, 0.35367313, 0.2713198 , 0.37027735]]], dtype=float32), array([[[0.27739653, 0.28222543, 0.28355095, 0.27893448, 0.2805969 ,
         0.27675012, 0.27947894, 0.2784889 , 0.27990976],
        [0.3121146 , 0.31164485, 0.30452305, 0.29987395, 0.28031322,
         0.29876015, 0.3047373 , 0.2848976 , 0.30151463],
        [0.32625726, 0.33433402, 0.31971723, 0.31609407, 0.2894254 ,
         0.3072097 , 0.31818408, 0.29239345, 0.31721988],
        [0.33369818, 0.35280654, 0.33284527, 0.32520694, 0.29405475,
         0.30621976, 0.32559234, 0.29491284, 0.32736313],
        [0.33524418, 0.36907652, 0.34483138, 0.33003756, 0.29564476,
         0.29960212, 0.33106807, 0.29386157, 0.33543265],
        [0.33186245, 0.3824096 , 0.35772112, 0.33017454, 0.29732412,
         0.2890603 , 0.33427715, 0.28902876, 0.34195203],
        [0.32702598, 0.39552703, 0.37090194, 0.3280129 , 0.29827818,
         0.2750747 , 0.33563623, 0.28217503, 0.3462587 ],
        [0.32237765, 0.407249  , 0.38257748, 0.32564902, 0.29791036,
         0.26217562, 0.336075  , 0.27467194, 0.3492414 ],
        [0.316091  , 0.41791818, 0.3930244 , 0.3227812 , 0.296292  ,
         0.24948473, 0.33608732, 0.2677198 , 0.35224947],
        [0.3096264 , 0.42852885, 0.40346056, 0.31937405, 0.29461157,
         0.23650225, 0.3356339 , 0.26011965, 0.35416567],
        [0.30115512, 0.43939793, 0.4155479 , 0.31377333, 0.292954  ,
         0.22175391, 0.3329159 , 0.2513577 , 0.3556106 ],
        [0.29342178, 0.44949558, 0.42630962, 0.3092951 , 0.2911998 ,
         0.2100029 , 0.33241802, 0.24429162, 0.35782743],
        [0.2871574 , 0.45790765, 0.434446  , 0.30589026, 0.2899432 ,
         0.20015123, 0.33340096, 0.23763663, 0.35942015],
        [0.28026438, 0.46602952, 0.44267252, 0.30183628, 0.28820282,
         0.1912631 , 0.33484674, 0.23166968, 0.36171404],
        [0.27278778, 0.47491398, 0.45112443, 0.29718852, 0.28629822,
         0.18256089, 0.33539876, 0.2255747 , 0.3626061 ],
        [0.2670263 , 0.48214775, 0.45771515, 0.29359788, 0.28469092,
         0.17489357, 0.33519033, 0.22083436, 0.3639839 ],
        [0.26181176, 0.48903167, 0.46331093, 0.29008242, 0.28372473,
         0.16805133, 0.33598378, 0.21631981, 0.36570168],
        [0.25833473, 0.49464518, 0.46650982, 0.28709468, 0.28195614,
         0.16291198, 0.33738154, 0.21337588, 0.36787665],
        [0.25419793, 0.49992952, 0.46999463, 0.2830269 , 0.28125918,
         0.15756874, 0.33698726, 0.20860136, 0.36978963],
        [0.25140676, 0.50458944, 0.47399184, 0.27907613, 0.28133768,
         0.15271254, 0.33783403, 0.20422055, 0.37060007],
        [0.24565476, 0.50978744, 0.4784616 , 0.2757664 , 0.280577  ,
         0.14702378, 0.3370677 , 0.19910431, 0.37242025],
        [0.24197046, 0.5149247 , 0.48337325, 0.27277395, 0.2789184 ,
         0.14255519, 0.3349439 , 0.19543199, 0.37284833],
        [0.23883289, 0.5201496 , 0.48703417, 0.27048656, 0.2784131 ,
         0.1388292 , 0.33438456, 0.1932056 , 0.37349692],
        [0.23811501, 0.5242487 , 0.48898238, 0.26865458, 0.27734837,
         0.13711426, 0.33473352, 0.19174518, 0.37375394],
        [0.23661806, 0.5297517 , 0.49189302, 0.26824608, 0.27599397,
         0.1348139 , 0.33319435, 0.19038275, 0.37364104],
        [0.23618972, 0.5328179 , 0.49282822, 0.2676765 , 0.27549446,
         0.13412163, 0.33287475, 0.19098818, 0.3744607 ],
        [0.23583947, 0.5359701 , 0.49326226, 0.2671579 , 0.27416778,
         0.13270642, 0.3313764 , 0.19038437, 0.37529448],
        [0.23516661, 0.5393035 , 0.49328354, 0.2666984 , 0.27298954,
         0.13147686, 0.33134148, 0.19111279, 0.3764387 ],
        [0.23489706, 0.54158276, 0.49362817, 0.26713207, 0.27305722,
         0.13150173, 0.3319417 , 0.19093646, 0.37774432],
        [0.234895  , 0.54207844, 0.49408427, 0.26721752, 0.27353737,
         0.13161956, 0.33280486, 0.1899907 , 0.37766352],
        [0.2349058 , 0.5426433 , 0.49435553, 0.26826024, 0.27458015,
         0.131717  , 0.334056  , 0.19019125, 0.3769821 ],
        [0.23576647, 0.54233056, 0.49469855, 0.26927993, 0.27583772,
         0.13298817, 0.3346732 , 0.19093488, 0.37703192]]], dtype=float32), array([[[0.27588   , 0.2830297 , 0.28560433, 0.27927744, 0.28049567,
         0.2754221 , 0.28007004, 0.27825037, 0.28067917],
        [0.30735752, 0.31463024, 0.30962873, 0.2992097 , 0.27930745,
         0.293948  , 0.305938  , 0.28302017, 0.30374584],
        [0.31738624, 0.3393662 , 0.32849398, 0.31352618, 0.2867918 ,
         0.29730287, 0.3190413 , 0.28760496, 0.31901625],
        [0.3204015 , 0.3601135 , 0.3463388 , 0.32108387, 0.29071912,
         0.29260457, 0.32497033, 0.28513932, 0.32940072],
        [0.31952143, 0.37841144, 0.36162788, 0.32370257, 0.29184332,
         0.2834905 , 0.3274505 , 0.27958357, 0.33653226],
        [0.3126903 , 0.39740843, 0.3786546 , 0.3217893 , 0.29168865,
         0.2680487 , 0.32778794, 0.26920918, 0.34225646],
        [0.30116916, 0.41795403, 0.39799368, 0.3145472 , 0.2886669 ,
         0.24602221, 0.32536572, 0.25598627, 0.34593162],
        [0.28488767, 0.4399873 , 0.41872415, 0.30369213, 0.28339934,
         0.22112745, 0.3216136 , 0.24027899, 0.3476045 ],
        [0.26716664, 0.46292776, 0.4415561 , 0.28870225, 0.27747107,
         0.19395144, 0.3170122 , 0.22224751, 0.34826878],
        [0.24526651, 0.48809752, 0.46817026, 0.27284306, 0.2701851 ,
         0.1651787 , 0.31083542, 0.20323773, 0.34757313],
        [0.22437058, 0.512842  , 0.49480605, 0.25546682, 0.261745  ,
         0.13877915, 0.30436513, 0.18468253, 0.34492293],
        [0.20663281, 0.5375299 , 0.5188626 , 0.24068348, 0.25403348,
         0.1180656 , 0.3008056 , 0.16855514, 0.3435932 ],
        [0.18730877, 0.56335   , 0.5421191 , 0.22561342, 0.24478331,
         0.09823088, 0.2974549 , 0.15317234, 0.34290484],
        [0.16976163, 0.5884109 , 0.56543505, 0.2121473 , 0.23693371,
         0.08158353, 0.29531574, 0.1392825 , 0.34298345],
        [0.15257344, 0.6153821 , 0.58850306, 0.19966589, 0.22839732,
         0.06722812, 0.29097408, 0.12608978, 0.34136668],
        [0.13659586, 0.6400757 , 0.61114967, 0.18759966, 0.22104968,
         0.05580115, 0.28747508, 0.11336827, 0.34092763],
        [0.12382805, 0.6632286 , 0.6319877 , 0.1779999 , 0.21503928,
         0.04690114, 0.2837511 , 0.10298757, 0.33887482],
        [0.11405395, 0.68352145, 0.65040267, 0.16930276, 0.21087322,
         0.04057317, 0.2795435 , 0.0946186 , 0.33687955],
        [0.10451328, 0.70386356, 0.66651756, 0.16147053, 0.20539133,
         0.03517038, 0.2745583 , 0.08737816, 0.33633262],
        [0.09717096, 0.72134477, 0.6802922 , 0.1547737 , 0.20117663,
         0.0311763 , 0.27108765, 0.08101451, 0.33768097],
        [0.09048729, 0.7375468 , 0.6929563 , 0.14779432, 0.1970059 ,
         0.02765296, 0.2670903 , 0.07475004, 0.3389814 ],
        [0.08408616, 0.7523501 , 0.70485663, 0.14119582, 0.19287825,
         0.02453029, 0.26403192, 0.06861194, 0.3403003 ],
        [0.07966091, 0.7646577 , 0.71527886, 0.13686797, 0.18869619,
         0.02241477, 0.260763  , 0.06441075, 0.34049994],
        [0.07547336, 0.7763387 , 0.7244486 , 0.13320608, 0.18483265,
         0.02069031, 0.2577407 , 0.06121904, 0.33976635],
        [0.0718498 , 0.7867462 , 0.73318917, 0.12968962, 0.1819896 ,
         0.01935591, 0.2546244 , 0.05841601, 0.3406047 ],
        [0.06843393, 0.7961259 , 0.74065274, 0.12614855, 0.17909436,
         0.01802851, 0.25182992, 0.05585525, 0.34043008],
        [0.06485234, 0.8046152 , 0.74801457, 0.12331785, 0.17699564,
         0.0167104 , 0.2493906 , 0.05343302, 0.34060603],
        [0.06103349, 0.81234896, 0.75467443, 0.12020706, 0.17451811,
         0.01536939, 0.24606684, 0.05062814, 0.33956134],
        [0.05816757, 0.81800884, 0.7609869 , 0.11771073, 0.17285018,
         0.01428827, 0.2431044 , 0.04800151, 0.33851135],
        [0.05617582, 0.8233371 , 0.76692617, 0.11513004, 0.17118087,
         0.01345962, 0.24113442, 0.04588163, 0.33708712],
        [0.0534776 , 0.82981426, 0.7731813 , 0.11228069, 0.16885842,
         0.01247175, 0.23753576, 0.04396463, 0.33621466],
        [0.05128287, 0.835072  , 0.77853674, 0.10899867, 0.16791908,
         0.01169552, 0.23496279, 0.04224848, 0.33565494]]], dtype=float32), array([[[2.74638623e-01, 2.84220904e-01, 2.85751224e-01, 2.76876897e-01,
         2.79391795e-01, 2.73034543e-01, 2.78541267e-01, 2.77237624e-01,
         2.80031502e-01],
        [3.02553624e-01, 3.17795843e-01, 3.13767523e-01, 2.92258412e-01,
         2.77149916e-01, 2.85201848e-01, 2.98879981e-01, 2.77720332e-01,
         3.00905883e-01],
        [3.05172831e-01, 3.47886324e-01, 3.40721071e-01, 2.99950123e-01,
         2.81609267e-01, 2.78598517e-01, 3.06151897e-01, 2.76612043e-01,
         3.12660158e-01],
        [2.97495216e-01, 3.75625908e-01, 3.69167089e-01, 2.96664327e-01,
         2.81164825e-01, 2.60011077e-01, 3.07862550e-01, 2.65822113e-01,
         3.18454921e-01],
        [2.76642084e-01, 4.09019142e-01, 4.05039996e-01, 2.83050686e-01,
         2.76468754e-01, 2.26491079e-01, 3.04242313e-01, 2.46144876e-01,
         3.18944097e-01],
        [2.47870252e-01, 4.46583003e-01, 4.46720809e-01, 2.63492435e-01,
         2.67139286e-01, 1.86373144e-01, 2.97145963e-01, 2.20906839e-01,
         3.15939128e-01],
        [2.14510679e-01, 4.89114314e-01, 4.94200081e-01, 2.38511279e-01,
         2.54061252e-01, 1.43894479e-01, 2.84977496e-01, 1.89591035e-01,
         3.10061842e-01],
        [1.78826168e-01, 5.36018193e-01, 5.43658614e-01, 2.10633054e-01,
         2.36616462e-01, 1.05747506e-01, 2.71207720e-01, 1.57942846e-01,
         3.02510113e-01],
        [1.44772619e-01, 5.88142693e-01, 5.94725311e-01, 1.81781366e-01,
         2.17119917e-01, 7.33094290e-02, 2.55742788e-01, 1.28220484e-01,
         2.92985737e-01],
        [1.13779724e-01, 6.42822802e-01, 6.44433677e-01, 1.53718129e-01,
         1.97975248e-01, 4.93554175e-02, 2.39452049e-01, 1.02062792e-01,
         2.82068580e-01],
        [8.72926190e-02, 6.97073400e-01, 6.91368878e-01, 1.27965450e-01,
         1.78930759e-01, 3.27548869e-02, 2.20498726e-01, 7.93926939e-02,
         2.69614071e-01],
        [6.72261268e-02, 7.46322930e-01, 7.33434260e-01, 1.06696092e-01,
         1.61627591e-01, 2.20204853e-02, 2.02602714e-01, 6.19177260e-02,
         2.56166548e-01],
        [5.18765859e-02, 7.90623307e-01, 7.71058500e-01, 8.85627344e-02,
         1.45102486e-01, 1.49965258e-02, 1.84697509e-01, 4.81647886e-02,
         2.43722290e-01],
        [4.01511341e-02, 8.27842414e-01, 8.04050207e-01, 7.41514117e-02,
         1.31170616e-01, 1.04993246e-02, 1.69378817e-01, 3.79679389e-02,
         2.31908426e-01],
        [3.17236371e-02, 8.58332455e-01, 8.32917154e-01, 6.27591833e-02,
         1.18504785e-01, 7.50490744e-03, 1.54713944e-01, 3.03127375e-02,
         2.20099032e-01],
        [2.58155111e-02, 8.82596910e-01, 8.57112646e-01, 5.41994162e-02,
         1.08716302e-01, 5.66735631e-03, 1.42165512e-01, 2.47610863e-02,
         2.09939271e-01],
        [2.16102749e-02, 9.01025891e-01, 8.76731396e-01, 4.76440452e-02,
         1.00555860e-01, 4.42035869e-03, 1.32115677e-01, 2.07287725e-02,
         2.01438338e-01],
        [1.81979053e-02, 9.15390253e-01, 8.93365204e-01, 4.23567034e-02,
         9.38711688e-02, 3.53850308e-03, 1.23267978e-01, 1.77557915e-02,
         1.94317132e-01],
        [1.58598237e-02, 9.26161706e-01, 9.07044649e-01, 3.87124494e-02,
         8.85443762e-02, 2.95322738e-03, 1.16167635e-01, 1.55694317e-02,
         1.87964067e-01],
        [1.37859806e-02, 9.34651494e-01, 9.18496609e-01, 3.53006646e-02,
         8.35919753e-02, 2.44873506e-03, 1.08470403e-01, 1.37652140e-02,
         1.81716993e-01],
        [1.22768218e-02, 9.41180944e-01, 9.28044558e-01, 3.23664397e-02,
         7.99575225e-02, 2.08216882e-03, 1.02626294e-01, 1.23874722e-02,
         1.76613346e-01],
        [1.10743223e-02, 9.46198642e-01, 9.36105847e-01, 3.02937906e-02,
         7.68726543e-02, 1.82183238e-03, 9.82629359e-02, 1.12859914e-02,
         1.72128424e-01],
        [1.02228727e-02, 9.50384080e-01, 9.42625582e-01, 2.85235532e-02,
         7.44576156e-02, 1.62493542e-03, 9.45908651e-02, 1.04281884e-02,
         1.68261856e-01],
        [9.57123656e-03, 9.53550398e-01, 9.48028505e-01, 2.71718521e-02,
         7.21924081e-02, 1.48015632e-03, 9.13993418e-02, 9.84468404e-03,
         1.64619386e-01],
        [8.98445956e-03, 9.55830455e-01, 9.52547252e-01, 2.58490089e-02,
         7.03590140e-02, 1.34532037e-03, 8.84646922e-02, 9.25582182e-03,
         1.61932737e-01],
        [8.55432823e-03, 9.57762599e-01, 9.56403315e-01, 2.49307174e-02,
         6.88040480e-02, 1.25507999e-03, 8.62478092e-02, 8.79568886e-03,
         1.59791276e-01],
        [8.12262110e-03, 9.59572613e-01, 9.59606647e-01, 2.41015051e-02,
         6.71300516e-02, 1.17132557e-03, 8.42348635e-02, 8.46687704e-03,
         1.57716393e-01],
        [7.86757562e-03, 9.60861027e-01, 9.62191164e-01, 2.32880935e-02,
         6.60659820e-02, 1.09890429e-03, 8.22431296e-02, 8.20011925e-03,
         1.56750411e-01],
        [7.58247823e-03, 9.62091744e-01, 9.64348853e-01, 2.26849709e-02,
         6.48937821e-02, 1.04978925e-03, 8.10848325e-02, 7.92466663e-03,
         1.54621050e-01],
        [7.30613200e-03, 9.63441133e-01, 9.66335237e-01, 2.22183578e-02,
         6.37199506e-02, 9.95167182e-04, 7.98181146e-02, 7.68744294e-03,
         1.53402701e-01],
        [7.13589787e-03, 9.64354753e-01, 9.67829525e-01, 2.17325892e-02,
         6.27620667e-02, 9.59389086e-04, 7.89123401e-02, 7.52495229e-03,
         1.52351588e-01],
        [6.99051470e-03, 9.65252459e-01, 9.69125330e-01, 2.13426799e-02,
         6.19639792e-02, 9.22237581e-04, 7.83417150e-02, 7.35815288e-03,
         1.51664227e-01]]], dtype=float32), array([[[2.73788750e-01, 2.85723180e-01, 2.87659258e-01, 2.76603103e-01,
         2.77000725e-01, 2.71364659e-01, 2.76380092e-01, 2.75577068e-01,
         2.78788298e-01],
        [3.01525176e-01, 3.20611030e-01, 3.16637844e-01, 2.91736782e-01,
         2.71608293e-01, 2.84985393e-01, 2.96177685e-01, 2.75350094e-01,
         2.96493441e-01],
        [3.02092820e-01, 3.52929771e-01, 3.47311884e-01, 2.95527399e-01,
         2.72005916e-01, 2.76450425e-01, 2.99674481e-01, 2.70411938e-01,
         3.04111540e-01],
        [2.87685126e-01, 3.86036098e-01, 3.83555233e-01, 2.86075115e-01,
         2.65445501e-01, 2.50911057e-01, 2.94061869e-01, 2.54173964e-01,
         3.02099377e-01],
        [2.60509729e-01, 4.24824715e-01, 4.28286999e-01, 2.66115963e-01,
         2.51391828e-01, 2.11167037e-01, 2.82276154e-01, 2.29561836e-01,
         2.93261945e-01],
        [2.23736316e-01, 4.70174223e-01, 4.80433345e-01, 2.36594349e-01,
         2.32713550e-01, 1.64632961e-01, 2.64767945e-01, 1.98348746e-01,
         2.77610749e-01],
        [1.78539827e-01, 5.26987851e-01, 5.44281304e-01, 1.98999673e-01,
         2.08431184e-01, 1.14612937e-01, 2.40793914e-01, 1.60381287e-01,
         2.54117161e-01],
        [1.32785127e-01, 5.91538489e-01, 6.12680554e-01, 1.58695772e-01,
         1.81056023e-01, 7.25284368e-02, 2.13135943e-01, 1.23095378e-01,
         2.25802094e-01],
        [9.02241021e-02, 6.65190876e-01, 6.84192836e-01, 1.18865579e-01,
         1.50085926e-01, 4.07755151e-02, 1.78509578e-01, 8.72517973e-02,
         1.92388296e-01],
        [5.87319843e-02, 7.38065243e-01, 7.51183808e-01, 8.53567347e-02,
         1.21135674e-01, 2.21849177e-02, 1.46183029e-01, 5.94601743e-02,
         1.60225183e-01],
        [3.70044746e-02, 8.04847717e-01, 8.10845673e-01, 5.93875684e-02,
         9.55560654e-02, 1.16389645e-02, 1.14838667e-01, 3.88118401e-02,
         1.28551081e-01],
        [2.33716220e-02, 8.58893692e-01, 8.60183716e-01, 4.12508994e-02,
         7.52651393e-02, 6.31105341e-03, 8.99061784e-02, 2.52210665e-02,
         1.01629183e-01],
        [1.52260996e-02, 8.98965359e-01, 8.98532689e-01, 2.94502471e-02,
         5.97106256e-02, 3.65196564e-03, 7.06982538e-02, 1.71144065e-02,
         8.12528729e-02],
        [1.05909640e-02, 9.26862717e-01, 9.26678658e-01, 2.20679380e-02,
         4.88787927e-02, 2.32235249e-03, 5.73254786e-02, 1.24075906e-02,
         6.70391247e-02],
        [7.79628986e-03, 9.45421159e-01, 9.46919382e-01, 1.73103660e-02,
         4.13559042e-02, 1.58655678e-03, 4.73882779e-02, 9.59214941e-03,
         5.69441393e-02],
        [6.09475700e-03, 9.57542419e-01, 9.61016297e-01, 1.42125618e-02,
         3.59587669e-02, 1.17633690e-03, 4.04274575e-02, 7.83442799e-03,
         4.95575815e-02],
        [5.02422079e-03, 9.65452313e-01, 9.70715821e-01, 1.21165328e-02,
         3.23568732e-02, 9.34831973e-04, 3.58900949e-02, 6.71963068e-03,
         4.48938049e-02],
        [4.33657039e-03, 9.70627248e-01, 9.77338672e-01, 1.07819149e-02,
         2.96323039e-02, 7.84165866e-04, 3.28118354e-02, 6.00022124e-03,
         4.15802933e-02],
        [3.81379644e-03, 9.74182904e-01, 9.82147157e-01, 9.66982264e-03,
         2.75534000e-02, 6.70209760e-04, 2.99944468e-02, 5.45096723e-03,
         3.88397612e-02],
        [3.42011475e-03, 9.76660371e-01, 9.85475004e-01, 8.89491104e-03,
         2.61456855e-02, 5.95018151e-04, 2.81911790e-02, 5.04645240e-03,
         3.68375145e-02],
        [3.18049919e-03, 9.78373528e-01, 9.87782419e-01, 8.37527961e-03,
         2.51384508e-02, 5.45448216e-04, 2.66868398e-02, 4.75101126e-03,
         3.55144702e-02],
        [2.95254914e-03, 9.79806662e-01, 9.89525735e-01, 7.89524615e-03,
         2.42566373e-02, 4.97218047e-04, 2.54450832e-02, 4.49356856e-03,
         3.41101475e-02],
        [2.79516005e-03, 9.80701029e-01, 9.90824044e-01, 7.55162351e-03,
         2.36641057e-02, 4.68415878e-04, 2.46464256e-02, 4.30255756e-03,
         3.32920328e-02],
        [2.67719850e-03, 9.81261134e-01, 9.91762996e-01, 7.29897479e-03,
         2.31303126e-02, 4.45464015e-04, 2.40981057e-02, 4.17061942e-03,
         3.26161534e-02],
        [2.54999683e-03, 9.81796443e-01, 9.92510796e-01, 7.09978491e-03,
         2.26682872e-02, 4.24503174e-04, 2.34920327e-02, 4.05456312e-03,
         3.20683010e-02],
        [2.47536623e-03, 9.82225716e-01, 9.93044138e-01, 6.96000922e-03,
         2.22414508e-02, 4.08912892e-04, 2.31967159e-02, 3.94539675e-03,
         3.17168348e-02],
        [2.39787064e-03, 9.82657850e-01, 9.93472397e-01, 6.82957564e-03,
         2.18221918e-02, 3.91526992e-04, 2.25058608e-02, 3.87278525e-03,
         3.11892834e-02],
        [2.33200612e-03, 9.82946217e-01, 9.93884027e-01, 6.69861492e-03,
         2.15974841e-02, 3.81326798e-04, 2.21097805e-02, 3.77420266e-03,
         3.06738745e-02],
        [2.28625676e-03, 9.83147383e-01, 9.94143128e-01, 6.58559147e-03,
         2.14534122e-02, 3.72863258e-04, 2.18397211e-02, 3.73479445e-03,
         3.05083357e-02],
        [2.24941503e-03, 9.83301342e-01, 9.94359255e-01, 6.52034068e-03,
         2.12166365e-02, 3.63206433e-04, 2.15851329e-02, 3.69918486e-03,
         3.02304830e-02],
        [2.22037826e-03, 9.83536303e-01, 9.94544089e-01, 6.46544201e-03,
         2.11154744e-02, 3.57395300e-04, 2.12411191e-02, 3.65882460e-03,
         3.00152507e-02],
        [2.18546437e-03, 9.83644485e-01, 9.94704843e-01, 6.37943577e-03,
         2.10080110e-02, 3.52173840e-04, 2.10024416e-02, 3.62992357e-03,
         2.97174081e-02]]], dtype=float32), array([[[2.6637524e-01, 2.8927135e-01, 2.9569268e-01, 2.7059844e-01,
         2.7290174e-01, 2.6235697e-01, 2.7122113e-01, 2.6878315e-01,
         2.7390707e-01],
        [2.7702039e-01, 3.3481497e-01, 3.4272745e-01, 2.7167344e-01,
         2.5743151e-01, 2.5433886e-01, 2.7919227e-01, 2.5481501e-01,
         2.8098744e-01],
        [2.5218326e-01, 3.8420609e-01, 4.0362471e-01, 2.5549763e-01,
         2.4456412e-01, 2.1545294e-01, 2.6590377e-01, 2.3124120e-01,
         2.7059677e-01],
        [2.0544107e-01, 4.4454101e-01, 4.8212561e-01, 2.1999779e-01,
         2.1785697e-01, 1.5559930e-01, 2.3729216e-01, 1.9077836e-01,
         2.4282041e-01],
        [1.4664982e-01, 5.2083969e-01, 5.7510525e-01, 1.7025112e-01,
         1.7900668e-01, 9.3483508e-02, 1.9841902e-01, 1.4108661e-01,
         2.0031255e-01],
        [8.5370332e-02, 6.1923993e-01, 6.8052536e-01, 1.1273442e-01,
         1.3066049e-01, 4.2945277e-02, 1.4616495e-01, 8.7769344e-02,
         1.4435355e-01],
        [4.1796111e-02, 7.2594637e-01, 7.7823329e-01, 6.4617246e-02,
         8.5198790e-02, 1.6312636e-02, 9.5223717e-02, 4.7009539e-02,
         9.0790175e-02],
        [1.8949369e-02, 8.1954014e-01, 8.5540789e-01, 3.4285974e-02,
         5.2085184e-02, 5.9386021e-03, 5.7210721e-02, 2.3602659e-02,
         5.2157011e-02],
        [9.1719553e-03, 8.8723397e-01, 9.0957487e-01, 1.8800462e-02,
         3.2349326e-02, 2.4724726e-03, 3.4509730e-02, 1.2493984e-02,
         3.0100429e-02],
        [5.0802166e-03, 9.2986310e-01, 9.4490349e-01, 1.1322636e-02,
         2.1497918e-02, 1.2288176e-03, 2.1970997e-02, 7.4120187e-03,
         1.8574575e-02],
        [3.2673550e-03, 9.5494819e-01, 9.6639270e-01, 7.6706209e-03,
         1.5803175e-02, 7.4500300e-04, 1.5764089e-02, 5.1355525e-03,
         1.2926328e-02],
        [2.4163050e-03, 9.6865487e-01, 9.7902030e-01, 5.8504310e-03,
         1.2712205e-02, 5.3851848e-04, 1.2463495e-02, 4.0562521e-03,
         1.0045906e-02],
        [1.9454090e-03, 9.7660196e-01, 9.8641121e-01, 4.8084422e-03,
         1.0739252e-02, 4.2528776e-04, 1.0428185e-02, 3.4484253e-03,
         8.4012514e-03],
        [1.6612237e-03, 9.8113137e-01, 9.9076426e-01, 4.1600592e-03,
         9.4840638e-03, 3.5683825e-04, 9.1678770e-03, 3.0731377e-03,
         7.3150569e-03],
        [1.4694887e-03, 9.8366946e-01, 9.9333423e-01, 3.7125044e-03,
         8.7402975e-03, 3.1873243e-04, 8.4236683e-03, 2.8210089e-03,
         6.6100680e-03],
        [1.3612199e-03, 9.8517394e-01, 9.9486947e-01, 3.4736430e-03,
         8.1480304e-03, 2.8906198e-04, 7.8261262e-03, 2.6794153e-03,
         6.1447895e-03],
        [1.2789306e-03, 9.8621815e-01, 9.9582767e-01, 3.2905138e-03,
         7.7911466e-03, 2.7105675e-04, 7.4511161e-03, 2.5510311e-03,
         5.8135032e-03],
        [1.2175441e-03, 9.8693329e-01, 9.9643308e-01, 3.1378297e-03,
         7.4623926e-03, 2.5646645e-04, 7.1082232e-03, 2.4560103e-03,
         5.5356543e-03],
        [1.1682420e-03, 9.8730808e-01, 9.9681681e-01, 3.0332333e-03,
         7.2592911e-03, 2.4739665e-04, 6.8804789e-03, 2.4014730e-03,
         5.3336420e-03],
        [1.1322914e-03, 9.8754156e-01, 9.9707514e-01, 2.9621359e-03,
         7.1431436e-03, 2.4127228e-04, 6.7290515e-03, 2.3499050e-03,
         5.2100858e-03],
        [1.1115151e-03, 9.8772144e-01, 9.9723113e-01, 2.9224290e-03,
         7.0393188e-03, 2.3547518e-04, 6.6105868e-03, 2.3217555e-03,
         5.1134690e-03],
        [1.0966110e-03, 9.8789024e-01, 9.9734908e-01, 2.8730114e-03,
         6.9410517e-03, 2.3013070e-04, 6.4785210e-03, 2.2853883e-03,
         5.0531295e-03],
        [1.0796720e-03, 9.8789519e-01, 9.9744624e-01, 2.8518362e-03,
         6.8952288e-03, 2.2630538e-04, 6.4455378e-03, 2.2734471e-03,
         4.9780272e-03],
        [1.0604238e-03, 9.8790318e-01, 9.9750686e-01, 2.8197139e-03,
         6.8167192e-03, 2.2327293e-04, 6.3613458e-03, 2.2485571e-03,
         4.9150186e-03],
        [1.0584961e-03, 9.8799276e-01, 9.9752587e-01, 2.8114691e-03,
         6.8222946e-03, 2.2211387e-04, 6.3288719e-03, 2.2441505e-03,
         4.9330038e-03],
        [1.0480280e-03, 9.8808241e-01, 9.9757391e-01, 2.8006837e-03,
         6.8203905e-03, 2.2173081e-04, 6.3171149e-03, 2.2241974e-03,
         4.8633507e-03],
        [1.0487052e-03, 9.8807919e-01, 9.9758279e-01, 2.7975342e-03,
         6.8094418e-03, 2.2031889e-04, 6.2659928e-03, 2.2167466e-03,
         4.8566726e-03],
        [1.0381435e-03, 9.8814964e-01, 9.9760622e-01, 2.7849015e-03,
         6.7582135e-03, 2.1922856e-04, 6.2140306e-03, 2.2023683e-03,
         4.8302501e-03],
        [1.0234094e-03, 9.8812127e-01, 9.9764270e-01, 2.7685920e-03,
         6.7479527e-03, 2.1796297e-04, 6.2039779e-03, 2.1855291e-03,
         4.8036231e-03],
        [1.0333346e-03, 9.8818845e-01, 9.9763983e-01, 2.7605880e-03,
         6.7079938e-03, 2.1637874e-04, 6.1672060e-03, 2.1779211e-03,
         4.8183305e-03],
        [1.0205876e-03, 9.8819298e-01, 9.9766213e-01, 2.7499010e-03,
         6.6902176e-03, 2.1617416e-04, 6.1355508e-03, 2.1744636e-03,
         4.7839433e-03],
        [1.0178820e-03, 9.8817003e-01, 9.9766898e-01, 2.7512410e-03,
         6.7005646e-03, 2.1528556e-04, 6.1487621e-03, 2.1730522e-03,
         4.7897450e-03]]], dtype=float32), array([[[2.69854188e-01, 2.86682904e-01, 2.90624768e-01, 2.75181621e-01,
         2.74931192e-01, 2.68802047e-01, 2.73855805e-01, 2.72337556e-01,
         2.75447905e-01],
        [2.87265003e-01, 3.26354384e-01, 3.30221891e-01, 2.81692654e-01,
         2.62749046e-01, 2.70487010e-01, 2.84796357e-01, 2.63057947e-01,
         2.84769863e-01],
        [2.68365264e-01, 3.69064748e-01, 3.81703407e-01, 2.70398438e-01,
         2.51017004e-01, 2.40384609e-01, 2.73418486e-01, 2.44257361e-01,
         2.75192052e-01],
        [2.24223688e-01, 4.23050463e-01, 4.53263044e-01, 2.34618694e-01,
         2.23359421e-01, 1.82762742e-01, 2.42614806e-01, 2.05815688e-01,
         2.46349186e-01],
        [1.58485815e-01, 4.97723371e-01, 5.51530480e-01, 1.77631631e-01,
         1.78737998e-01, 1.09893098e-01, 1.91782579e-01, 1.49928153e-01,
         1.94186196e-01],
        [9.01263505e-02, 5.97780526e-01, 6.67698562e-01, 1.11300014e-01,
         1.23523414e-01, 4.97322790e-02, 1.29614294e-01, 9.00722370e-02,
         1.27428800e-01],
        [3.86556461e-02, 7.16186941e-01, 7.81231999e-01, 5.54871894e-02,
         6.99598044e-02, 1.63200684e-02, 6.99621886e-02, 4.26681824e-02,
         6.54904246e-02],
        [1.43684465e-02, 8.24502707e-01, 8.68738353e-01, 2.38985568e-02,
         3.41089703e-02, 4.73961467e-03, 3.20946611e-02, 1.76093876e-02,
         2.79670786e-02],
        [5.76414680e-03, 8.98982406e-01, 9.25632536e-01, 1.07238442e-02,
         1.69395059e-02, 1.63057481e-03, 1.51600102e-02, 7.78110605e-03,
         1.21338749e-02],
        [2.85448437e-03, 9.41539526e-01, 9.59021330e-01, 5.73631795e-03,
         9.55708325e-03, 7.39807379e-04, 8.43837205e-03, 4.25732462e-03,
         6.22644229e-03],
        [1.73323986e-03, 9.64393139e-01, 9.77460861e-01, 3.69936111e-03,
         6.30896306e-03, 4.37202747e-04, 5.54367714e-03, 2.87313154e-03,
         3.84584954e-03],
        [1.24291156e-03, 9.76289153e-01, 9.87315118e-01, 2.75407638e-03,
         4.70314920e-03, 3.07544833e-04, 4.12951130e-03, 2.23167893e-03,
         2.73707020e-03],
        [9.98644973e-04, 9.82725739e-01, 9.92520213e-01, 2.24566739e-03,
         3.85023258e-03, 2.45959527e-04, 3.38632218e-03, 1.89566996e-03,
         2.16525304e-03],
        [8.63563153e-04, 9.86086965e-01, 9.95244443e-01, 1.98018085e-03,
         3.38730682e-03, 2.13525258e-04, 2.97628623e-03, 1.71880180e-03,
         1.86290976e-03],
        [7.76076398e-04, 9.87987936e-01, 9.96710956e-01, 1.80722820e-03,
         3.05625633e-03, 1.90024948e-04, 2.68933433e-03, 1.59008196e-03,
         1.66220998e-03],
        [7.29530992e-04, 9.89067554e-01, 9.97494340e-01, 1.70760718e-03,
         2.86957761e-03, 1.78282979e-04, 2.51710485e-03, 1.51852670e-03,
         1.54179416e-03],
        [6.89288601e-04, 9.89746213e-01, 9.97940779e-01, 1.63151638e-03,
         2.72696838e-03, 1.67898485e-04, 2.38696346e-03, 1.45582203e-03,
         1.45920319e-03],
        [6.65279280e-04, 9.90088582e-01, 9.98184919e-01, 1.58321089e-03,
         2.63884943e-03, 1.61763688e-04, 2.30773026e-03, 1.42185867e-03,
         1.40373688e-03],
        [6.46093045e-04, 9.90326524e-01, 9.98333097e-01, 1.55445246e-03,
         2.56916299e-03, 1.57254399e-04, 2.25206069e-03, 1.39602879e-03,
         1.36150036e-03],
        [6.34147553e-04, 9.90462840e-01, 9.98415470e-01, 1.52788183e-03,
         2.51760287e-03, 1.52691922e-04, 2.18614913e-03, 1.38081482e-03,
         1.33392552e-03],
        [6.27429981e-04, 9.90606487e-01, 9.98456419e-01, 1.51705404e-03,
         2.50416063e-03, 1.52607288e-04, 2.16633501e-03, 1.36955420e-03,
         1.31694658e-03],
        [6.17314014e-04, 9.90671515e-01, 9.98501122e-01, 1.49994926e-03,
         2.47981446e-03, 1.50986220e-04, 2.15309695e-03, 1.35135790e-03,
         1.30661647e-03],
        [6.07929484e-04, 9.90767181e-01, 9.98525798e-01, 1.48127344e-03,
         2.45039724e-03, 1.49103362e-04, 2.13332637e-03, 1.34172593e-03,
         1.28892832e-03],
        [6.08088390e-04, 9.90755379e-01, 9.98535275e-01, 1.48530863e-03,
         2.43558805e-03, 1.47894927e-04, 2.12713634e-03, 1.33766246e-03,
         1.29362312e-03],
        [6.04253437e-04, 9.90815520e-01, 9.98544574e-01, 1.47369294e-03,
         2.41815741e-03, 1.47051047e-04, 2.09971075e-03, 1.33220607e-03,
         1.27587852e-03],
        [5.99663239e-04, 9.90888655e-01, 9.98557985e-01, 1.46821688e-03,
         2.40633264e-03, 1.45667655e-04, 2.09054747e-03, 1.32631545e-03,
         1.27262354e-03],
        [5.99372783e-04, 9.90848660e-01, 9.98554111e-01, 1.47580402e-03,
         2.41363491e-03, 1.46463368e-04, 2.09722505e-03, 1.32656924e-03,
         1.27847877e-03],
        [5.99794730e-04, 9.90874410e-01, 9.98563886e-01, 1.47109164e-03,
         2.41867732e-03, 1.46009552e-04, 2.09763600e-03, 1.32844783e-03,
         1.27829751e-03],
        [5.94297540e-04, 9.90829408e-01, 9.98575449e-01, 1.47077662e-03,
         2.40892824e-03, 1.45218524e-04, 2.09599407e-03, 1.32064440e-03,
         1.27375475e-03],
        [5.95188641e-04, 9.90838170e-01, 9.98571038e-01, 1.46974006e-03,
         2.40512961e-03, 1.44355421e-04, 2.08536233e-03, 1.31942506e-03,
         1.27070583e-03],
        [5.96443191e-04, 9.90853548e-01, 9.98569012e-01, 1.47715479e-03,
         2.41732248e-03, 1.45620754e-04, 2.09851447e-03, 1.32022239e-03,
         1.27461634e-03],
        [5.93206263e-04, 9.90894318e-01, 9.98574972e-01, 1.46015163e-03,
         2.40155822e-03, 1.44197285e-04, 2.09785788e-03, 1.31988875e-03,
         1.26822724e-03]]], dtype=float32), array([[[2.65408903e-01, 2.89678395e-01, 2.97101140e-01, 2.68895537e-01,
         2.70534515e-01, 2.61932850e-01, 2.66259998e-01, 2.67915994e-01,
         2.70463228e-01],
        [2.66007960e-01, 3.38716030e-01, 3.54043543e-01, 2.61638552e-01,
         2.47532114e-01, 2.44948804e-01, 2.62357086e-01, 2.45034710e-01,
         2.67353892e-01],
        [2.21234798e-01, 3.97842616e-01, 4.35469091e-01, 2.28585929e-01,
         2.17176780e-01, 1.87485069e-01, 2.29431018e-01, 2.04726085e-01,
         2.36187711e-01],
        [1.43717960e-01, 4.84682173e-01, 5.56353867e-01, 1.61441788e-01,
         1.59639150e-01, 1.02409489e-01, 1.65128887e-01, 1.36318505e-01,
         1.71561167e-01],
        [6.49323985e-02, 6.06433213e-01, 6.98143899e-01, 8.42706263e-02,
         9.04828981e-02, 3.53323817e-02, 8.98521915e-02, 6.72968924e-02,
         9.25275832e-02],
        [2.07444746e-02, 7.44782150e-01, 8.21035624e-01, 3.16762663e-02,
         3.81533876e-02, 8.27197358e-03, 3.49232815e-02, 2.38438603e-02,
         3.38669755e-02],
        [6.16076915e-03, 8.55289638e-01, 9.03042138e-01, 1.07165389e-02,
         1.41925896e-02, 1.93472137e-03, 1.18333874e-02, 7.80231366e-03,
         1.03835659e-02],
        [2.24773283e-03, 9.21699405e-01, 9.50327516e-01, 4.25187638e-03,
         5.90522494e-03, 6.21639658e-04, 4.66521503e-03, 3.15070967e-03,
         3.65986302e-03],
        [1.15006475e-03, 9.56219018e-01, 9.75114763e-01, 2.26560654e-03,
         3.18830577e-03, 3.02905217e-04, 2.46846909e-03, 1.76226371e-03,
         1.77178346e-03],
        [7.57640868e-04, 9.73653913e-01, 9.87415552e-01, 1.55279518e-03,
         2.14221538e-03, 1.97196030e-04, 1.67299132e-03, 1.27673242e-03,
         1.12270983e-03],
        [5.98054146e-04, 9.82403457e-01, 9.93380904e-01, 1.24652334e-03,
         1.67819508e-03, 1.55388858e-04, 1.31170626e-03, 1.05670863e-03,
         8.46891257e-04],
        [5.14745945e-04, 9.86833394e-01, 9.96260881e-01, 1.08569581e-03,
         1.44129083e-03, 1.33806956e-04, 1.13293156e-03, 9.46454471e-04,
         7.11558852e-04],
        [4.67222912e-04, 9.89154696e-01, 9.97653663e-01, 1.00131019e-03,
         1.30123296e-03, 1.21789177e-04, 1.02175935e-03, 8.79285100e-04,
         6.37203339e-04],
        [4.37551236e-04, 9.90356684e-01, 9.98344243e-01, 9.50444723e-04,
         1.21627096e-03, 1.13254035e-04, 9.57507291e-04, 8.42802518e-04,
         5.95295045e-04],
        [4.22154466e-04, 9.90974009e-01, 9.98674095e-01, 9.27365501e-04,
         1.17787428e-03, 1.09872468e-04, 9.23955638e-04, 8.20770219e-04,
         5.73689525e-04],
        [4.08853346e-04, 9.91394103e-01, 9.98860598e-01, 9.01524443e-04,
         1.13113748e-03, 1.05820312e-04, 8.91481410e-04, 8.01331189e-04,
         5.50956407e-04],
        [4.01781843e-04, 9.91563141e-01, 9.98947978e-01, 8.86276655e-04,
         1.11427915e-03, 1.03957798e-04, 8.79698375e-04, 7.90996244e-04,
         5.42947790e-04],
        [3.99148936e-04, 9.91646469e-01, 9.98987794e-01, 8.88933660e-04,
         1.10906165e-03, 1.03480430e-04, 8.71995988e-04, 7.87785626e-04,
         5.40392473e-04],
        [3.94844479e-04, 9.91752028e-01, 9.99014258e-01, 8.80339532e-04,
         1.09824503e-03, 1.01996746e-04, 8.57937557e-04, 7.81239418e-04,
         5.35543833e-04],
        [3.93956376e-04, 9.91748214e-01, 9.99023199e-01, 8.81115149e-04,
         1.09450601e-03, 1.01936552e-04, 8.56077066e-04, 7.78752146e-04,
         5.37652930e-04],
        [3.90958274e-04, 9.91764545e-01, 9.99029040e-01, 8.82194785e-04,
         1.08983589e-03, 1.01140373e-04, 8.54815124e-04, 7.78693648e-04,
         5.38467604e-04],
        [3.89584893e-04, 9.91807759e-01, 9.99035060e-01, 8.82070104e-04,
         1.08913833e-03, 1.01307043e-04, 8.54194863e-04, 7.76613189e-04,
         5.37004962e-04],
        [3.89202556e-04, 9.91819978e-01, 9.99038458e-01, 8.81692511e-04,
         1.08607509e-03, 1.01096390e-04, 8.48766416e-04, 7.74443790e-04,
         5.36411302e-04],
        [3.86974658e-04, 9.91827190e-01, 9.99044359e-01, 8.75529309e-04,
         1.08398870e-03, 1.00166850e-04, 8.51285527e-04, 7.72604661e-04,
         5.34628809e-04],
        [3.86173924e-04, 9.91821647e-01, 9.99048114e-01, 8.76424951e-04,
         1.07886246e-03, 1.00289071e-04, 8.47934687e-04, 7.70378043e-04,
         5.32336184e-04],
        [3.85663647e-04, 9.91810620e-01, 9.99047279e-01, 8.72115139e-04,
         1.08292943e-03, 1.00211160e-04, 8.49254895e-04, 7.72271771e-04,
         5.31972444e-04],
        [3.84920248e-04, 9.91816461e-01, 9.99048948e-01, 8.76403123e-04,
         1.07337371e-03, 9.94448055e-05, 8.38138454e-04, 7.69396021e-04,
         5.30502293e-04],
        [3.87246429e-04, 9.91812766e-01, 9.99045849e-01, 8.80265085e-04,
         1.07913453e-03, 1.00165009e-04, 8.47024261e-04, 7.71026826e-04,
         5.32190606e-04],
        [3.85384250e-04, 9.91828561e-01, 9.99051571e-01, 8.76495324e-04,
         1.07512262e-03, 9.92802597e-05, 8.41628469e-04, 7.68534141e-04,
         5.31692116e-04],
        [3.83524224e-04, 9.91848111e-01, 9.99054015e-01, 8.71812110e-04,
         1.07550411e-03, 9.92791101e-05, 8.43740185e-04, 7.65514153e-04,
         5.30186866e-04],
        [3.85607040e-04, 9.91840959e-01, 9.99050021e-01, 8.77326762e-04,
         1.07389688e-03, 9.92048663e-05, 8.40830267e-04, 7.67856429e-04,
         5.30937803e-04],
        [3.87985347e-04, 9.91843581e-01, 9.99044538e-01, 8.79587722e-04,
         1.07468804e-03, 9.95380615e-05, 8.41830857e-04, 7.67574995e-04,
         5.34322113e-04]]], dtype=float32), array([[[2.6946607e-01, 2.8662974e-01, 2.9320410e-01, 2.7173567e-01,
         2.7375606e-01, 2.6624918e-01, 2.7085158e-01, 2.7128220e-01,
         2.7296764e-01],
        [2.7272883e-01, 3.3136848e-01, 3.4714180e-01, 2.6664233e-01,
         2.5090316e-01, 2.5131842e-01, 2.6790169e-01, 2.5077614e-01,
         2.6996142e-01],
        [2.2768496e-01, 3.8612357e-01, 4.2808869e-01, 2.3103528e-01,
         2.1768285e-01, 1.9275439e-01, 2.3002887e-01, 2.0858209e-01,
         2.3758584e-01],
        [1.5207449e-01, 4.6362337e-01, 5.4535949e-01, 1.6299832e-01,
         1.6044359e-01, 1.0950607e-01, 1.6367088e-01, 1.4200194e-01,
         1.7341091e-01],
        [6.7417495e-02, 5.8147657e-01, 6.9474441e-01, 8.0509529e-02,
         8.5668512e-02, 3.6406375e-02, 8.0576271e-02, 6.6550076e-02,
         8.6994626e-02],
        [1.8619308e-02, 7.2931057e-01, 8.2711405e-01, 2.5463019e-02,
         3.0101616e-02, 7.1912580e-03, 2.4626685e-02, 1.9750126e-02,
         2.6449390e-02],
        [4.4480292e-03, 8.5138261e-01, 9.1141778e-01, 6.8348949e-03,
         8.7379264e-03, 1.3300591e-03, 6.4343782e-03, 5.0907144e-03,
         6.2347045e-03],
        [1.4270693e-03, 9.2156130e-01, 9.5717669e-01, 2.3802056e-03,
         3.0715803e-03, 3.8177933e-04, 2.1666081e-03, 1.7804450e-03,
         1.8346517e-03],
        [7.1607844e-04, 9.5647019e-01, 9.7973859e-01, 1.2536983e-03,
         1.5690204e-03, 1.8626580e-04, 1.1044355e-03, 9.7865914e-04,
         8.4516942e-04],
        [4.8775523e-04, 9.7366619e-01, 9.9031889e-01, 8.7939418e-04,
         1.0536130e-03, 1.2636007e-04, 7.4756140e-04, 7.1100070e-04,
         5.3736049e-04],
        [3.8833791e-04, 9.8226196e-01, 9.9518251e-01, 7.1788992e-04,
         8.3884294e-04, 1.0152328e-04, 5.9949805e-04, 5.9727731e-04,
         4.1369381e-04],
        [3.4016190e-04, 9.8659575e-01, 9.9740624e-01, 6.4200041e-04,
         7.2333403e-04, 8.8683191e-05, 5.1518396e-04, 5.3522747e-04,
         3.5273752e-04],
        [3.1521433e-04, 9.8876917e-01, 9.9842727e-01, 6.0229463e-04,
         6.6644995e-04, 8.2065351e-05, 4.7344671e-04, 5.0655054e-04,
         3.2496903e-04],
        [3.0078480e-04, 9.8985946e-01, 9.9889779e-01, 5.8349076e-04,
         6.3520751e-04, 7.8345656e-05, 4.5439322e-04, 4.8974651e-04,
         3.1144609e-04],
        [2.9198473e-04, 9.9044788e-01, 9.9912184e-01, 5.7004963e-04,
         6.1251101e-04, 7.6006254e-05, 4.3781384e-04, 4.7613049e-04,
         3.0022379e-04],
        [2.8695996e-04, 9.9071366e-01, 9.9922639e-01, 5.6514016e-04,
         6.0470885e-04, 7.4614312e-05, 4.3245312e-04, 4.7016333e-04,
         2.9822963e-04],
        [2.8621219e-04, 9.9086028e-01, 9.9927425e-01, 5.6525663e-04,
         5.9791526e-04, 7.3850293e-05, 4.2711647e-04, 4.6787373e-04,
         2.9704455e-04],
        [2.8375332e-04, 9.9093986e-01, 9.9929941e-01, 5.6303764e-04,
         5.9327681e-04, 7.3294046e-05, 4.2163624e-04, 4.6678711e-04,
         2.9459930e-04],
        [2.8331365e-04, 9.9098974e-01, 9.9930894e-01, 5.6348753e-04,
         5.9355400e-04, 7.3145799e-05, 4.2344487e-04, 4.6614170e-04,
         2.9560691e-04],
        [2.8045275e-04, 9.9104482e-01, 9.9932373e-01, 5.5730820e-04,
         5.8865803e-04, 7.2501061e-05, 4.2032968e-04, 4.6067277e-04,
         2.9262024e-04],
        [2.8100947e-04, 9.9103659e-01, 9.9932188e-01, 5.6109729e-04,
         5.8757153e-04, 7.2485971e-05, 4.1859102e-04, 4.6238722e-04,
         2.9310086e-04],
        [2.7993333e-04, 9.9104810e-01, 9.9932790e-01, 5.5827911e-04,
         5.8688864e-04, 7.2350776e-05, 4.1850124e-04, 4.6105788e-04,
         2.9157364e-04],
        [2.8048170e-04, 9.9108404e-01, 9.9932986e-01, 5.5853993e-04,
         5.8209855e-04, 7.1543422e-05, 4.1569659e-04, 4.5732580e-04,
         2.9270537e-04],
        [2.7754807e-04, 9.9110627e-01, 9.9933285e-01, 5.5906619e-04,
         5.8262324e-04, 7.1378439e-05, 4.1665326e-04, 4.5771140e-04,
         2.9235776e-04],
        [2.7763098e-04, 9.9107909e-01, 9.9933201e-01, 5.5756123e-04,
         5.8078091e-04, 7.1317168e-05, 4.1578017e-04, 4.5800695e-04,
         2.9256076e-04],
        [2.7858143e-04, 9.9108613e-01, 9.9932945e-01, 5.6111981e-04,
         5.8146362e-04, 7.1407689e-05, 4.1446803e-04, 4.5870856e-04,
         2.9303410e-04],
        [2.7723258e-04, 9.9112606e-01, 9.9933362e-01, 5.5601186e-04,
         5.7948934e-04, 7.1152637e-05, 4.1333694e-04, 4.5636602e-04,
         2.9204428e-04],
        [2.7686253e-04, 9.9114740e-01, 9.9933612e-01, 5.5923004e-04,
         5.8019935e-04, 7.1033122e-05, 4.1386037e-04, 4.5667886e-04,
         2.9216040e-04],
        [2.7878684e-04, 9.9112022e-01, 9.9933219e-01, 5.5922050e-04,
         5.8080634e-04, 7.1362971e-05, 4.1530101e-04, 4.5679972e-04,
         2.9355456e-04],
        [2.7649259e-04, 9.9113590e-01, 9.9933290e-01, 5.5880536e-04,
         5.8077701e-04, 7.1167291e-05, 4.1332399e-04, 4.5745537e-04,
         2.9183959e-04],
        [2.7795130e-04, 9.9111289e-01, 9.9933279e-01, 5.5956992e-04,
         5.8116484e-04, 7.1288239e-05, 4.1593169e-04, 4.5536700e-04,
         2.9354269e-04],
        [2.7812331e-04, 9.9113989e-01, 9.9933112e-01, 5.5909913e-04,
         5.7989935e-04, 7.1137671e-05, 4.1390557e-04, 4.5735305e-04,
         2.9258218e-04]]], dtype=float32)]