tf.Tensor(
[[[2.5880131e-01 2.9131162e-01 3.0248061e-01 2.6492757e-01 2.6644191e-01
   2.5431508e-01 2.6194152e-01 2.6002085e-01 2.6688057e-01]
  [2.5132456e-01 3.4261683e-01 3.6890849e-01 2.4991205e-01 2.3645429e-01
   2.2616184e-01 2.4874136e-01 2.2790135e-01 2.5662020e-01]
  [1.9899379e-01 4.0585795e-01 4.6248934e-01 2.0480783e-01 1.9761644e-01
   1.6083023e-01 2.0381312e-01 1.7855757e-01 2.1579374e-01]
  [1.1953004e-01 4.9577120e-01 5.9261310e-01 1.3152879e-01 1.3394967e-01
   7.9280935e-02 1.3185972e-01 1.0931901e-01 1.4272472e-01]
  [4.9005724e-02 6.2037557e-01 7.3505145e-01 5.9734635e-02 6.6154003e-02
   2.4572931e-02 6.0036659e-02 4.7295794e-02 6.5170839e-02]
  [1.3312661e-02 7.6179463e-01 8.5179645e-01 1.8643081e-02 2.2716863e-02
   4.9187811e-03 1.8171741e-02 1.4075068e-02 1.9086437e-02]
  [3.4794372e-03 8.6923778e-01 9.2454964e-01 5.4464331e-03 7.0591765e-03
   1.0349700e-03 5.1215971e-03 4.0353634e-03 4.8351442e-03]
  [1.2485753e-03 9.2984837e-01 9.6362138e-01 2.0978637e-03 2.7347456e-03
   3.3760353e-04 1.9300325e-03 1.6013602e-03 1.6022403e-03]
  [6.6947442e-04 9.6040016e-01 9.8274255e-01 1.1772808e-03 1.4785809e-03
   1.7642156e-04 1.0476292e-03 9.3934115e-04 7.9044886e-04]
  [4.6826311e-04 9.7564065e-01 9.9169713e-01 8.4960042e-04 1.0233268e-03
   1.2277983e-04 7.2797161e-04 6.9784658e-04 5.2061916e-04]
  [3.8011192e-04 9.8329306e-01 9.9580872e-01 7.0155656e-04 8.1556622e-04
   9.9168057e-05 5.8323680e-04 5.8618368e-04 4.0573097e-04]
  [3.3673111e-04 9.8711616e-01 9.9769437e-01 6.3375849e-04 7.1640650e-04
   8.8323155e-05 5.1043951e-04 5.3234294e-04 3.4895024e-04]
  [3.1433374e-04 9.8898381e-01 9.9855828e-01 6.0031191e-04 6.6437660e-04
   8.1870894e-05 4.7441141e-04 5.0457189e-04 3.2348058e-04]
  [3.0285574e-04 9.8995489e-01 9.9895453e-01 5.8211526e-04 6.3493982e-04
   7.8525904e-05 4.5316244e-04 4.8910797e-04 3.1078330e-04]
  [2.9382671e-04 9.9046540e-01 9.9914348e-01 5.7463703e-04 6.1826245e-04
   7.6367178e-05 4.3928204e-04 4.8019621e-04 3.0348985e-04]
  [2.8780996e-04 9.9074656e-01 9.9923730e-01 5.6629913e-04 6.0342008e-04
   7.4792551e-05 4.3037414e-04 4.7106942e-04 2.9771714e-04]
  [2.8581967e-04 9.9090809e-01 9.9928033e-01 5.6436786e-04 5.9854682e-04
   7.3984382e-05 4.2717459e-04 4.6820162e-04 2.9581180e-04]
  [2.8304444e-04 9.9095821e-01 9.9930298e-01 5.6225550e-04 5.9379789e-04
   7.3429597e-05 4.2337750e-04 4.6540020e-04 2.9430474e-04]
  [2.8081410e-04 9.9102384e-01 9.9931842e-01 5.5806816e-04 5.8802328e-04
   7.2709605e-05 4.2026656e-04 4.6022842e-04 2.9279600e-04]
  [2.8165730e-04 9.9106145e-01 9.9932235e-01 5.6153390e-04 5.8643165e-04
   7.2470924e-05 4.1880718e-04 4.6088206e-04 2.9396996e-04]
  [2.8122021e-04 9.9103183e-01 9.9932599e-01 5.6174683e-04 5.8720144e-04
   7.2187584e-05 4.1970107e-04 4.6159650e-04 2.9335133e-04]
  [2.8023310e-04 9.9107569e-01 9.9932659e-01 5.6051277e-04 5.8539934e-04
   7.2036972e-05 4.1815368e-04 4.6077452e-04 2.9436947e-04]
  [2.7880244e-04 9.9110430e-01 9.9933040e-01 5.5846979e-04 5.8279600e-04
   7.1842340e-05 4.1591257e-04 4.5850425e-04 2.9168604e-04]
  [2.7886798e-04 9.9108768e-01 9.9932718e-01 5.5934110e-04 5.8335502e-04
   7.1797207e-05 4.1699313e-04 4.5965245e-04 2.9309327e-04]
  [2.7958889e-04 9.9112529e-01 9.9933183e-01 5.5927003e-04 5.8326189e-04
   7.1782692e-05 4.1614680e-04 4.5848952e-04 2.9277697e-04]
  [2.7800733e-04 9.9110711e-01 9.9933290e-01 5.5900024e-04 5.8054179e-04
   7.1376686e-05 4.1445659e-04 4.5844229e-04 2.9228081e-04]
  [2.7722918e-04 9.9115300e-01 9.9933487e-01 5.5569096e-04 5.7939260e-04
   7.1167531e-05 4.1433566e-04 4.5658977e-04 2.9173866e-04]
  [2.7788800e-04 9.9111223e-01 9.9933159e-01 5.5873289e-04 5.8093463e-04
   7.1423136e-05 4.1551850e-04 4.5739656e-04 2.9277615e-04]
  [2.7820060e-04 9.9111640e-01 9.9933004e-01 5.5820670e-04 5.8328244e-04
   7.1662806e-05 4.1733187e-04 4.5983033e-04 2.9368221e-04]
  [2.7822136e-04 9.9112022e-01 9.9933207e-01 5.5936904e-04 5.8190862e-04
   7.1512586e-05 4.1552732e-04 4.5856193e-04 2.9227429e-04]
  [2.7702874e-04 9.9112368e-01 9.9933386e-01 5.5610825e-04 5.7996862e-04
   7.1034185e-05 4.1431462e-04 4.5709865e-04 2.9181314e-04]
  [2.7601470e-04 9.9111342e-01 9.9933439e-01 5.5766653e-04 5.8009557e-04
   7.0882634e-05 4.1475627e-04 4.5720045e-04 2.9252394e-04]]], shape=(1, 32, 9), dtype=float32)