[array([[[0.2807554 , 0.2814449 , 0.28025582, 0.28113168, 0.28076372,
         0.2804655 , 0.28143024, 0.28171474, 0.28077507],
        [0.28148216, 0.31012386, 0.29556412, 0.2990012 , 0.2907136 ,
         0.32213932, 0.32945126, 0.2978391 , 0.30185694],
        [0.29600605, 0.32874525, 0.3070861 , 0.31150627, 0.30352604,
         0.3355903 , 0.3490443 , 0.30959028, 0.3214716 ],
        [0.3047114 , 0.34310344, 0.3144278 , 0.3203874 , 0.31289482,
         0.3450163 , 0.3622809 , 0.31654814, 0.33545223],
        [0.31148756, 0.3533577 , 0.3203833 , 0.32659742, 0.31796026,
         0.3517702 , 0.37142175, 0.32144925, 0.3466846 ],
        [0.31864306, 0.36225852, 0.3239621 , 0.33138576, 0.32208082,
         0.35620004, 0.3781462 , 0.32627517, 0.35481662],
        [0.32404444, 0.36941573, 0.326656  , 0.33384466, 0.3267234 ,
         0.35855722, 0.38312304, 0.3299082 , 0.36077935],
        [0.32884866, 0.37457302, 0.32754794, 0.33612505, 0.33002865,
         0.36103907, 0.38672152, 0.3334314 , 0.36528608],
        [0.33284333, 0.3796749 , 0.32901233, 0.33766022, 0.3321507 ,
         0.3618384 , 0.38896647, 0.33604392, 0.36922184],
        [0.33605742, 0.38451573, 0.32951766, 0.33917463, 0.3341038 ,
         0.3623704 , 0.38980067, 0.33836913, 0.37176865],
        [0.34077704, 0.38722387, 0.33052173, 0.34084967, 0.33294207,
         0.36346263, 0.38793394, 0.33850446, 0.3744879 ],
        [0.3434007 , 0.38972706, 0.33112726, 0.34212637, 0.33356988,
         0.36456844, 0.3866112 , 0.33928847, 0.37536976],
        [0.3442652 , 0.39212006, 0.33062825, 0.34198278, 0.3345604 ,
         0.3663462 , 0.38593954, 0.34079623, 0.37533668],
        [0.34438926, 0.3935885 , 0.32952255, 0.34211844, 0.3343955 ,
         0.36780518, 0.3853598 , 0.34127155, 0.3767156 ],
        [0.34369817, 0.3952226 , 0.32764816, 0.34329107, 0.33478698,
         0.36997762, 0.3850817 , 0.34137928, 0.37664136],
        [0.3426377 , 0.39745128, 0.3259284 , 0.34365588, 0.33452958,
         0.37151834, 0.38517255, 0.3424964 , 0.37675714],
        [0.34045935, 0.4005476 , 0.325711  , 0.34568152, 0.3339144 ,
         0.37286833, 0.38687313, 0.3442696 , 0.37543133],
        [0.33962926, 0.4028604 , 0.32564193, 0.3464679 , 0.334044  ,
         0.37393764, 0.38732266, 0.34475198, 0.37433267],
        [0.3392178 , 0.40337548, 0.32465005, 0.34784323, 0.3346143 ,
         0.37479413, 0.38907054, 0.34547266, 0.37352833],
        [0.33911246, 0.40304762, 0.325383  , 0.34695497, 0.3339889 ,
         0.37581283, 0.3894769 , 0.34558252, 0.3732267 ],
        [0.33914834, 0.40283337, 0.3258859 , 0.34685946, 0.33302534,
         0.37632725, 0.39081293, 0.34591028, 0.3723997 ],
        [0.33892104, 0.4027306 , 0.32688594, 0.3476364 , 0.33212084,
         0.3754685 , 0.39192867, 0.34566438, 0.37329015],
        [0.339331  , 0.40260586, 0.32699633, 0.3473113 , 0.3318975 ,
         0.37557918, 0.39188978, 0.34404624, 0.3738169 ],
        [0.34059003, 0.40197557, 0.32728603, 0.3459624 , 0.3305284 ,
         0.37461582, 0.39125344, 0.3427833 , 0.3748426 ],
        [0.34168983, 0.40134406, 0.32818368, 0.34431776, 0.32933873,
         0.3752797 , 0.3890957 , 0.34136796, 0.37667078],
        [0.34271944, 0.4027979 , 0.32915053, 0.34441832, 0.32719594,
         0.37616313, 0.38863546, 0.33961532, 0.37803432],
        [0.34305817, 0.40242288, 0.3300218 , 0.34339482, 0.3267788 ,
         0.3758981 , 0.3881841 , 0.33823964, 0.3787253 ],
        [0.34349564, 0.40257263, 0.32999712, 0.34438056, 0.3277669 ,
         0.37554944, 0.3877786 , 0.33804852, 0.37948823],
        [0.34318647, 0.40395185, 0.33034027, 0.34336588, 0.32850078,
         0.37541568, 0.3876541 , 0.33831424, 0.38060123],
        [0.34396607, 0.40433285, 0.32999685, 0.3436927 , 0.32876843,
         0.3743334 , 0.3882488 , 0.33762836, 0.38027844],
        [0.3450564 , 0.4050939 , 0.33010766, 0.34395754, 0.32925165,
         0.37326407, 0.3886564 , 0.33714843, 0.3799527 ],
        [0.3461143 , 0.40576717, 0.33055735, 0.3450334 , 0.32926247,
         0.37294132, 0.38860136, 0.33752915, 0.38095018]]], dtype=float32), array([[[0.28019863, 0.28168455, 0.28006378, 0.28156084, 0.2799125 ,
         0.28071204, 0.28191832, 0.2810184 , 0.28129095],
        [0.28257188, 0.3087719 , 0.2958462 , 0.30072933, 0.28937975,
         0.3234172 , 0.3299005 , 0.29559636, 0.3034482 ],
        [0.29743534, 0.32763425, 0.30674216, 0.31542295, 0.3036155 ,
         0.33683616, 0.35018831, 0.30873254, 0.32426292],
        [0.30732483, 0.34267443, 0.31374466, 0.32575026, 0.3135606 ,
         0.34747672, 0.36386344, 0.3173659 , 0.3393602 ],
        [0.3147154 , 0.35511196, 0.31795737, 0.3323477 , 0.32105622,
         0.35476145, 0.37299135, 0.32294843, 0.35016212],
        [0.32045293, 0.3651879 , 0.32030407, 0.33622357, 0.3251271 ,
         0.35895914, 0.37932274, 0.32674903, 0.3590027 ],
        [0.3251384 , 0.37248483, 0.320134  , 0.340096  , 0.3282882 ,
         0.36255294, 0.3839154 , 0.3307539 , 0.36484987],
        [0.3289167 , 0.37748137, 0.31943205, 0.34381005, 0.3294453 ,
         0.36508822, 0.38626853, 0.3341483 , 0.37024942],
        [0.33169073, 0.38107708, 0.31864372, 0.34585503, 0.33058733,
         0.36712083, 0.3873548 , 0.33639234, 0.37433   ],
        [0.33363274, 0.38519335, 0.31807172, 0.34701785, 0.33080655,
         0.3694558 , 0.38757458, 0.33763456, 0.37806654],
        [0.33560267, 0.38902205, 0.31686762, 0.34869915, 0.33075145,
         0.36972022, 0.38764963, 0.3386225 , 0.38137436],
        [0.3374428 , 0.39113414, 0.3177556 , 0.34833318, 0.3282748 ,
         0.37020344, 0.38700384, 0.33756584, 0.38414288],
        [0.33742803, 0.39434898, 0.319413  , 0.349064  , 0.32781315,
         0.37044337, 0.38686228, 0.33732748, 0.3857576 ],
        [0.33756548, 0.39622724, 0.32087943, 0.34966153, 0.32886592,
         0.37131315, 0.3862967 , 0.33731183, 0.38603956],
        [0.33723748, 0.39804956, 0.32258427, 0.3500069 , 0.33066872,
         0.3717941 , 0.3848994 , 0.33751366, 0.38669896],
        [0.33783677, 0.39857498, 0.32320237, 0.34873798, 0.33338133,
         0.37179214, 0.38339612, 0.33715165, 0.38693017],
        [0.3377514 , 0.40004867, 0.3244947 , 0.34772697, 0.3346106 ,
         0.37185395, 0.3836199 , 0.33840626, 0.38543114],
        [0.33850595, 0.4009235 , 0.32642958, 0.3470061 , 0.33363402,
         0.37144735, 0.3841833 , 0.33804497, 0.3835826 ],
        [0.34066617, 0.4015026 , 0.32777318, 0.34696835, 0.33249867,
         0.37162396, 0.38455752, 0.33760574, 0.38285604],
        [0.34163043, 0.40162414, 0.3281363 , 0.34631094, 0.33296633,
         0.37123588, 0.38432273, 0.33741686, 0.38289246],
        [0.34218225, 0.40241185, 0.32867217, 0.3457313 , 0.33417106,
         0.37137318, 0.38478255, 0.3369182 , 0.38283145],
        [0.34210524, 0.40410197, 0.32878184, 0.34441334, 0.33598137,
         0.371789  , 0.3847878 , 0.33695322, 0.3817211 ],
        [0.3417888 , 0.40536267, 0.32944044, 0.3418049 , 0.3369157 ,
         0.37072015, 0.38482633, 0.33680373, 0.38026395],
        [0.3417594 , 0.40480986, 0.32877478, 0.34177762, 0.33593935,
         0.37103626, 0.3847024 , 0.3364952 , 0.38114297],
        [0.34147954, 0.4057498 , 0.32775646, 0.34047052, 0.33649492,
         0.3704089 , 0.38511324, 0.33788198, 0.3813581 ],
        [0.34161898, 0.4068128 , 0.32675546, 0.34070432, 0.3367084 ,
         0.36976084, 0.38563144, 0.3385311 , 0.3824085 ],
        [0.3405962 , 0.40843976, 0.32590067, 0.3408878 , 0.33765346,
         0.37004805, 0.38566586, 0.33928514, 0.38353583],
        [0.3407639 , 0.40825665, 0.32647085, 0.34085622, 0.33703113,
         0.37016022, 0.38481125, 0.33976892, 0.38389885],
        [0.3407002 , 0.4076231 , 0.32773247, 0.33994845, 0.33758044,
         0.37026978, 0.38301256, 0.33881527, 0.38491133],
        [0.3413653 , 0.40735164, 0.32778475, 0.3384938 , 0.3376817 ,
         0.37092167, 0.38300267, 0.33769205, 0.38481396],
        [0.343171  , 0.40573993, 0.3284525 , 0.3384668 , 0.33756027,
         0.37292695, 0.3835792 , 0.33576363, 0.38493004],
        [0.34487724, 0.40455627, 0.3291218 , 0.33834767, 0.33825862,
         0.37325862, 0.3836144 , 0.3351076 , 0.38469955]]], dtype=float32), array([[[0.28127408, 0.28107414, 0.2810108 , 0.2799217 , 0.28165218,
         0.28024167, 0.28138244, 0.28090578, 0.28138614],
        [0.28392923, 0.30904827, 0.29857367, 0.29767478, 0.29047912,
         0.32405278, 0.3284816 , 0.29670396, 0.3028622 ],
        [0.29831234, 0.3283469 , 0.31066877, 0.3129408 , 0.3045418 ,
         0.33813763, 0.348335  , 0.310676  , 0.32218048],
        [0.30698746, 0.34529656, 0.31862083, 0.3230951 , 0.3140092 ,
         0.34842062, 0.3616205 , 0.3192933 , 0.33630893],
        [0.31389213, 0.3566188 , 0.32286507, 0.3320033 , 0.32069412,
         0.35688052, 0.371543  , 0.32485315, 0.34703997],
        [0.31839156, 0.36548096, 0.3246183 , 0.33652988, 0.32518908,
         0.36268035, 0.377303  , 0.32816416, 0.3552072 ],
        [0.3231869 , 0.37258166, 0.32478756, 0.33940247, 0.32885873,
         0.36647573, 0.3802553 , 0.33172277, 0.36176524],
        [0.32851386, 0.37799582, 0.3251723 , 0.34054765, 0.331457  ,
         0.36912355, 0.38133326, 0.33308834, 0.36629108],
        [0.3326083 , 0.38261253, 0.32567453, 0.34146053, 0.33305055,
         0.37301993, 0.38170928, 0.33351117, 0.36921662],
        [0.33356646, 0.3864363 , 0.3254254 , 0.3432571 , 0.3343138 ,
         0.37435392, 0.38431117, 0.33572453, 0.36977848],
        [0.33326524, 0.38893622, 0.325857  , 0.34410188, 0.33539027,
         0.3742671 , 0.38675487, 0.33692154, 0.37071383],
        [0.33406934, 0.3916516 , 0.3265519 , 0.3451103 , 0.3359172 ,
         0.3758515 , 0.38779816, 0.33655816, 0.37317765],
        [0.33281627, 0.39135778, 0.32721594, 0.34485564, 0.3354499 ,
         0.37416595, 0.38932285, 0.33601445, 0.37406147],
        [0.3333966 , 0.39089647, 0.3273227 , 0.34426942, 0.33517042,
         0.37191612, 0.388753  , 0.33539072, 0.37517372],
        [0.3355464 , 0.3910881 , 0.3269606 , 0.34485513, 0.3341889 ,
         0.37166774, 0.38810685, 0.33462733, 0.37500858],
        [0.33626357, 0.39291993, 0.3268469 , 0.34602135, 0.3343822 ,
         0.37105125, 0.38757566, 0.3351144 , 0.37614658],
        [0.3376827 , 0.39390486, 0.3272423 , 0.34605232, 0.33462152,
         0.37142107, 0.38713035, 0.33485478, 0.37749347],
        [0.33979037, 0.3964741 , 0.32735527, 0.34571794, 0.33426666,
         0.3719842 , 0.3860756 , 0.33576247, 0.37876526],
        [0.34130162, 0.40054193, 0.3268972 , 0.3459506 , 0.3351207 ,
         0.37280735, 0.38469648, 0.33671275, 0.3799413 ],
        [0.34043878, 0.403318  , 0.32650355, 0.34552878, 0.33383805,
         0.37260398, 0.384016  , 0.33704403, 0.38131192],
        [0.3392437 , 0.40594196, 0.32584178, 0.34482366, 0.33409122,
         0.37134263, 0.38325053, 0.33733818, 0.38044405],
        [0.33670053, 0.4068467 , 0.32647675, 0.34287918, 0.33335692,
         0.37064552, 0.383186  , 0.33882767, 0.3801899 ],
        [0.33526227, 0.405751  , 0.32661116, 0.34216768, 0.3330297 ,
         0.36977232, 0.38285056, 0.3381431 , 0.38096997],
        [0.33445615, 0.40778613, 0.3261837 , 0.3420896 , 0.33307728,
         0.369584  , 0.38339642, 0.3384757 , 0.381967  ],
        [0.335077  , 0.40976164, 0.32619065, 0.34247327, 0.33348402,
         0.37054145, 0.3840843 , 0.33819893, 0.38281444],
        [0.33499482, 0.410342  , 0.32639065, 0.34243798, 0.333954  ,
         0.3711691 , 0.3858404 , 0.33880955, 0.3828636 ],
        [0.33641386, 0.41021854, 0.32748887, 0.34109285, 0.33412865,
         0.3710039 , 0.3871434 , 0.33914453, 0.38265064],
        [0.3392624 , 0.40904054, 0.32743016, 0.34045357, 0.33557382,
         0.37114674, 0.38799992, 0.33878097, 0.38256416],
        [0.34092915, 0.4080011 , 0.327804  , 0.34079266, 0.3356367 ,
         0.37134045, 0.38857037, 0.33851185, 0.38268343],
        [0.34209806, 0.40708563, 0.3283377 , 0.34225708, 0.33501884,
         0.37232685, 0.3871874 , 0.3365953 , 0.38285384],
        [0.3427898 , 0.40737623, 0.3296855 , 0.34443462, 0.3336615 ,
         0.37313753, 0.386042  , 0.33584264, 0.38184008],
        [0.34268555, 0.408105  , 0.32903022, 0.3456602 , 0.33303595,
         0.3722679 , 0.3853479 , 0.33589786, 0.38182637]]], dtype=float32), array([[[0.28000924, 0.28161615, 0.280745  , 0.2802067 , 0.28151232,
         0.2798543 , 0.28131047, 0.28104168, 0.28189692],
        [0.28119317, 0.3088498 , 0.2973812 , 0.2974755 , 0.291878  ,
         0.3229826 , 0.3291608 , 0.2959863 , 0.3029807 ],
        [0.29552245, 0.3273838 , 0.3099175 , 0.31254184, 0.30623177,
         0.33740276, 0.34940946, 0.30828017, 0.32247975],
        [0.30596152, 0.34171286, 0.318593  , 0.32201827, 0.31645006,
         0.3485077 , 0.3619964 , 0.31597638, 0.33616605],
        [0.31251502, 0.35256538, 0.32334343, 0.3286268 , 0.32276106,
         0.35499403, 0.37222743, 0.3222262 , 0.34547848],
        [0.31745937, 0.3618792 , 0.32657203, 0.3341876 , 0.3262729 ,
         0.36065048, 0.37963274, 0.32661566, 0.3521465 ],
        [0.32112247, 0.3691756 , 0.32876623, 0.3384422 , 0.32945403,
         0.36441317, 0.3852519 , 0.3297504 , 0.35671136],
        [0.32282916, 0.37450445, 0.330814  , 0.34013277, 0.3328808 ,
         0.3667534 , 0.38871774, 0.3324617 , 0.36091492],
        [0.32379222, 0.3784125 , 0.33317164, 0.34212747, 0.3349262 ,
         0.3680741 , 0.38895556, 0.33327538, 0.36484635],
        [0.32394063, 0.3817031 , 0.33431658, 0.34328976, 0.33698618,
         0.3672778 , 0.38844877, 0.33350018, 0.36859   ],
        [0.32406294, 0.38514033, 0.33528766, 0.3426188 , 0.33807397,
         0.36755082, 0.3873965 , 0.33379966, 0.37168336],
        [0.32452938, 0.387617  , 0.33499184, 0.34404778, 0.33913165,
         0.3686056 , 0.38678014, 0.33512515, 0.3738116 ],
        [0.32638344, 0.390487  , 0.33448607, 0.34486765, 0.34081808,
         0.36909208, 0.3853901 , 0.3359678 , 0.37584162],
        [0.32646108, 0.3938505 , 0.33293736, 0.34519637, 0.3422722 ,
         0.36964288, 0.3843171 , 0.33612043, 0.37738523],
        [0.32784203, 0.3972446 , 0.33184242, 0.34493518, 0.34320807,
         0.37018684, 0.38336244, 0.33752242, 0.37850904],
        [0.3294881 , 0.3997712 , 0.3310301 , 0.34338814, 0.3440679 ,
         0.3703162 , 0.38252798, 0.3382992 , 0.37964404],
        [0.33035696, 0.40098253, 0.33025602, 0.3425668 , 0.3446064 ,
         0.3704722 , 0.38256192, 0.33913928, 0.37985235],
        [0.33290777, 0.40202612, 0.33011812, 0.3414635 , 0.345689  ,
         0.3704723 , 0.38369402, 0.34049773, 0.37908173],
        [0.33493212, 0.40288585, 0.33033076, 0.3420581 , 0.34528574,
         0.37106967, 0.38412514, 0.34139687, 0.37885863],
        [0.3362485 , 0.40472752, 0.3310778 , 0.3436005 , 0.34462938,
         0.37232357, 0.38565767, 0.34204155, 0.37774405],
        [0.3383332 , 0.40639552, 0.330391  , 0.34302065, 0.34401485,
         0.37332228, 0.3863977 , 0.3424731 , 0.37875915],
        [0.3399851 , 0.40606624, 0.32962382, 0.34327158, 0.34264863,
         0.37411016, 0.38729063, 0.3428963 , 0.37889853],
        [0.3409815 , 0.4051429 , 0.3300433 , 0.3434221 , 0.34101102,
         0.37371403, 0.38779235, 0.3429456 , 0.37903255],
        [0.34214783, 0.4031621 , 0.33034757, 0.34271783, 0.34002236,
         0.3733393 , 0.38758054, 0.34201735, 0.37901604],
        [0.34249327, 0.40053883, 0.33034357, 0.3420168 , 0.3387226 ,
         0.37253207, 0.38842317, 0.34248775, 0.3786404 ],
        [0.3432343 , 0.39895833, 0.3300223 , 0.34259775, 0.33743984,
         0.37285405, 0.3888026 , 0.34309992, 0.37850323],
        [0.34350073, 0.39745906, 0.3299208 , 0.3426167 , 0.33730084,
         0.3728083 , 0.38945845, 0.34265012, 0.37868914],
        [0.34424838, 0.39750072, 0.33052692, 0.3419446 , 0.33661494,
         0.3725235 , 0.38922802, 0.34196723, 0.38000512],
        [0.3425732 , 0.39888564, 0.33120114, 0.34200722, 0.33611664,
         0.373167  , 0.3895994 , 0.34240127, 0.380477  ],
        [0.3414346 , 0.39976978, 0.33037826, 0.34288108, 0.33565402,
         0.3742003 , 0.3892737 , 0.34417048, 0.38088968],
        [0.34041825, 0.40094405, 0.32971883, 0.34059298, 0.3347377 ,
         0.3748178 , 0.38927183, 0.34463778, 0.38076964],
        [0.34041962, 0.40086162, 0.33013424, 0.34039664, 0.33255967,
         0.37407118, 0.38917816, 0.3451494 , 0.3815746 ]]], dtype=float32), array([[[0.2806536 , 0.28121123, 0.2809496 , 0.2812428 , 0.2817458 ,
         0.2800082 , 0.28085706, 0.28187415, 0.28138655],
        [0.28316206, 0.3079878 , 0.29672694, 0.29963547, 0.29240793,
         0.32369077, 0.32751644, 0.2968366 , 0.30241314],
        [0.29766887, 0.32797295, 0.30764836, 0.31471765, 0.3073447 ,
         0.33747342, 0.34702498, 0.3104793 , 0.32206294],
        [0.30704495, 0.3438995 , 0.3148492 , 0.32404032, 0.3181521 ,
         0.3468665 , 0.36083823, 0.31890002, 0.3355505 ],
        [0.3143857 , 0.3554739 , 0.3193907 , 0.33134198, 0.3249797 ,
         0.3535264 , 0.3698034 , 0.32442576, 0.3463663 ],
        [0.31831685, 0.36412945, 0.3221047 , 0.33421054, 0.32983628,
         0.35658458, 0.37574276, 0.32816395, 0.3547602 ],
        [0.32182112, 0.3700528 , 0.32373363, 0.33699504, 0.33266646,
         0.35867596, 0.3789544 , 0.32920974, 0.36171934],
        [0.3249368 , 0.37513953, 0.3250769 , 0.33833688, 0.33491746,
         0.3603758 , 0.38153976, 0.3305742 , 0.36690888],
        [0.32594925, 0.38029322, 0.32603222, 0.3390601 , 0.3355538 ,
         0.361837  , 0.3844123 , 0.33031932, 0.3710743 ],
        [0.32626775, 0.3841415 , 0.32807374, 0.33982453, 0.3360317 ,
         0.363423  , 0.38715333, 0.3302704 , 0.37314373],
        [0.327401  , 0.3883643 , 0.32836005, 0.34100613, 0.33666492,
         0.36441964, 0.3889593 , 0.3299996 , 0.37518352],
        [0.32752413, 0.3923589 , 0.32853538, 0.3427799 , 0.3380823 ,
         0.36409107, 0.3896027 , 0.32915428, 0.37606764],
        [0.32775217, 0.3962069 , 0.32780185, 0.3438543 , 0.33873117,
         0.36441904, 0.38999197, 0.33077344, 0.37809038],
        [0.32831842, 0.3977644 , 0.32815653, 0.34505326, 0.33993274,
         0.36501205, 0.38931808, 0.33111078, 0.37934336],
        [0.33180773, 0.3977305 , 0.32848075, 0.34486827, 0.33804214,
         0.36747095, 0.38873914, 0.33115542, 0.3804287 ],
        [0.3352788 , 0.3976342 , 0.32769468, 0.34395614, 0.33790877,
         0.36801848, 0.38874385, 0.33278564, 0.38077834],
        [0.3369597 , 0.397411  , 0.32607865, 0.343766  , 0.33684057,
         0.36783648, 0.390222  , 0.33411828, 0.38169652],
        [0.33962545, 0.39826828, 0.32585832, 0.34240964, 0.33709082,
         0.36833367, 0.39100856, 0.33546394, 0.38191816],
        [0.3403975 , 0.39972144, 0.326213  , 0.34111476, 0.33638427,
         0.36881173, 0.39165998, 0.33623728, 0.38383234],
        [0.3414682 , 0.40123913, 0.3279651 , 0.3394198 , 0.33539784,
         0.36915445, 0.3921121 , 0.33815157, 0.3852248 ],
        [0.34219185, 0.4008714 , 0.32915965, 0.33821034, 0.3346748 ,
         0.36840162, 0.39193583, 0.34011647, 0.38644296],
        [0.34191233, 0.40034753, 0.3308015 , 0.33757684, 0.33351383,
         0.368009  , 0.39270958, 0.3423816 , 0.38622776],
        [0.3412864 , 0.401027  , 0.33222434, 0.33630535, 0.33263442,
         0.36776644, 0.39424717, 0.34450755, 0.38554305],
        [0.34006375, 0.4031197 , 0.33382067, 0.3359719 , 0.33180073,
         0.36738974, 0.3959151 , 0.3463534 , 0.38551   ],
        [0.34058556, 0.40256163, 0.33525276, 0.3365858 , 0.33050284,
         0.36784706, 0.39577925, 0.34645143, 0.3855795 ],
        [0.3400816 , 0.40117735, 0.33590916, 0.33798262, 0.3292839 ,
         0.36877233, 0.39555869, 0.3463155 , 0.38571942],
        [0.34061083, 0.4006283 , 0.33669052, 0.33942497, 0.32894272,
         0.3708081 , 0.3945697 , 0.34590432, 0.38521084],
        [0.34191316, 0.4030798 , 0.33720282, 0.33951026, 0.3299623 ,
         0.37244356, 0.39308506, 0.34546214, 0.3844185 ],
        [0.3427072 , 0.40343606, 0.3377698 , 0.337643  , 0.32923898,
         0.37304693, 0.3931907 , 0.34492815, 0.38492405],
        [0.3429889 , 0.40425768, 0.3373409 , 0.33683324, 0.32807794,
         0.37387198, 0.39386016, 0.34488195, 0.3866812 ],
        [0.34171844, 0.40378854, 0.33631575, 0.33571655, 0.32778308,
         0.37318534, 0.39232716, 0.34267327, 0.3870058 ],
        [0.3412422 , 0.40488958, 0.3344999 , 0.33504823, 0.32619205,
         0.37357336, 0.39157364, 0.34228012, 0.38784337]]], dtype=float32), array([[[0.2791391 , 0.28153926, 0.2802489 , 0.28202286, 0.28107482,
         0.28059074, 0.28155434, 0.2809859 , 0.28067955],
        [0.2797523 , 0.30846816, 0.29590467, 0.29990518, 0.2911035 ,
         0.32281312, 0.3290938 , 0.2963821 , 0.30202758],
        [0.29324287, 0.32587442, 0.3073502 , 0.31399718, 0.30467373,
         0.33588445, 0.349444  , 0.30963165, 0.32237554],
        [0.30121028, 0.34076878, 0.31528232, 0.32423377, 0.31329235,
         0.34511617, 0.36284128, 0.31742632, 0.3378202 ],
        [0.30708614, 0.35246515, 0.3198417 , 0.3316577 , 0.32042223,
         0.35154396, 0.37114778, 0.32282317, 0.35001573],
        [0.3126735 , 0.36266586, 0.3232667 , 0.3362873 , 0.3252587 ,
         0.356539  , 0.37648535, 0.3276299 , 0.35889086],
        [0.31852448, 0.37124696, 0.3274786 , 0.33981338, 0.32872093,
         0.36165708, 0.37983334, 0.33058774, 0.3653911 ],
        [0.3231505 , 0.3769582 , 0.3308322 , 0.34162435, 0.33234712,
         0.36491328, 0.38200396, 0.3322908 , 0.36976478],
        [0.32737595, 0.3823431 , 0.33199587, 0.3420611 , 0.33440587,
         0.3672576 , 0.38352236, 0.3335286 , 0.37178853],
        [0.3312293 , 0.38627037, 0.3313287 , 0.34247148, 0.33626097,
         0.36699784, 0.38421828, 0.33532727, 0.3743552 ],
        [0.33359742, 0.3903674 , 0.33124998, 0.3427515 , 0.33696753,
         0.36639184, 0.3844798 , 0.33700347, 0.37643918],
        [0.3343635 , 0.39328754, 0.33030796, 0.34377658, 0.33715618,
         0.36691198, 0.3839579 , 0.33790192, 0.37886176],
        [0.33443582, 0.39550656, 0.32956776, 0.3422397 , 0.33792302,
         0.36634105, 0.38298795, 0.33903062, 0.37975946],
        [0.33463758, 0.39629534, 0.32947782, 0.34100974, 0.33850953,
         0.3652889 , 0.38186553, 0.339113  , 0.38078886],
        [0.33594063, 0.39742106, 0.3292892 , 0.3392332 , 0.338867  ,
         0.36520818, 0.38063842, 0.33872563, 0.38010347],
        [0.3373262 , 0.3986485 , 0.32913226, 0.3386749 , 0.33871773,
         0.3652481 , 0.3803603 , 0.33823434, 0.38124967],
        [0.3401771 , 0.3998062 , 0.32845944, 0.33942643, 0.33910698,
         0.36519477, 0.3793689 , 0.33761585, 0.38281792],
        [0.34416282, 0.40111837, 0.32739   , 0.33933923, 0.3377533 ,
         0.36665845, 0.37938875, 0.33778408, 0.38327593],
        [0.34631917, 0.40246907, 0.32638294, 0.33899543, 0.33725742,
         0.3676324 , 0.3792653 , 0.338458  , 0.38449094],
        [0.34806526, 0.40413308, 0.3255723 , 0.33800554, 0.33650723,
         0.3688197 , 0.38015774, 0.3387075 , 0.38553864],
        [0.35056576, 0.40415245, 0.32412922, 0.33830392, 0.33664694,
         0.37014142, 0.38125914, 0.33807147, 0.38621044],
        [0.3506957 , 0.40549508, 0.3235844 , 0.33893618, 0.33664593,
         0.3706197 , 0.38312617, 0.33809894, 0.38547885],
        [0.3498149 , 0.40656847, 0.32400936, 0.3393313 , 0.3368608 ,
         0.37255028, 0.3838658 , 0.3378311 , 0.38434422],
        [0.3486492 , 0.40673435, 0.32357034, 0.34015912, 0.33692273,
         0.3734542 , 0.38516173, 0.3393228 , 0.38325045],
        [0.34708038, 0.4069287 , 0.32339376, 0.34107393, 0.33670744,
         0.37375885, 0.38597494, 0.3400514 , 0.38308713],
        [0.34668574, 0.40824792, 0.32350302, 0.34190598, 0.3352132 ,
         0.3734735 , 0.38700077, 0.34015587, 0.38260913],
        [0.34638897, 0.4081972 , 0.32349873, 0.34226352, 0.33350506,
         0.37244368, 0.38826847, 0.34102923, 0.38337106],
        [0.34626356, 0.40843502, 0.32424045, 0.34370783, 0.33345932,
         0.37285823, 0.38887617, 0.34082308, 0.38347214],
        [0.3459892 , 0.40837136, 0.32418492, 0.34435713, 0.33267084,
         0.37267402, 0.39002344, 0.3390083 , 0.38362125],
        [0.3468007 , 0.40804207, 0.3242118 , 0.3443283 , 0.3328753 ,
         0.3734862 , 0.389801  , 0.33779472, 0.38462406],
        [0.34619683, 0.40840653, 0.32352087, 0.3449226 , 0.3329392 ,
         0.37358204, 0.3899237 , 0.33884665, 0.3849233 ],
        [0.3445076 , 0.40929502, 0.32277343, 0.34527233, 0.33266476,
         0.373725  , 0.39018938, 0.339414  , 0.38576964]]], dtype=float32), array([[[0.28013888, 0.2812654 , 0.28125426, 0.28134525, 0.2815792 ,
         0.28034216, 0.28065285, 0.28057957, 0.28151977],
        [0.28147098, 0.30949664, 0.29782298, 0.30077597, 0.2913523 ,
         0.3236046 , 0.32831782, 0.29657176, 0.3032286 ],
        [0.2967583 , 0.3283938 , 0.31000698, 0.31655848, 0.30448273,
         0.33845928, 0.34838364, 0.31081295, 0.32284334],
        [0.3067816 , 0.3435271 , 0.31855607, 0.32673088, 0.3137176 ,
         0.34885716, 0.3618736 , 0.31944555, 0.3368053 ],
        [0.31473684, 0.35459232, 0.32443622, 0.3321574 , 0.31972304,
         0.35667226, 0.37241045, 0.3254979 , 0.34692156],
        [0.3209862 , 0.36310425, 0.32859582, 0.33537528, 0.32437795,
         0.36222234, 0.37895185, 0.3291786 , 0.3548725 ],
        [0.32558537, 0.36983037, 0.33025572, 0.33677074, 0.3268956 ,
         0.3664239 , 0.38348758, 0.33223468, 0.36186606],
        [0.32741088, 0.3753445 , 0.33158615, 0.33724245, 0.3294726 ,
         0.3696125 , 0.386429  , 0.33437738, 0.36650372],
        [0.3291175 , 0.3796767 , 0.3324149 , 0.3377125 , 0.33100727,
         0.3725166 , 0.38889742, 0.33453295, 0.36896762],
        [0.33047634, 0.38447607, 0.3332492 , 0.33838755, 0.3323125 ,
         0.3748714 , 0.39123005, 0.33489516, 0.3714316 ],
        [0.33121678, 0.38935417, 0.33235347, 0.33927554, 0.3329986 ,
         0.37494045, 0.3934614 , 0.33527043, 0.3743497 ],
        [0.33192697, 0.39385444, 0.33187953, 0.3401399 , 0.33389282,
         0.37524632, 0.39502212, 0.3358206 , 0.37704334],
        [0.33318636, 0.3967569 , 0.330168  , 0.3422798 , 0.3360602 ,
         0.37507394, 0.39458168, 0.33591518, 0.3791368 ],
        [0.33563262, 0.3977225 , 0.32790887, 0.34369016, 0.3379634 ,
         0.37296385, 0.39439765, 0.33692056, 0.38128597],
        [0.33755955, 0.39927158, 0.32626364, 0.34583402, 0.3397483 ,
         0.37128153, 0.39570263, 0.33824134, 0.38163072],
        [0.33871168, 0.40137655, 0.3260443 , 0.34760037, 0.34101906,
         0.37075523, 0.39571276, 0.33850425, 0.3820341 ],
        [0.3387371 , 0.40288362, 0.32567993, 0.3482547 , 0.3419142 ,
         0.37036234, 0.39640835, 0.33839986, 0.3816818 ],
        [0.33847004, 0.40427265, 0.32544148, 0.3470505 , 0.34085897,
         0.37003237, 0.3978296 , 0.33894306, 0.3815403 ],
        [0.3371655 , 0.4071512 , 0.32523704, 0.34614164, 0.341376  ,
         0.36947817, 0.39933413, 0.3398397 , 0.38182515],
        [0.33652422, 0.40878353, 0.32523173, 0.34690332, 0.34080398,
         0.3698269 , 0.40048328, 0.339568  , 0.3824568 ],
        [0.33675534, 0.4098098 , 0.32503012, 0.34783092, 0.34084395,
         0.37046248, 0.40122405, 0.34082952, 0.38180655],
        [0.33729583, 0.41298416, 0.3242592 , 0.34842128, 0.34049657,
         0.37246078, 0.40114594, 0.34225023, 0.38160825],
        [0.33736885, 0.41368264, 0.32454282, 0.3473614 , 0.33943614,
         0.3742768 , 0.40111363, 0.3422185 , 0.38154152],
        [0.3391302 , 0.4124999 , 0.32349125, 0.3471586 , 0.33862907,
         0.37664154, 0.39960918, 0.34062448, 0.38195872],
        [0.3406451 , 0.4101775 , 0.32230535, 0.3476049 , 0.33855578,
         0.3777689 , 0.39744115, 0.3386676 , 0.3817204 ],
        [0.34196806, 0.409031  , 0.3227185 , 0.34662536, 0.33864716,
         0.37876272, 0.39415297, 0.33736494, 0.38307878],
        [0.34107384, 0.4082335 , 0.3226881 , 0.34593546, 0.33852556,
         0.37942547, 0.39138126, 0.33610037, 0.38395163],
        [0.34160322, 0.40746474, 0.32464334, 0.34598944, 0.33667275,
         0.37904567, 0.38816124, 0.33446264, 0.38406256],
        [0.3400908 , 0.40718526, 0.32503444, 0.34684798, 0.33684784,
         0.37833875, 0.38648385, 0.33400005, 0.38440907],
        [0.33807132, 0.40743843, 0.32532763, 0.34681225, 0.33679557,
         0.3786686 , 0.38650906, 0.33439976, 0.38448638],
        [0.33576298, 0.40846333, 0.32592478, 0.3465514 , 0.33662757,
         0.37730372, 0.3868231 , 0.3354908 , 0.38377306],
        [0.33437893, 0.40801367, 0.3260842 , 0.345595  , 0.33823776,
         0.37637123, 0.38625047, 0.33672938, 0.38282365]]], dtype=float32), array([[[0.28065458, 0.28188717, 0.2809498 , 0.28062922, 0.28050053,
         0.28074083, 0.28132823, 0.28144252, 0.2816233 ],
        [0.28128403, 0.30902475, 0.29763502, 0.29833174, 0.29048356,
         0.32266787, 0.32902136, 0.29722545, 0.3030355 ],
        [0.29545015, 0.32592976, 0.31006292, 0.3128796 , 0.30414182,
         0.33601743, 0.3487375 , 0.3094255 , 0.3230396 ],
        [0.30443528, 0.33928162, 0.31855965, 0.32253113, 0.31390712,
         0.3465589 , 0.36216092, 0.3173479 , 0.33676296],
        [0.31202376, 0.3495222 , 0.32436097, 0.32999375, 0.3192147 ,
         0.3543628 , 0.37111795, 0.32365048, 0.3471973 ],
        [0.31750727, 0.358532  , 0.3270185 , 0.33537465, 0.32383475,
         0.359598  , 0.377793  , 0.32839158, 0.3540949 ],
        [0.3215512 , 0.36581418, 0.32857358, 0.3405077 , 0.3250458 ,
         0.3643572 , 0.38170734, 0.3307886 , 0.3602469 ],
        [0.32482457, 0.371245  , 0.32860637, 0.34468803, 0.32687742,
         0.36791036, 0.38546085, 0.33317915, 0.36460227],
        [0.32868823, 0.37550056, 0.32891995, 0.34630555, 0.32944602,
         0.36895248, 0.3867065 , 0.33509645, 0.3676134 ],
        [0.33172825, 0.3805931 , 0.32843152, 0.3475011 , 0.33124268,
         0.37023258, 0.38632983, 0.33652273, 0.36984548],
        [0.33549586, 0.38560867, 0.32794812, 0.34771207, 0.33222198,
         0.37162954, 0.38430026, 0.33836973, 0.37267646],
        [0.33862945, 0.3898433 , 0.32723382, 0.34820753, 0.33276436,
         0.37268594, 0.38363534, 0.3406407 , 0.37304688],
        [0.34176588, 0.39401954, 0.32733816, 0.34789598, 0.33420485,
         0.3740166 , 0.38376468, 0.3421263 , 0.3729313 ],
        [0.34246016, 0.39794856, 0.32706386, 0.34743544, 0.3359055 ,
         0.37339634, 0.38493693, 0.34254104, 0.37411302],
        [0.3426386 , 0.3997356 , 0.32748616, 0.34601864, 0.3369086 ,
         0.373104  , 0.3850521 , 0.34259814, 0.37518048],
        [0.341762  , 0.40197   , 0.32642654, 0.3430802 , 0.33784792,
         0.37268376, 0.3864995 , 0.3429983 , 0.37591195],
        [0.33984315, 0.40392104, 0.3259881 , 0.34093747, 0.3385879 ,
         0.37189448, 0.3875721 , 0.34265003, 0.37604976],
        [0.33879027, 0.4063976 , 0.32668614, 0.33964095, 0.33780795,
         0.37194207, 0.3880911 , 0.3421616 , 0.37588483],
        [0.3379745 , 0.40797454, 0.3268076 , 0.3394741 , 0.33659595,
         0.37314773, 0.38774547, 0.34170163, 0.37669548],
        [0.33719578, 0.40831125, 0.32623246, 0.33995187, 0.33732492,
         0.37267086, 0.38750145, 0.34188864, 0.37716088],
        [0.3353018 , 0.40846387, 0.3254241 , 0.34075344, 0.3370752 ,
         0.37248403, 0.38744986, 0.34135053, 0.37825748],
        [0.3346835 , 0.40763792, 0.32481682, 0.34214655, 0.3372932 ,
         0.37166098, 0.38757488, 0.34037662, 0.37960055],
        [0.33463243, 0.40681714, 0.3245058 , 0.34363118, 0.33736137,
         0.37170753, 0.3878499 , 0.33979782, 0.38014522],
        [0.3331432 , 0.40604818, 0.32425663, 0.3446559 , 0.33631808,
         0.37238422, 0.38797292, 0.33940023, 0.38139707],
        [0.33359835, 0.4058592 , 0.32468802, 0.34432834, 0.33610418,
         0.3719063 , 0.38774157, 0.3395847 , 0.38224134],
        [0.33409455, 0.40631682, 0.32430342, 0.34538072, 0.33502635,
         0.37121683, 0.38819456, 0.33894774, 0.38160563],
        [0.33583856, 0.40550902, 0.32390797, 0.34617165, 0.3343474 ,
         0.37081242, 0.3875931 , 0.3372419 , 0.38282344],
        [0.33664897, 0.40463325, 0.3229907 , 0.34739596, 0.3353047 ,
         0.36944884, 0.3867614 , 0.33610296, 0.3831067 ],
        [0.33712244, 0.40548724, 0.3226269 , 0.34870416, 0.33637112,
         0.36868396, 0.38586178, 0.33643955, 0.38281682],
        [0.33751297, 0.40538153, 0.3231815 , 0.34991845, 0.3372372 ,
         0.36866134, 0.3864061 , 0.3361525 , 0.3820959 ],
        [0.33765376, 0.4035786 , 0.32392845, 0.35137367, 0.33755127,
         0.36922088, 0.3860103 , 0.33550265, 0.3825985 ],
        [0.33645383, 0.40251744, 0.32459888, 0.35106558, 0.33693555,
         0.36987633, 0.38529038, 0.3359549 , 0.38214016]]], dtype=float32), array([[[0.28072608, 0.28005224, 0.28135258, 0.2808289 , 0.2805298 ,
         0.2808504 , 0.28108487, 0.27933666, 0.28165436],
        [0.28250366, 0.30724344, 0.29823005, 0.2998264 , 0.29001907,
         0.32396877, 0.32893136, 0.2942008 , 0.30236733],
        [0.29748216, 0.32635018, 0.31042218, 0.31431833, 0.3032527 ,
         0.3375725 , 0.34914574, 0.30638346, 0.32067287],
        [0.3061384 , 0.3406674 , 0.3175605 , 0.32349905, 0.31334153,
         0.34867758, 0.3628905 , 0.31494457, 0.33432063],
        [0.31190515, 0.35289493, 0.3223677 , 0.32948664, 0.31840476,
         0.3569956 , 0.37307674, 0.3215341 , 0.34535497],
        [0.3171243 , 0.36369509, 0.3264479 , 0.3337981 , 0.320217  ,
         0.36217362, 0.38013655, 0.32707483, 0.35369983],
        [0.32122275, 0.37294713, 0.32983464, 0.33756164, 0.32304057,
         0.36638805, 0.38540134, 0.33086866, 0.3593946 ],
        [0.32443932, 0.37976822, 0.3321809 , 0.33966792, 0.32636103,
         0.37022203, 0.38940322, 0.3330478 , 0.3630949 ],
        [0.3268933 , 0.38404873, 0.33275843, 0.3404391 , 0.32748467,
         0.37192547, 0.39256683, 0.3339704 , 0.36635643],
        [0.33008665, 0.38735276, 0.3320288 , 0.3416427 , 0.32857186,
         0.3725606 , 0.3939455 , 0.3351771 , 0.3689241 ],
        [0.33272558, 0.3904003 , 0.33160716, 0.3410586 , 0.32933596,
         0.37290257, 0.39503115, 0.33615926, 0.3697132 ],
        [0.33570296, 0.39351118, 0.33074352, 0.34035674, 0.32981703,
         0.37421402, 0.39651197, 0.33658257, 0.36977616],
        [0.33676016, 0.39533657, 0.33046666, 0.3401406 , 0.33067352,
         0.37473026, 0.395993  , 0.3363179 , 0.37073883],
        [0.33760276, 0.3954979 , 0.33036104, 0.34124854, 0.33105883,
         0.3753144 , 0.39446306, 0.33629167, 0.37098742],
        [0.33829206, 0.39612517, 0.33080623, 0.3415806 , 0.33159855,
         0.37685454, 0.3935899 , 0.33633822, 0.37091738],
        [0.33866522, 0.3978762 , 0.33151045, 0.34086424, 0.33090064,
         0.37710923, 0.39373615, 0.3376077 , 0.37077683],
        [0.33795568, 0.39968795, 0.33132312, 0.34221438, 0.3311328 ,
         0.37695682, 0.3948408 , 0.33726573, 0.3716484 ],
        [0.33605066, 0.40121335, 0.3305464 , 0.3447434 , 0.33122772,
         0.37644127, 0.3951007 , 0.33634165, 0.37311092],
        [0.3344892 , 0.4036831 , 0.32939634, 0.34645748, 0.33255637,
         0.37530556, 0.39614496, 0.33607417, 0.37442175],
        [0.3332315 , 0.4057254 , 0.32914692, 0.34675804, 0.33372474,
         0.37434658, 0.39608857, 0.3358186 , 0.37556657],
        [0.3332017 , 0.4057084 , 0.32829714, 0.34833264, 0.3351659 ,
         0.37354124, 0.39630252, 0.33589107, 0.3759341 ],
        [0.33445534, 0.4058869 , 0.3272284 , 0.35016894, 0.33670616,
         0.37182766, 0.39573705, 0.33640382, 0.37649754],
        [0.33574465, 0.4057653 , 0.32718092, 0.35131335, 0.33670184,
         0.37112164, 0.39412642, 0.33572468, 0.37692934],
        [0.3371651 , 0.40575758, 0.32748625, 0.35188016, 0.33646792,
         0.3707652 , 0.39295045, 0.33471987, 0.37682194],
        [0.33824122, 0.40558088, 0.32879335, 0.35145473, 0.3357401 ,
         0.37151736, 0.39204717, 0.3347919 , 0.37699187],
        [0.33917642, 0.40455344, 0.32972932, 0.3516439 , 0.33518583,
         0.37245366, 0.39048392, 0.3353349 , 0.37869203],
        [0.3401921 , 0.40535995, 0.33069062, 0.3525508 , 0.33546892,
         0.37352753, 0.3884824 , 0.33652532, 0.37957028],
        [0.33804706, 0.4080342 , 0.32984865, 0.353242  , 0.33675742,
         0.3756574 , 0.3876122 , 0.3379526 , 0.3804096 ],
        [0.33754718, 0.40871486, 0.32866985, 0.35305968, 0.33742687,
         0.37664324, 0.38688442, 0.33899957, 0.3817528 ],
        [0.33747032, 0.40932322, 0.32725638, 0.35076854, 0.33796117,
         0.3763233 , 0.38658252, 0.33985323, 0.3835723 ],
        [0.33754048, 0.41023353, 0.32644698, 0.34928107, 0.33866432,
         0.3754402 , 0.3859864 , 0.340718  , 0.38568008],
        [0.33606738, 0.41066012, 0.32677814, 0.34864938, 0.33799794,
         0.3734591 , 0.38482407, 0.33943   , 0.38694298]]], dtype=float32), array([[[0.2802293 , 0.28121176, 0.2813235 , 0.2814405 , 0.28142083,
         0.28034487, 0.28052106, 0.2801553 , 0.2813605 ],
        [0.28246337, 0.30885422, 0.29781234, 0.29980966, 0.2913786 ,
         0.32292303, 0.32851395, 0.29458547, 0.30266458],
        [0.2977147 , 0.32822198, 0.31015506, 0.31497487, 0.30543256,
         0.33627307, 0.3488964 , 0.3066748 , 0.32222852],
        [0.3083335 , 0.34326464, 0.31836182, 0.32505584, 0.31383863,
         0.34688517, 0.36107236, 0.31509325, 0.33778125],
        [0.31711042, 0.35447502, 0.32316777, 0.33244103, 0.32002476,
         0.35419804, 0.37065747, 0.32169005, 0.34847257],
        [0.32272756, 0.36329025, 0.3262648 , 0.33735022, 0.324441  ,
         0.35699707, 0.37820226, 0.32610813, 0.35677612],
        [0.32617876, 0.37076294, 0.3286368 , 0.3392662 , 0.32852063,
         0.35964605, 0.38333043, 0.32934442, 0.36289662],
        [0.3295306 , 0.3765598 , 0.3304399 , 0.3397571 , 0.33021384,
         0.36062336, 0.38639456, 0.33195004, 0.3665918 ],
        [0.33140996, 0.3815278 , 0.33133608, 0.34035984, 0.3316363 ,
         0.36203966, 0.38856962, 0.33455333, 0.36931068],
        [0.33377445, 0.3851975 , 0.33242625, 0.34142992, 0.3316586 ,
         0.36388108, 0.3885378 , 0.33631584, 0.37055826],
        [0.3354191 , 0.38831723, 0.3330333 , 0.34156385, 0.3306673 ,
         0.3645803 , 0.38912714, 0.33778122, 0.37198055],
        [0.33500162, 0.39018673, 0.33327797, 0.34210753, 0.32830665,
         0.36626664, 0.39005637, 0.3387151 , 0.3737979 ],
        [0.33541715, 0.3904654 , 0.33326924, 0.34373176, 0.3292149 ,
         0.36657903, 0.38941652, 0.3385436 , 0.37532634],
        [0.33452022, 0.3907746 , 0.33270448, 0.34351528, 0.33129373,
         0.36536273, 0.3896127 , 0.33873942, 0.3769064 ],
        [0.3338516 , 0.39125496, 0.33233696, 0.3418491 , 0.33206666,
         0.3636872 , 0.3901529 , 0.33946124, 0.37761316],
        [0.33443666, 0.39398485, 0.33243105, 0.33873817, 0.3322542 ,
         0.362544  , 0.38994017, 0.3392545 , 0.37966385],
        [0.33478656, 0.39640862, 0.33163932, 0.3372382 , 0.3329395 ,
         0.3619528 , 0.3898281 , 0.33864388, 0.38309667],
        [0.33659497, 0.39804152, 0.3306095 , 0.33576   , 0.33365923,
         0.3627844 , 0.3889311 , 0.33848917, 0.38522756],
        [0.3387892 , 0.3998222 , 0.33079115, 0.33448827, 0.3350319 ,
         0.36395606, 0.38766864, 0.33960098, 0.38579434],
        [0.34082288, 0.40056783, 0.33035353, 0.33425394, 0.33502933,
         0.36574867, 0.38746783, 0.3394154 , 0.38534984],
        [0.34184664, 0.40251496, 0.3296578 , 0.33419535, 0.33643398,
         0.3684299 , 0.38795608, 0.3397107 , 0.38496232],
        [0.34301683, 0.40341812, 0.32886702, 0.33393577, 0.3369469 ,
         0.37035856, 0.38825804, 0.3407306 , 0.3841388 ],
        [0.34260166, 0.4030477 , 0.3301673 , 0.33517334, 0.33556136,
         0.3715157 , 0.3873281 , 0.33921298, 0.38364407],
        [0.3408005 , 0.4039692 , 0.33227706, 0.33619726, 0.33481795,
         0.37410167, 0.3881837 , 0.33814898, 0.38246754],
        [0.34049326, 0.40436432, 0.3336981 , 0.33663926, 0.3331115 ,
         0.37611687, 0.38838238, 0.3382114 , 0.38023886],
        [0.3413659 , 0.4045563 , 0.33278057, 0.33737224, 0.332173  ,
         0.37555605, 0.38824642, 0.33875975, 0.37892205],
        [0.34051335, 0.4068732 , 0.3333096 , 0.3379689 , 0.3310762 ,
         0.37405252, 0.38867143, 0.33959308, 0.37759402],
        [0.34055507, 0.40865877, 0.3329577 , 0.3384343 , 0.33224902,
         0.37221184, 0.38837093, 0.34083024, 0.3759253 ],
        [0.3392902 , 0.40975195, 0.33159903, 0.34083426, 0.33396032,
         0.37118146, 0.38808975, 0.34171286, 0.37498397],
        [0.33956558, 0.41075778, 0.33102322, 0.34178516, 0.33422273,
         0.37214938, 0.38734183, 0.34169316, 0.37411663],
        [0.34019446, 0.41179278, 0.33092308, 0.34118825, 0.33439973,
         0.37242773, 0.3873704 , 0.3414409 , 0.3729138 ],
        [0.34005257, 0.41262928, 0.33094186, 0.34232932, 0.33364728,
         0.37218454, 0.38735485, 0.34052035, 0.37328726]]], dtype=float32)]