tf.Tensor(
[[[0.28234515 0.28148648 0.281101   0.28119978 0.2809155  0.28161886
   0.28125644 0.28034177 0.28060517]
  [0.28448978 0.31029275 0.29693326 0.29952213 0.28977063 0.3248136
   0.3288397  0.29655808 0.3015861 ]
  [0.29838493 0.32936063 0.30936643 0.3138754  0.30403656 0.33873335
   0.34872854 0.30985388 0.3202955 ]
  [0.30762482 0.34483457 0.31747302 0.32415822 0.31401715 0.3497176
   0.36111557 0.31810033 0.333612  ]
  [0.31429657 0.3560056  0.32201752 0.33083487 0.32044742 0.35712442
   0.3692956  0.32498735 0.3448514 ]
  [0.3207415  0.364664   0.32469293 0.3359006  0.3259443  0.3619942
   0.3737709  0.32965228 0.35362867]
  [0.32503706 0.37140352 0.32696405 0.33808297 0.33011615 0.36569875
   0.3766905  0.33286488 0.35936695]
  [0.32896465 0.3783133  0.32992977 0.3398755  0.33170673 0.36922917
   0.37782082 0.33491704 0.36470544]
  [0.33167532 0.38352716 0.3314962  0.3424611  0.33233416 0.3720947
   0.38002932 0.33659253 0.36787957]
  [0.33096644 0.38720194 0.3320295  0.34390274 0.33337814 0.37374848
   0.38213655 0.33702078 0.3699975 ]
  [0.33182102 0.38956994 0.33341625 0.344992   0.3334663  0.37474072
   0.38194957 0.33648163 0.3709235 ]
  [0.33296156 0.3948298  0.33327496 0.34616402 0.33367363 0.3755314
   0.38182837 0.33735284 0.37100023]
  [0.33471334 0.39834368 0.33401412 0.3452856  0.33315364 0.376563
   0.3819313  0.33752424 0.37110716]
  [0.33633265 0.4008526  0.33487663 0.34523422 0.33268762 0.37760496
   0.38192666 0.33738932 0.37186673]
  [0.33726612 0.40216693 0.33535516 0.34490335 0.33183137 0.37788215
   0.3823758  0.33741063 0.37305227]
  [0.33797014 0.40331516 0.33568475 0.34557778 0.33152243 0.3786061
   0.3833074  0.33822328 0.3740058 ]
  [0.33898494 0.40406755 0.3364681  0.34626245 0.33109066 0.37872925
   0.3829704  0.3380455  0.37431362]
  [0.33930096 0.4050712  0.33657914 0.3470751  0.33139712 0.37884802
   0.38214064 0.33833662 0.3750689 ]
  [0.33867076 0.40691397 0.33725074 0.3473651  0.33161435 0.37923864
   0.38346124 0.33904806 0.37329865]
  [0.33880594 0.40783146 0.33633712 0.34745649 0.33198202 0.38011318
   0.38457605 0.33929044 0.37273923]
  [0.3370817  0.40873864 0.3357947  0.34808248 0.33370018 0.3814735
   0.38597563 0.33987996 0.3716366 ]
  [0.33651224 0.4102568  0.3349037  0.34859705 0.33609298 0.38100305
   0.3862791  0.34021506 0.370749  ]
  [0.33720312 0.41127816 0.3344403  0.3484955  0.33652216 0.38118425
   0.3864614  0.34020072 0.3704996 ]
  [0.3381352  0.4113666  0.33431464 0.34574255 0.33610603 0.380149
   0.3857074  0.3397341  0.37071574]
  [0.33905575 0.41024482 0.33434334 0.34390768 0.33498043 0.37969455
   0.38498095 0.33852807 0.37067258]
  [0.33954626 0.41080245 0.33417556 0.34359983 0.33424452 0.38086912
   0.38490567 0.3373584  0.37122208]
  [0.34008175 0.41032428 0.3333393  0.34356087 0.33450928 0.381098
   0.3845258  0.3374291  0.37213695]
  [0.339474   0.41001067 0.33197123 0.3432557  0.33428308 0.38086808
   0.3845524  0.3367756  0.37261602]
  [0.3385772  0.4068629  0.3307251  0.34274834 0.33372575 0.3806579
   0.38359866 0.33547765 0.37416422]
  [0.33805633 0.40701586 0.32931432 0.34227645 0.33426437 0.37965807
   0.3825724  0.33547312 0.3745469 ]
  [0.3371556  0.40803105 0.3293548  0.3413276  0.33400202 0.3779274
   0.38224307 0.33511844 0.37571466]
  [0.3376537  0.4097478  0.32848608 0.34077293 0.33498198 0.37782213
   0.38130385 0.33501318 0.37705064]]], shape=(1, 32, 9), dtype=float32)