[array([[[2.39376370e-02, 6.87890351e-01, 6.97655201e-01, 1.75832156e-02,
         1.64943840e-02, 4.42723231e-03, 6.75854739e-03, 1.03768799e-03,
         4.18795422e-02],
        [3.20167746e-04, 8.69157672e-01, 8.64172161e-01, 3.39926453e-04,
         3.49784299e-04, 2.38056800e-05, 1.61997697e-04, 3.57619638e-06,
         6.58216141e-03],
        [1.91014173e-04, 9.47326779e-01, 9.44615662e-01, 1.39329626e-04,
         1.90761828e-04, 9.15400051e-06, 9.69212851e-05, 1.80953418e-06,
         5.32121398e-03],
        [1.84987497e-04, 9.79749620e-01, 9.78524327e-01, 1.12722606e-04,
         1.71369669e-04, 8.10156143e-06, 9.71877016e-05, 1.84596240e-06,
         5.27659571e-03],
        [1.89006212e-04, 9.92291033e-01, 9.91811574e-01, 1.04839419e-04,
         1.66497586e-04, 8.04508181e-06, 1.00063669e-04, 1.95116991e-06,
         5.33255143e-03],
        [1.89954764e-04, 9.97003973e-01, 9.96881247e-01, 1.04124207e-04,
         1.64187994e-04, 7.99525424e-06, 1.00212725e-04, 1.96886776e-06,
         5.33654355e-03],
        [1.92680614e-04, 9.98760343e-01, 9.98797297e-01, 1.02976781e-04,
         1.62727767e-04, 8.04228057e-06, 1.00376659e-04, 1.99794249e-06,
         5.35948062e-03],
        [1.94751818e-04, 9.99412239e-01, 9.99520361e-01, 1.02619131e-04,
         1.61580479e-04, 8.07565084e-06, 1.00063757e-04, 2.01516127e-06,
         5.37114730e-03],
        [1.96048393e-04, 9.99653876e-01, 9.99793530e-01, 1.02857528e-04,
         1.60477866e-04, 8.08761433e-06, 9.95273149e-05, 2.02265733e-06,
         5.38021233e-03],
        [1.96391309e-04, 9.99742389e-01, 9.99897540e-01, 1.03602579e-04,
         1.59345320e-04, 8.06724529e-06, 9.87375315e-05, 2.01344051e-06,
         5.37192961e-03],
        [1.98924914e-04, 9.99778330e-01, 9.99935925e-01, 1.02753205e-04,
         1.59017829e-04, 8.13231509e-06, 9.86183513e-05, 2.04369167e-06,
         5.38494997e-03],
        [2.01324379e-04, 9.99792933e-01, 9.99950230e-01, 1.02142265e-04,
         1.58630646e-04, 8.17941145e-06, 9.83203427e-05, 2.06685377e-06,
         5.39790001e-03],
        [2.02650845e-04, 9.99798596e-01, 9.99955654e-01, 1.02172067e-04,
         1.58019815e-04, 8.19682282e-06, 9.80372279e-05, 2.07530570e-06,
         5.40849706e-03],
        [2.03455769e-04, 9.99800324e-01, 9.99958158e-01, 1.02529681e-04,
         1.57095972e-04, 8.19108482e-06, 9.73666683e-05, 2.07418793e-06,
         5.40273869e-03],
        [2.04394717e-04, 9.99801517e-01, 9.99958992e-01, 1.02484948e-04,
         1.56544673e-04, 8.20598143e-06, 9.70686378e-05, 2.08106940e-06,
         5.40806027e-03],
        [2.04171316e-04, 9.99800801e-01, 9.99959767e-01, 1.03274710e-04,
         1.55918839e-04, 8.17188629e-06, 9.64576684e-05, 2.06931600e-06,
         5.39612491e-03],
        [2.03366653e-04, 9.99799371e-01, 9.99960601e-01, 1.04094273e-04,
         1.55263115e-04, 8.14018040e-06, 9.59808021e-05, 2.05635752e-06,
         5.38007356e-03],
        [2.03098461e-04, 9.99798417e-01, 9.99961019e-01, 1.04466766e-04,
         1.54488051e-04, 8.11807877e-06, 9.53251292e-05, 2.04323078e-06,
         5.36517240e-03],
        [2.06555967e-04, 9.99803185e-01, 9.99959350e-01, 1.02604135e-04,
         1.55174072e-04, 8.22995753e-06, 9.61000624e-05, 2.09533482e-06,
         5.40813943e-03],
        [2.07062767e-04, 9.99803066e-01, 9.99959469e-01, 1.02976708e-04,
         1.54876150e-04, 8.21231151e-06, 9.57871307e-05, 2.09167706e-06,
         5.39572258e-03],
        [2.07480130e-04, 9.99803007e-01, 9.99959528e-01, 1.03051185e-04,
         1.54503563e-04, 8.21918184e-06, 9.55189025e-05, 2.09224390e-06,
         5.40088303e-03],
        [2.07182122e-04, 9.99802172e-01, 9.99960065e-01, 1.03617429e-04,
         1.54175723e-04, 8.19197157e-06, 9.51761540e-05, 2.08171150e-06,
         5.39407181e-03],
        [2.08717101e-04, 9.99804318e-01, 9.99959230e-01, 1.02648824e-04,
         1.54146066e-04, 8.25186817e-06, 9.55040159e-05, 2.10616372e-06,
         5.40746935e-03],
        [2.09134421e-04, 9.99804258e-01, 9.99959350e-01, 1.02812766e-04,
         1.53862959e-04, 8.25572351e-06, 9.52953924e-05, 2.10664393e-06,
         5.40765282e-03],
        [2.09179198e-04, 9.99804258e-01, 9.99959469e-01, 1.03095896e-04,
         1.53684203e-04, 8.24051313e-06, 9.49526584e-05, 2.10456369e-06,
         5.40123181e-03],
        [2.10177750e-04, 9.99805212e-01, 9.99959230e-01, 1.02782964e-04,
         1.53758854e-04, 8.25965253e-06, 9.50718822e-05, 2.11386714e-06,
         5.41067589e-03],
        [2.08463985e-04, 9.99802470e-01, 9.99960184e-01, 1.04019760e-04,
         1.52924054e-04, 8.19623256e-06, 9.43714695e-05, 2.08478923e-06,
         5.38421376e-03],
        [2.09179329e-04, 9.99803543e-01, 9.99959886e-01, 1.03662103e-04,
         1.52804932e-04, 8.22325819e-06, 9.44608910e-05, 2.09700875e-06,
         5.39598009e-03],
        [2.09075049e-04, 9.99803066e-01, 9.99960005e-01, 1.03781320e-04,
         1.52611232e-04, 8.21739013e-06, 9.41777616e-05, 2.09335394e-06,
         5.38417790e-03],
        [2.09850012e-04, 9.99804258e-01, 9.99959767e-01, 1.03513114e-04,
         1.52611319e-04, 8.22572656e-06, 9.43267878e-05, 2.10135295e-06,
         5.39393863e-03],
        [2.10401427e-04, 9.99804616e-01, 9.99959588e-01, 1.03170365e-04,
         1.52894572e-04, 8.24429117e-06, 9.44460116e-05, 2.11005249e-06,
         5.39969839e-03],
        [2.10624974e-04, 9.99804795e-01, 9.99959469e-01, 1.03200160e-04,
         1.52685927e-04, 8.25362167e-06, 9.44758140e-05, 2.11194106e-06,
         5.40553126e-03]]], dtype=float32), array([[[9.8965317e-02, 6.3646340e-01, 6.5297002e-01, 3.0471999e-02,
         2.4718728e-02, 1.2540867e-02, 1.1771352e-02, 4.4764448e-03,
         5.0670040e-01],
        [3.3130967e-03, 8.5446447e-01, 8.4431386e-01, 2.5520148e-04,
         2.3767808e-04, 5.8254271e-05, 8.9642417e-05, 8.2637325e-06,
         8.1474507e-01],
        [1.9256930e-03, 9.4076645e-01, 9.3412697e-01, 6.3205975e-05,
         8.5537991e-05, 2.2866865e-05, 4.0348925e-05, 3.4413872e-06,
         9.2044783e-01],
        [2.1465500e-03, 9.7709644e-01, 9.7337747e-01, 4.5813566e-05,
         7.4375239e-05, 2.6626347e-05, 4.3123804e-05, 3.8695789e-06,
         9.6739352e-01],
        [2.3343444e-03, 9.9126279e-01, 9.8932129e-01, 4.1812902e-05,
         7.2019313e-05, 3.0422421e-05, 4.7172471e-05, 4.2991041e-06,
         9.8666102e-01],
        [2.4273705e-03, 9.9661869e-01, 9.9566513e-01, 4.0686082e-05,
         7.1318769e-05, 3.2449214e-05, 4.9546285e-05, 4.5491120e-06,
         9.9426717e-01],
        [2.4768538e-03, 9.9862134e-01, 9.9818647e-01, 4.0259536e-05,
         7.1288938e-05, 3.3576827e-05, 5.0987193e-05, 4.6945675e-06,
         9.9723411e-01],
        [2.4910879e-03, 9.9936610e-01, 9.9919647e-01, 4.0142757e-05,
         7.1110109e-05, 3.3829216e-05, 5.1278501e-05, 4.7343920e-06,
         9.9838191e-01],
        [2.4955440e-03, 9.9964303e-01, 9.9960452e-01, 4.0140727e-05,
         7.1110109e-05, 3.3883058e-05, 5.1324885e-05, 4.7371996e-06,
         9.9882531e-01],
        [2.4828434e-03, 9.9974513e-01, 9.9977219e-01, 4.0245824e-05,
         7.0871691e-05, 3.3536442e-05, 5.0830280e-05, 4.6931950e-06,
         9.9898928e-01],
        [2.4864646e-03, 9.9978369e-01, 9.9984020e-01, 4.0217088e-05,
         7.0946189e-05, 3.3707311e-05, 5.1045947e-05, 4.7148028e-06,
         9.9905837e-01],
        [2.4925603e-03, 9.9979788e-01, 9.9986845e-01, 4.0171475e-05,
         7.0961090e-05, 3.3761473e-05, 5.1150950e-05, 4.7330232e-06,
         9.9908721e-01],
        [2.4820515e-03, 9.9980259e-01, 9.9988151e-01, 4.0228595e-05,
         7.0722665e-05, 3.3464643e-05, 5.0688242e-05, 4.6901582e-06,
         9.9909115e-01],
        [2.4705292e-03, 9.9980396e-01, 9.9988747e-01, 4.0310668e-05,
         7.0588554e-05, 3.3161632e-05, 5.0320741e-05, 4.6487667e-06,
         9.9908864e-01],
        [2.5042293e-03, 9.9980628e-01, 9.9988681e-01, 4.0086896e-05,
         7.1020695e-05, 3.4011318e-05, 5.1430507e-05, 4.7723556e-06,
         9.9910825e-01],
        [2.5143954e-03, 9.9980682e-01, 9.9988723e-01, 4.0039678e-05,
         7.1050497e-05, 3.4206179e-05, 5.1727828e-05, 4.8036541e-06,
         9.9911487e-01],
        [2.5115339e-03, 9.9980652e-01, 9.9988794e-01, 4.0084571e-05,
         7.1050497e-05, 3.4172725e-05, 5.1601430e-05, 4.7956173e-06,
         9.9911416e-01],
        [2.5164967e-03, 9.9980658e-01, 9.9988794e-01, 4.0045481e-05,
         7.1065391e-05, 3.4254044e-05, 5.1695610e-05, 4.8115157e-06,
         9.9911636e-01],
        [2.5278693e-03, 9.9980712e-01, 9.9988687e-01, 4.0007959e-05,
         7.1214410e-05, 3.4577879e-05, 5.2104770e-05, 4.8564448e-06,
         9.9912167e-01],
        [2.5192092e-03, 9.9980652e-01, 9.9988770e-01, 4.0055260e-05,
         7.1080292e-05, 3.4274937e-05, 5.1682582e-05, 4.8137981e-06,
         9.9911517e-01],
        [2.5095942e-03, 9.9980611e-01, 9.9988878e-01, 4.0112100e-05,
         7.0767361e-05, 3.3959277e-05, 5.1285715e-05, 4.7733820e-06,
         9.9911147e-01],
        [2.5049280e-03, 9.9980569e-01, 9.9988914e-01, 4.0166418e-05,
         7.0871669e-05, 3.3835593e-05, 5.1135106e-05, 4.7623307e-06,
         9.9910939e-01],
        [2.5358121e-03, 9.9980736e-01, 9.9988633e-01, 3.9949435e-05,
         7.1199502e-05, 3.4675730e-05, 5.2255513e-05, 4.8814713e-06,
         9.9912584e-01],
        [2.5409251e-03, 9.9980724e-01, 9.9988616e-01, 3.9978819e-05,
         7.1199502e-05, 3.4732784e-05, 5.2248106e-05, 4.8893626e-06,
         9.9912763e-01],
        [2.5323548e-03, 9.9980676e-01, 9.9988705e-01, 4.0020626e-05,
         7.1050490e-05, 3.4487319e-05, 5.1933715e-05, 4.8541979e-06,
         9.9912250e-01],
        [2.5309969e-03, 9.9980640e-01, 9.9988711e-01, 4.0020743e-05,
         7.1095186e-05, 3.4455883e-05, 5.1886487e-05, 4.8542756e-06,
         9.9912041e-01],
        [2.5411928e-03, 9.9980730e-01, 9.9988592e-01, 3.9973365e-05,
         7.1199494e-05, 3.4803212e-05, 5.2339034e-05, 4.9056375e-06,
         9.9912846e-01],
        [2.5447852e-03, 9.9980724e-01, 9.9988580e-01, 3.9911432e-05,
         7.1169692e-05, 3.4812037e-05, 5.2355957e-05, 4.9078239e-06,
         9.9912894e-01],
        [2.5469763e-03, 9.9980724e-01, 9.9988580e-01, 3.9918090e-05,
         7.1169699e-05, 3.4799585e-05, 5.2347037e-05, 4.9088749e-06,
         9.9913061e-01],
        [2.5447104e-03, 9.9980700e-01, 9.9988604e-01, 3.9951301e-05,
         7.1095186e-05, 3.4780664e-05, 5.2285199e-05, 4.9036003e-06,
         9.9912870e-01],
        [2.5483174e-03, 9.9980688e-01, 9.9988574e-01, 3.9943265e-05,
         7.1154791e-05, 3.4847872e-05, 5.2351395e-05, 4.9151286e-06,
         9.9913001e-01],
        [2.5398652e-03, 9.9980664e-01, 9.9988663e-01, 3.9967079e-05,
         7.1020680e-05, 3.4589342e-05, 5.2022820e-05, 4.8818447e-06,
         9.9912518e-01]]], dtype=float32), array([[[4.38306361e-01, 3.60917598e-01, 4.10038948e-01, 1.58814386e-01,
         1.56309426e-01, 1.43111676e-01, 1.19185254e-01, 1.37368530e-01,
         3.39533418e-01],
        [7.79815376e-01, 4.72289890e-01, 6.23577654e-01, 1.67510193e-02,
         1.28150536e-02, 2.01217774e-02, 7.34957820e-03, 2.17314381e-02,
         4.76044744e-01],
        [9.07826841e-01, 2.55504340e-01, 5.40954769e-01, 1.01435231e-02,
         7.89451133e-03, 4.12082188e-02, 1.13109509e-02, 2.22925290e-01,
         4.99831438e-01],
        [9.61659968e-01, 9.53051541e-03, 3.95603657e-01, 1.73842862e-01,
         1.54982340e-02, 2.19880238e-01, 5.83026782e-02, 7.49265909e-01,
         4.25536036e-01],
        [9.81176078e-01, 2.11461121e-03, 2.16022342e-01, 3.76226962e-01,
         2.22452767e-02, 2.70173281e-01, 1.01427473e-01, 6.08824790e-01,
         9.23632979e-02],
        [9.78917181e-01, 2.36682734e-03, 9.07329246e-02, 4.35396314e-01,
         3.58532555e-02, 2.73143917e-01, 1.31635994e-01, 4.85004961e-01,
         1.25824288e-02],
        [9.70717311e-01, 2.89020711e-03, 4.09457237e-02, 4.49092031e-01,
         3.37626636e-02, 2.57189423e-01, 1.25029579e-01, 4.46996152e-01,
         4.05247789e-03],
        [9.63079274e-01, 3.52196675e-03, 1.99931562e-02, 4.36174393e-01,
         2.74301227e-02, 2.51325071e-01, 1.32284909e-01, 4.17429686e-01,
         1.84673164e-03],
        [9.57182348e-01, 4.25610691e-03, 1.31594157e-02, 4.12946075e-01,
         2.40661632e-02, 2.56118029e-01, 1.36484057e-01, 3.94852936e-01,
         1.19424926e-03],
        [9.51878726e-01, 5.13908500e-03, 1.03453537e-02, 3.86368543e-01,
         2.25135479e-02, 2.68639028e-01, 1.38044983e-01, 3.68717670e-01,
         9.03993903e-04],
        [9.44869757e-01, 5.64616127e-03, 8.48219264e-03, 3.58104438e-01,
         2.19677333e-02, 2.77675599e-01, 1.42960876e-01, 3.46037656e-01,
         7.69679376e-04],
        [9.36005592e-01, 5.75198606e-03, 7.34520890e-03, 3.34108949e-01,
         2.24294923e-02, 2.85341352e-01, 1.49096340e-01, 3.34896088e-01,
         7.28900544e-04],
        [9.28566217e-01, 5.91575634e-03, 6.90735644e-03, 3.17887872e-01,
         2.30693482e-02, 2.89527655e-01, 1.56750634e-01, 3.29596132e-01,
         7.12874054e-04],
        [9.22796607e-01, 6.33638026e-03, 6.74052024e-03, 3.08055162e-01,
         2.34666541e-02, 2.90757447e-01, 1.65656209e-01, 3.26501280e-01,
         6.96029747e-04],
        [9.19064164e-01, 6.97640050e-03, 6.56848261e-03, 3.05170864e-01,
         2.35722233e-02, 2.89397448e-01, 1.72883034e-01, 3.24549347e-01,
         6.83438673e-04],
        [9.17856097e-01, 7.64123397e-03, 6.38881000e-03, 3.05236220e-01,
         2.35927571e-02, 2.86374211e-01, 1.76590249e-01, 3.22659224e-01,
         6.77904347e-04],
        [9.16950583e-01, 8.21484439e-03, 6.19912427e-03, 3.05823386e-01,
         2.32535917e-02, 2.83269346e-01, 1.76974639e-01, 3.21025461e-01,
         6.76839147e-04],
        [9.15913165e-01, 8.60507507e-03, 5.92575362e-03, 3.09312463e-01,
         2.26543602e-02, 2.82165468e-01, 1.75613716e-01, 3.21191788e-01,
         6.84233266e-04],
        [9.15311873e-01, 9.02274903e-03, 5.70477825e-03, 3.12982410e-01,
         2.19047572e-02, 2.84299642e-01, 1.74460128e-01, 3.20772558e-01,
         6.99938915e-04],
        [9.14417565e-01, 9.57837235e-03, 5.52520063e-03, 3.18741232e-01,
         2.11750735e-02, 2.90416569e-01, 1.75160244e-01, 3.17326695e-01,
         7.13894493e-04],
        [9.14260983e-01, 1.01895928e-02, 5.49142249e-03, 3.24252963e-01,
         2.04189997e-02, 2.95510292e-01, 1.77578807e-01, 3.08535516e-01,
         7.25491787e-04],
        [9.14688468e-01, 1.10416459e-02, 5.32001024e-03, 3.31881344e-01,
         1.94808189e-02, 3.02648306e-01, 1.81988075e-01, 2.98545390e-01,
         7.55693763e-04],
        [9.15228128e-01, 1.15595041e-02, 5.20832930e-03, 3.32865536e-01,
         1.89867262e-02, 3.05806994e-01, 1.86651006e-01, 2.87292391e-01,
         8.03102914e-04],
        [9.15329814e-01, 1.17850769e-02, 4.97457478e-03, 3.29226732e-01,
         1.88795887e-02, 3.08424443e-01, 1.93839610e-01, 2.77724683e-01,
         8.62730667e-04],
        [9.17284906e-01, 1.19984969e-02, 4.64793481e-03, 3.23596120e-01,
         1.86722707e-02, 3.12326699e-01, 2.02369764e-01, 2.70743012e-01,
         9.36505094e-04],
        [9.20147538e-01, 1.21164164e-02, 4.36699437e-03, 3.20838422e-01,
         1.82506330e-02, 3.15939218e-01, 2.10643306e-01, 2.66756237e-01,
         1.00889709e-03],
        [9.21999395e-01, 1.20096514e-02, 4.13230946e-03, 3.21542829e-01,
         1.74527317e-02, 3.18503857e-01, 2.18766555e-01, 2.62848377e-01,
         1.08153094e-03],
        [9.23735380e-01, 1.17088212e-02, 3.94294690e-03, 3.23576361e-01,
         1.66027248e-02, 3.19267035e-01, 2.28221059e-01, 2.60991067e-01,
         1.15278375e-03],
        [9.24489796e-01, 1.14000915e-02, 3.80470441e-03, 3.26228738e-01,
         1.58663448e-02, 3.20155740e-01, 2.35364422e-01, 2.59371549e-01,
         1.16856396e-03],
        [9.24952149e-01, 1.13596637e-02, 3.65902786e-03, 3.29120457e-01,
         1.53728919e-02, 3.23438346e-01, 2.40661398e-01, 2.60479122e-01,
         1.17662293e-03],
        [9.24522460e-01, 1.14666158e-02, 3.58621567e-03, 3.30569863e-01,
         1.50133818e-02, 3.26625347e-01, 2.43076518e-01, 2.59810746e-01,
         1.17672142e-03],
        [9.23984289e-01, 1.16291773e-02, 3.49435816e-03, 3.31844538e-01,
         1.47344070e-02, 3.30302507e-01, 2.44550109e-01, 2.59100437e-01,
         1.18270202e-03]]], dtype=float32), array([[[6.3482463e-01, 4.8547021e-01, 6.8636233e-01, 1.4246942e-02,
         1.0730878e-02, 4.8271059e-03, 2.3700120e-03, 9.8506047e-04,
         3.8779253e-01],
        [8.2899046e-01, 4.1135991e-01, 8.3767480e-01, 2.0468323e-03,
         1.4666283e-03, 6.0255110e-04, 1.7985728e-04, 1.2535114e-04,
         4.1473609e-01],
        [7.3255855e-01, 2.8916636e-01, 8.7046593e-01, 2.6341483e-03,
         1.3013971e-03, 8.4909261e-04, 1.2367728e-04, 2.2820845e-04,
         3.8548671e-02],
        [1.7820768e-02, 6.5761828e-01, 6.4932328e-01, 7.7957930e-03,
         2.9967229e-03, 4.3674102e-03, 7.1341341e-04, 7.8595686e-04,
         3.3887031e-03],
        [5.3320443e-03, 8.4807652e-01, 4.8950720e-01, 8.6401086e-03,
         4.0148832e-03, 5.0144373e-03, 7.3211017e-04, 6.7202881e-04,
         3.4926175e-03],
        [4.4886200e-03, 9.2069024e-01, 4.8031405e-01, 8.2421955e-03,
         4.1070101e-03, 4.9733422e-03, 6.7449245e-04, 6.0335809e-04,
         3.5571863e-03],
        [4.2095976e-03, 9.4938350e-01, 4.6685898e-01, 8.2446234e-03,
         4.0864241e-03, 4.9725687e-03, 6.5236131e-04, 5.8810448e-04,
         3.6106238e-03],
        [4.1041481e-03, 9.6119958e-01, 4.5276457e-01, 8.3314953e-03,
         4.1143480e-03, 5.0388062e-03, 6.4440764e-04, 5.8597885e-04,
         3.6303946e-03],
        [4.0643639e-03, 9.6614039e-01, 4.4022125e-01, 8.4102638e-03,
         4.1451594e-03, 5.0979336e-03, 6.4127333e-04, 5.8487395e-04,
         3.6342107e-03],
        [4.0462124e-03, 9.6823001e-01, 4.2947853e-01, 8.4695676e-03,
         4.1673710e-03, 5.1502949e-03, 6.4021000e-04, 5.8583752e-04,
         3.6252318e-03],
        [4.0388466e-03, 9.6918160e-01, 4.2037892e-01, 8.5131973e-03,
         4.1827280e-03, 5.1849047e-03, 6.4051303e-04, 5.8687187e-04,
         3.6096573e-03],
        [4.0385802e-03, 9.6967107e-01, 4.1264898e-01, 8.5402466e-03,
         4.1907001e-03, 5.2046091e-03, 6.4148329e-04, 5.8778428e-04,
         3.5882003e-03],
        [4.0332605e-03, 9.6988481e-01, 4.0637600e-01, 8.5711079e-03,
         4.1962960e-03, 5.2307690e-03, 6.4251310e-04, 5.9026375e-04,
         3.5676658e-03],
        [4.0340377e-03, 9.7003990e-01, 4.0091938e-01, 8.5889688e-03,
         4.1977954e-03, 5.2398774e-03, 6.4450892e-04, 5.9206964e-04,
         3.5433783e-03],
        [4.0285070e-03, 9.7009665e-01, 3.9650688e-01, 8.6160777e-03,
         4.1993782e-03, 5.2575413e-03, 6.4553635e-04, 5.9471204e-04,
         3.5200482e-03],
        [4.0200539e-03, 9.7009891e-01, 3.9298129e-01, 8.6481366e-03,
         4.2017237e-03, 5.2814051e-03, 6.4672896e-04, 5.9822027e-04,
         3.4973384e-03],
        [4.0178183e-03, 9.7013265e-01, 3.8980886e-01, 8.6654657e-03,
         4.1983225e-03, 5.2840598e-03, 6.4817187e-04, 6.0024991e-04,
         3.4727706e-03],
        [4.0056170e-03, 9.7008485e-01, 3.8747293e-01, 8.6991265e-03,
         4.2002397e-03, 5.3097126e-03, 6.4902194e-04, 6.0392253e-04,
         3.4536035e-03],
        [3.9985776e-03, 9.7007370e-01, 3.8548312e-01, 8.7221544e-03,
         4.1992408e-03, 5.3228606e-03, 6.4998970e-04, 6.0623669e-04,
         3.4345933e-03],
        [3.9972938e-03, 9.7008920e-01, 3.8366213e-01, 8.7336367e-03,
         4.1951528e-03, 5.3249928e-03, 6.5126957e-04, 6.0780352e-04,
         3.4157846e-03],
        [3.9999899e-03, 9.7015399e-01, 3.8200513e-01, 8.7373238e-03,
         4.1902112e-03, 5.3171548e-03, 6.5263722e-04, 6.0808635e-04,
         3.3973246e-03],
        [3.9909030e-03, 9.7007513e-01, 3.8088858e-01, 8.7645408e-03,
         4.1894601e-03, 5.3351168e-03, 6.5272721e-04, 6.1089359e-04,
         3.3839417e-03],
        [3.9894078e-03, 9.7011805e-01, 3.7978622e-01, 8.7714698e-03,
         4.1855238e-03, 5.3344481e-03, 6.5361930e-04, 6.1131147e-04,
         3.3709395e-03],
        [3.9852862e-03, 9.7009873e-01, 3.7896806e-01, 8.7852078e-03,
         4.1834326e-03, 5.3436160e-03, 6.5394677e-04, 6.1275996e-04,
         3.3608384e-03],
        [3.9841016e-03, 9.7010761e-01, 3.7818608e-01, 8.7907957e-03,
         4.1784588e-03, 5.3420975e-03, 6.5445190e-04, 6.1335717e-04,
         3.3501908e-03],
        [3.9848983e-03, 9.7012293e-01, 3.7753099e-01, 8.7945722e-03,
         4.1752341e-03, 5.3425166e-03, 6.5482396e-04, 6.1361113e-04,
         3.3425165e-03],
        [3.9749737e-03, 9.7004104e-01, 3.7714061e-01, 8.8174772e-03,
         4.1755736e-03, 5.3596138e-03, 6.5458653e-04, 6.1592582e-04,
         3.3343483e-03],
        [3.9911191e-03, 9.7021592e-01, 3.7624913e-01, 8.7913908e-03,
         4.1676075e-03, 5.3245747e-03, 6.5669743e-04, 6.1299774e-04,
         3.3239091e-03],
        [3.9874269e-03, 9.7015607e-01, 3.7581068e-01, 8.8046854e-03,
         4.1650445e-03, 5.3325500e-03, 6.5617613e-04, 6.1481929e-04,
         3.3166374e-03],
        [3.9868942e-03, 9.7017205e-01, 3.7545523e-01, 8.8086547e-03,
         4.1622934e-03, 5.3342055e-03, 6.5639900e-04, 6.1461114e-04,
         3.3116236e-03],
        [3.9821877e-03, 9.7009200e-01, 3.7528735e-01, 8.8207992e-03,
         4.1609821e-03, 5.3454014e-03, 6.5570016e-04, 6.1635871e-04,
         3.3095086e-03],
        [3.9857114e-03, 9.7013271e-01, 3.7491277e-01, 8.8181589e-03,
         4.1576927e-03, 5.3383815e-03, 6.5623526e-04, 6.1579107e-04,
         3.3032671e-03]]], dtype=float32), array([[[4.61209476e-01, 3.30616504e-01, 5.04618883e-01, 1.17945701e-01,
         9.85904410e-02, 7.22535327e-02, 5.39288595e-02, 4.00351696e-02,
         2.51799941e-01],
        [7.21324027e-01, 2.01593846e-01, 7.99781263e-01, 1.23306895e-02,
         5.48189925e-03, 2.16809963e-03, 7.24516751e-04, 4.88825142e-04,
         1.26875147e-01],
        [7.29127169e-01, 2.17013396e-02, 9.07474458e-01, 6.28693216e-03,
         2.29054317e-03, 9.35165503e-04, 2.04782424e-04, 2.48134485e-04,
         2.62721386e-02],
        [1.09881610e-01, 3.94610688e-03, 9.49775279e-01, 4.13041795e-03,
         3.59165389e-03, 2.71984329e-03, 3.40164494e-04, 8.10387952e-04,
         4.36736178e-03],
        [5.31039480e-03, 1.74517240e-02, 9.61223722e-01, 3.08291614e-02,
         4.35408019e-03, 7.05623347e-03, 8.16881482e-04, 1.25350943e-03,
         3.68759991e-03],
        [2.99402745e-03, 4.18954939e-02, 9.76734638e-01, 4.49875258e-02,
         4.46187006e-03, 7.22602382e-03, 5.31356491e-04, 8.03537027e-04,
         3.69105441e-03],
        [2.51047732e-03, 5.12571372e-02, 9.83489096e-01, 4.68297303e-02,
         4.41098865e-03, 7.31139164e-03, 4.95752261e-04, 7.71229563e-04,
         3.59678897e-03],
        [2.30695773e-03, 5.47190383e-02, 9.86473382e-01, 4.84410487e-02,
         4.48835921e-03, 7.56282173e-03, 5.14427549e-04, 8.23989743e-04,
         3.49246687e-03],
        [2.23557861e-03, 5.63926883e-02, 9.87838745e-01, 4.89954762e-02,
         4.53646667e-03, 7.67269172e-03, 5.27274795e-04, 8.59788852e-04,
         3.46563174e-03],
        [2.20935931e-03, 5.72721176e-02, 9.88452017e-01, 4.89103310e-02,
         4.55662934e-03, 7.68642221e-03, 5.32617851e-04, 8.77416111e-04,
         3.46534629e-03],
        [2.19575642e-03, 5.78109846e-02, 9.88709152e-01, 4.87173684e-02,
         4.57470631e-03, 7.67722866e-03, 5.36109379e-04, 8.88283073e-04,
         3.46245477e-03],
        [2.18485366e-03, 5.81659079e-02, 9.88784134e-01, 4.85425852e-02,
         4.58926195e-03, 7.66995642e-03, 5.39462490e-04, 8.97126505e-04,
         3.45370802e-03],
        [2.17613764e-03, 5.84809110e-02, 9.88761842e-01, 4.83561046e-02,
         4.60375613e-03, 7.66545394e-03, 5.42736088e-04, 9.06230824e-04,
         3.43974354e-03],
        [2.16111587e-03, 5.87129071e-02, 9.88689542e-01, 4.80840616e-02,
         4.61881422e-03, 7.65746273e-03, 5.45226852e-04, 9.17222409e-04,
         3.41206742e-03],
        [2.15058774e-03, 5.89740910e-02, 9.88557816e-01, 4.78069521e-02,
         4.63263039e-03, 7.64783053e-03, 5.47026226e-04, 9.30338574e-04,
         3.38970893e-03],
        [2.13618227e-03, 5.92357591e-02, 9.88398314e-01, 4.74583581e-02,
         4.64585423e-03, 7.64846383e-03, 5.48476062e-04, 9.46400629e-04,
         3.35982884e-03],
        [2.12348672e-03, 5.95482700e-02, 9.88201261e-01, 4.71113287e-02,
         4.65313671e-03, 7.66726397e-03, 5.50070603e-04, 9.64633480e-04,
         3.33101349e-03],
        [2.11044424e-03, 5.98940253e-02, 9.87987638e-01, 4.66988757e-02,
         4.66341665e-03, 7.68482639e-03, 5.51034405e-04, 9.84114595e-04,
         3.30142467e-03],
        [2.09824275e-03, 6.02159500e-02, 9.87775087e-01, 4.63028029e-02,
         4.66994895e-03, 7.70216482e-03, 5.51846751e-04, 1.00371579e-03,
         3.27355671e-03],
        [2.08113715e-03, 6.04650863e-02, 9.87608790e-01, 4.58687060e-02,
         4.67332080e-03, 7.70626962e-03, 5.51567646e-04, 1.02190371e-03,
         3.24108312e-03],
        [2.07394827e-03, 6.07378557e-02, 9.87444103e-01, 4.55875546e-02,
         4.67849895e-03, 7.72211980e-03, 5.52710902e-04, 1.03516190e-03,
         3.22348997e-03],
        [2.06739991e-03, 6.09652475e-02, 9.87320721e-01, 4.53321040e-02,
         4.68265638e-03, 7.73005839e-03, 5.53901133e-04, 1.04505604e-03,
         3.20912455e-03],
        [2.06313212e-03, 6.11768626e-02, 9.87225771e-01, 4.51414287e-02,
         4.68603522e-03, 7.73710432e-03, 5.55407023e-04, 1.05195830e-03,
         3.19992704e-03],
        [2.05809553e-03, 6.13557175e-02, 9.87167358e-01, 4.49348539e-02,
         4.68843197e-03, 7.73918768e-03, 5.56315994e-04, 1.05656788e-03,
         3.19056422e-03],
        [2.05463660e-03, 6.14729822e-02, 9.87122536e-01, 4.47769314e-02,
         4.69099265e-03, 7.73066096e-03, 5.57017338e-04, 1.05924183e-03,
         3.18666385e-03],
        [2.05577957e-03, 6.16377741e-02, 9.87070084e-01, 4.46805507e-02,
         4.69423644e-03, 7.73736602e-03, 5.58854954e-04, 1.06024777e-03,
         3.18605546e-03],
        [2.05597072e-03, 6.17606044e-02, 9.87034798e-01, 4.45789397e-02,
         4.69614891e-03, 7.73551688e-03, 5.60170447e-04, 1.06055394e-03,
         3.18781123e-03],
        [2.05600006e-03, 6.18987381e-02, 9.87004876e-01, 4.44968976e-02,
         4.69803670e-03, 7.74217723e-03, 5.61917608e-04, 1.06077211e-03,
         3.18625337e-03],
        [2.05376046e-03, 6.19537830e-02, 9.86985683e-01, 4.44019549e-02,
         4.69795242e-03, 7.74049247e-03, 5.63381182e-04, 1.06078153e-03,
         3.18448665e-03],
        [2.05494347e-03, 6.20924532e-02, 9.86966491e-01, 4.43100557e-02,
         4.69836267e-03, 7.73743680e-03, 5.64173679e-04, 1.05985207e-03,
         3.18816956e-03],
        [2.05791974e-03, 6.22242689e-02, 9.86940742e-01, 4.42615151e-02,
         4.70052660e-03, 7.74382986e-03, 5.65937138e-04, 1.05874415e-03,
         3.19238496e-03],
        [2.05710414e-03, 6.23005927e-02, 9.86927867e-01, 4.41734791e-02,
         4.70273895e-03, 7.74262147e-03, 5.67042385e-04, 1.05787511e-03,
         3.19252093e-03]]], dtype=float32), array([[[5.91636181e-01, 2.91870385e-01, 6.55075431e-01, 3.27618830e-02,
         2.15729084e-02, 1.01522785e-02, 5.11745317e-03, 3.40295723e-03,
         1.21583953e-01],
        [6.52324736e-01, 3.08110695e-02, 8.36987913e-01, 1.25102894e-02,
         2.90618581e-03, 1.51220406e-03, 2.97610241e-04, 3.35599907e-04,
         1.53904874e-02],
        [8.23403448e-02, 6.35119947e-03, 8.67608666e-01, 3.05806398e-02,
         4.83410852e-03, 5.86184906e-03, 3.61738232e-04, 6.82932441e-04,
         4.51398315e-03],
        [6.24935701e-03, 2.35977583e-02, 6.81379557e-01, 3.45092535e-01,
         1.07689695e-02, 1.94506906e-02, 1.01669901e-03, 1.15142774e-03,
         5.52755920e-03],
        [3.57660139e-03, 6.05011694e-02, 6.04116738e-01, 4.46628064e-01,
         1.51337162e-02, 2.21192595e-02, 8.68124713e-04, 8.99128092e-04,
         5.11915796e-03],
        [3.29089654e-03, 8.29155371e-02, 5.71048617e-01, 4.57329035e-01,
         1.54514760e-02, 2.07180511e-02, 8.19778186e-04, 9.44179192e-04,
         5.08382777e-03],
        [3.32413148e-03, 9.66928005e-02, 5.50378799e-01, 4.57949907e-01,
         1.56809576e-02, 1.96758602e-02, 8.24110291e-04, 1.01050665e-03,
         5.34206117e-03],
        [3.33323795e-03, 1.02361463e-01, 5.42505205e-01, 4.58481938e-01,
         1.58850346e-02, 1.95252094e-02, 8.28022603e-04, 1.02879677e-03,
         5.43622999e-03],
        [3.32456594e-03, 1.04871422e-01, 5.38260877e-01, 4.59039629e-01,
         1.60263348e-02, 1.95692275e-02, 8.32918799e-04, 1.03190262e-03,
         5.46857109e-03],
        [3.31754703e-03, 1.06428675e-01, 5.35051703e-01, 4.59524751e-01,
         1.61531549e-02, 1.96377989e-02, 8.38896318e-04, 1.03221438e-03,
         5.48813492e-03],
        [3.30661610e-03, 1.07610680e-01, 5.31607211e-01, 4.59918737e-01,
         1.62518527e-02, 1.97150912e-02, 8.44636932e-04, 1.03304978e-03,
         5.49735455e-03],
        [3.30110313e-03, 1.08665429e-01, 5.28894424e-01, 4.60292011e-01,
         1.63616221e-02, 1.98157597e-02, 8.50316894e-04, 1.03358482e-03,
         5.51111624e-03],
        [3.29297269e-03, 1.09487861e-01, 5.26087463e-01, 4.60566342e-01,
         1.64369438e-02, 1.98984575e-02, 8.55039223e-04, 1.03482360e-03,
         5.51806856e-03],
        [3.28639965e-03, 1.10274166e-01, 5.23840845e-01, 4.60848302e-01,
         1.65231563e-02, 1.99937727e-02, 8.59431457e-04, 1.03567389e-03,
         5.52800624e-03],
        [3.27988481e-03, 1.10917449e-01, 5.21727264e-01, 4.61046606e-01,
         1.65779721e-02, 2.00814884e-02, 8.62715882e-04, 1.03655632e-03,
         5.53830527e-03],
        [3.27517581e-03, 1.11537464e-01, 5.20027757e-01, 4.61245507e-01,
         1.66405775e-02, 2.01753732e-02, 8.65595764e-04, 1.03733339e-03,
         5.54985274e-03],
        [3.26879486e-03, 1.12046868e-01, 5.18393397e-01, 4.61383581e-01,
         1.66757051e-02, 2.02548429e-02, 8.67741881e-04, 1.03815761e-03,
         5.56102674e-03],
        [3.26392753e-03, 1.12480409e-01, 5.16984105e-01, 4.61474657e-01,
         1.66985448e-02, 2.03252994e-02, 8.69484094e-04, 1.03881885e-03,
         5.57287131e-03],
        [3.25854006e-03, 1.12907700e-01, 5.15681505e-01, 4.61577922e-01,
         1.67241897e-02, 2.04028785e-02, 8.70940741e-04, 1.03934563e-03,
         5.58569934e-03],
        [3.25352536e-03, 1.13268763e-01, 5.14508843e-01, 4.61644709e-01,
         1.67374294e-02, 2.04697698e-02, 8.72158154e-04, 1.03988813e-03,
         5.59791364e-03],
        [3.24827665e-03, 1.13695890e-01, 5.13341606e-01, 4.61738169e-01,
         1.67614445e-02, 2.05645896e-02, 8.73300771e-04, 1.04049046e-03,
         5.61457593e-03],
        [3.24334810e-03, 1.13974921e-01, 5.12354493e-01, 4.61761117e-01,
         1.67561136e-02, 2.06179488e-02, 8.73574812e-04, 1.04061689e-03,
         5.62782679e-03],
        [3.23803234e-03, 1.14275567e-01, 5.11400163e-01, 4.61806208e-01,
         1.67599916e-02, 2.06825305e-02, 8.74267193e-04, 1.04086264e-03,
         5.64151723e-03],
        [3.23391566e-03, 1.14569791e-01, 5.10526001e-01, 4.61832345e-01,
         1.67596936e-02, 2.07463820e-02, 8.74585938e-04, 1.04116800e-03,
         5.65693481e-03],
        [3.22936638e-03, 1.14848867e-01, 5.09654045e-01, 4.61855024e-01,
         1.67578999e-02, 2.08116062e-02, 8.75069061e-04, 1.04156334e-03,
         5.67221921e-03],
        [3.22365179e-03, 1.15211487e-01, 5.08706510e-01, 4.61920828e-01,
         1.67687032e-02, 2.08996739e-02, 8.75298574e-04, 1.04174938e-03,
         5.68976579e-03],
        [3.22028087e-03, 1.15350008e-01, 5.08035779e-01, 4.61888373e-01,
         1.67439766e-02, 2.09259093e-02, 8.75241356e-04, 1.04175729e-03,
         5.70096774e-03],
        [3.21429921e-03, 1.15769327e-01, 5.07057130e-01, 4.61964965e-01,
         1.67600755e-02, 2.10389998e-02, 8.75755737e-04, 1.04216789e-03,
         5.72329247e-03],
        [3.20846378e-03, 1.16130680e-01, 5.06117404e-01, 4.62015331e-01,
         1.67653095e-02, 2.11302862e-02, 8.75940197e-04, 1.04228104e-03,
         5.74304443e-03],
        [3.20334360e-03, 1.16374373e-01, 5.05307913e-01, 4.62025374e-01,
         1.67561583e-02, 2.11895630e-02, 8.75764352e-04, 1.04240864e-03,
         5.75848622e-03],
        [3.19995894e-03, 1.16541624e-01, 5.04726410e-01, 4.62006211e-01,
         1.67392809e-02, 2.12247577e-02, 8.75752012e-04, 1.04234205e-03,
         5.77147072e-03],
        [3.19440919e-03, 1.16861373e-01, 5.03860414e-01, 4.62046444e-01,
         1.67400390e-02, 2.13103816e-02, 8.75936414e-04, 1.04263402e-03,
         5.79045247e-03]]], dtype=float32), array([[[5.06050289e-01, 2.22414419e-01, 6.56352401e-01, 4.02829945e-02,
         1.87447108e-02, 8.83584842e-03, 4.98801097e-03, 2.83580832e-03,
         1.29464015e-01],
        [4.10301566e-01, 2.80254055e-02, 8.44447017e-01, 4.13797935e-03,
         1.06802059e-03, 7.01391604e-04, 1.37553885e-04, 7.26638682e-05,
         2.14642044e-02],
        [1.49388341e-02, 2.00433601e-02, 7.83656001e-01, 1.40285806e-03,
         2.12740386e-03, 4.59253462e-03, 2.38419307e-04, 3.61111946e-04,
         2.50086952e-02],
        [6.60431851e-03, 1.45573527e-01, 3.66335839e-01, 3.37821245e-03,
         4.72569698e-03, 1.77567787e-02, 6.02043234e-04, 1.08643773e-03,
         6.95589185e-02],
        [6.94252038e-03, 7.40617752e-01, 7.27706775e-02, 1.42948991e-02,
         1.63522251e-02, 3.78520526e-02, 1.50113530e-03, 1.04371260e-03,
         5.67265525e-02],
        [9.04877763e-03, 8.83343995e-01, 4.63444814e-02, 8.34577065e-03,
         2.01398116e-02, 3.71968411e-02, 1.46024104e-03, 1.12890068e-03,
         5.24602942e-02],
        [1.07997796e-02, 9.33865905e-01, 4.12152261e-02, 6.43942272e-03,
         2.00869907e-02, 3.70839089e-02, 1.50484929e-03, 1.27581786e-03,
         5.64533025e-02],
        [1.14734620e-02, 9.54901993e-01, 3.98054570e-02, 5.98790590e-03,
         1.99773014e-02, 3.72825302e-02, 1.52839872e-03, 1.33348047e-03,
         5.87757900e-02],
        [1.16144139e-02, 9.64150786e-01, 3.94473299e-02, 5.87978587e-03,
         1.99916735e-02, 3.72395627e-02, 1.53327407e-03, 1.34358706e-03,
         5.95631786e-02],
        [1.16520841e-02, 9.68353689e-01, 3.93131785e-02, 5.85297309e-03,
         2.00360958e-02, 3.72035056e-02, 1.53786910e-03, 1.34610664e-03,
         5.99622838e-02],
        [1.16522908e-02, 9.70276594e-01, 3.92636508e-02, 5.84597373e-03,
         2.00398415e-02, 3.71749140e-02, 1.53890764e-03, 1.34601770e-03,
         6.01422340e-02],
        [1.16411755e-02, 9.71107483e-01, 3.92021909e-02, 5.85712772e-03,
         2.00311653e-02, 3.71787995e-02, 1.54345401e-03, 1.34898594e-03,
         6.02967851e-02],
        [1.16317878e-02, 9.71545815e-01, 3.91643345e-02, 5.86082926e-03,
         2.00326703e-02, 3.71066295e-02, 1.54076726e-03, 1.34846475e-03,
         6.03073873e-02],
        [1.16342036e-02, 9.71753120e-01, 3.91118340e-02, 5.86815551e-03,
         2.00491641e-02, 3.70790288e-02, 1.54397043e-03, 1.35129876e-03,
         6.04822077e-02],
        [1.16358884e-02, 9.71872985e-01, 3.91187370e-02, 5.86447492e-03,
         2.00490952e-02, 3.70353013e-02, 1.54172233e-03, 1.35098642e-03,
         6.05351143e-02],
        [1.16479537e-02, 9.71880019e-01, 3.91099751e-02, 5.87979425e-03,
         2.00674646e-02, 3.70307714e-02, 1.54811516e-03, 1.35664025e-03,
         6.08555749e-02],
        [1.16650527e-02, 9.71876442e-01, 3.91396210e-02, 5.88094443e-03,
         2.00886093e-02, 3.69886719e-02, 1.54905277e-03, 1.36051863e-03,
         6.10606894e-02],
        [1.16935968e-02, 9.71839845e-01, 3.91939618e-02, 5.88566018e-03,
         2.01092046e-02, 3.69132832e-02, 1.55100261e-03, 1.36632251e-03,
         6.14496283e-02],
        [1.17309764e-02, 9.71793115e-01, 3.92552875e-02, 5.88769000e-03,
         2.01410595e-02, 3.67842764e-02, 1.54897606e-03, 1.37225981e-03,
         6.18640110e-02],
        [1.17805172e-02, 9.71735895e-01, 3.93383428e-02, 5.88633167e-03,
         2.01820545e-02, 3.66300382e-02, 1.54740387e-03, 1.38037512e-03,
         6.23756908e-02],
        [1.18405912e-02, 9.71564651e-01, 3.94477025e-02, 5.89831779e-03,
         2.02246811e-02, 3.64661850e-02, 1.55001518e-03, 1.39456114e-03,
         6.31668717e-02],
        [1.19163636e-02, 9.71435010e-01, 3.95826288e-02, 5.90200210e-03,
         2.02738065e-02, 3.62259075e-02, 1.54592458e-03, 1.40769011e-03,
         6.40239492e-02],
        [1.19951358e-02, 9.71276939e-01, 3.97283696e-02, 5.90453204e-03,
         2.03289129e-02, 3.59907560e-02, 1.54226774e-03, 1.42254820e-03,
         6.49199709e-02],
        [1.20618381e-02, 9.71128106e-01, 3.98799479e-02, 5.90437371e-03,
         2.03549117e-02, 3.57151926e-02, 1.53219723e-03, 1.43238087e-03,
         6.56686127e-02],
        [1.21329557e-02, 9.70979571e-01, 4.00051773e-02, 5.91089157e-03,
         2.04134658e-02, 3.54937799e-02, 1.53004739e-03, 1.44716538e-03,
         6.65387437e-02],
        [1.21996151e-02, 9.70839500e-01, 4.01173234e-02, 5.91346994e-03,
         2.04359088e-02, 3.52238528e-02, 1.52092008e-03, 1.45705824e-03,
         6.72446564e-02],
        [1.22635392e-02, 9.70677257e-01, 4.02289629e-02, 5.92643954e-03,
         2.05025859e-02, 3.51004377e-02, 1.52657751e-03, 1.47394545e-03,
         6.81953356e-02],
        [1.23348292e-02, 9.70578194e-01, 4.03757989e-02, 5.92666073e-03,
         2.05505081e-02, 3.49241123e-02, 1.52328541e-03, 1.48515112e-03,
         6.89470246e-02],
        [1.24068344e-02, 9.70415235e-01, 4.05025780e-02, 5.94115211e-03,
         2.06057765e-02, 3.48128900e-02, 1.53009454e-03, 1.50199456e-03,
         6.99107572e-02],
        [1.24477018e-02, 9.70340610e-01, 4.05709445e-02, 5.92997856e-03,
         2.06089243e-02, 3.45996320e-02, 1.51732995e-03, 1.50444300e-03,
         7.02009872e-02],
        [1.24860918e-02, 9.70282018e-01, 4.06478941e-02, 5.93734533e-03,
         2.06470378e-02, 3.44847143e-02, 1.51783356e-03, 1.51230686e-03,
         7.08087608e-02],
        [1.25488071e-02, 9.70200419e-01, 4.07388210e-02, 5.94720664e-03,
         2.07186639e-02, 3.44243869e-02, 1.52676832e-03, 1.52742001e-03,
         7.16107786e-02]]], dtype=float32), array([[[5.72456956e-01, 1.94403991e-01, 3.88300866e-01, 4.03298624e-02,
         1.50423041e-02, 8.80088005e-03, 5.29157883e-03, 6.19557453e-03,
         2.64927506e-01],
        [3.02911282e-01, 4.67795730e-02, 3.19109932e-02, 9.32128634e-03,
         2.43500527e-03, 5.53190149e-03, 9.13044612e-04, 4.72879130e-03,
         4.53591704e-01],
        [7.09008723e-02, 1.02298342e-01, 9.34761763e-02, 2.65512476e-03,
         2.83764792e-03, 3.26852053e-02, 1.37280091e-03, 4.99926042e-03,
         7.21405864e-01],
        [2.17658684e-01, 2.67982870e-01, 6.50712669e-01, 3.49278352e-03,
         5.57815377e-03, 6.91560209e-02, 2.75732810e-03, 4.57202317e-03,
         8.69879663e-01],
        [4.82685089e-01, 1.73579484e-01, 9.43072379e-01, 4.36281832e-03,
         1.33794975e-02, 1.34318873e-01, 4.84119216e-03, 6.98925508e-03,
         9.39768434e-01],
        [6.25607431e-01, 4.79637310e-02, 9.78620291e-01, 7.43941031e-03,
         3.14778909e-02, 2.59360582e-01, 6.97679538e-03, 1.94500126e-02,
         9.68311965e-01],
        [6.93628252e-01, 1.82429757e-02, 9.83923316e-01, 1.28362216e-02,
         5.88553660e-02, 3.22238684e-01, 1.36166122e-02, 4.57254499e-02,
         9.80642200e-01],
        [7.51395524e-01, 7.74724502e-03, 9.83246505e-01, 2.19882187e-02,
         9.92558673e-02, 3.63101929e-01, 3.30900028e-02, 1.18533187e-01,
         9.85226452e-01],
        [8.05089116e-01, 4.96592186e-03, 9.81043637e-01, 2.69874651e-02,
         1.17283456e-01, 3.58722091e-01, 5.08492924e-02, 1.74465626e-01,
         9.82994199e-01],
        [8.54255080e-01, 4.71427152e-03, 9.82978582e-01, 2.55743545e-02,
         9.12962556e-02, 2.59703040e-01, 3.39836180e-02, 1.14253856e-01,
         9.68573451e-01],
        [8.98476720e-01, 1.12311533e-02, 9.90340650e-01, 1.17785158e-02,
         2.44369674e-02, 4.81039956e-02, 4.32819733e-03, 8.94322805e-03,
         9.40424204e-01],
        [9.26679671e-01, 4.59537990e-02, 9.94761109e-01, 1.82134402e-03,
         2.20307102e-03, 1.72215619e-03, 1.29771273e-04, 2.16355635e-04,
         9.30233419e-01],
        [9.05160010e-01, 2.88714617e-02, 9.46922660e-01, 1.69039960e-03,
         9.03512060e-04, 9.41988314e-04, 1.77554786e-04, 7.81329407e-04,
         8.79061997e-01],
        [4.12125468e-01, 2.06887797e-02, 8.64613876e-02, 1.81777624e-03,
         7.11593253e-04, 7.37769064e-03, 5.57338877e-04, 4.33670776e-03,
         8.99125159e-01],
        [1.38082787e-01, 9.14281458e-02, 2.29771525e-01, 1.55323616e-03,
         1.93516572e-03, 3.28310281e-02, 9.42070095e-04, 3.69696878e-03,
         9.56514716e-01],
        [2.91053981e-01, 2.56987065e-01, 7.84694314e-01, 3.06050503e-03,
         4.58789850e-03, 6.85283989e-02, 2.43072188e-03, 3.82690807e-03,
         9.80757117e-01],
        [5.06509185e-01, 1.65974960e-01, 9.75937068e-01, 3.94275924e-03,
         1.26313921e-02, 1.34413332e-01, 4.54224693e-03, 6.51588803e-03,
         9.89091933e-01],
        [6.22398794e-01, 5.22685908e-02, 9.94859278e-01, 6.58712117e-03,
         2.77276952e-02, 2.47807994e-01, 6.29895180e-03, 1.67297069e-02,
         9.92152035e-01],
        [6.85672700e-01, 2.15563066e-02, 9.96439457e-01, 1.07758492e-02,
         4.92086075e-02, 3.07181925e-01, 1.11603821e-02, 3.65257449e-02,
         9.93418992e-01],
        [7.42297590e-01, 9.10477433e-03, 9.95733619e-01, 1.88240968e-02,
         8.49139392e-02, 3.51175666e-01, 2.61752773e-02, 9.08734575e-02,
         9.92948413e-01],
        [7.96123087e-01, 5.25682140e-03, 9.94556069e-01, 2.49230601e-02,
         1.08620934e-01, 3.63119245e-01, 4.73924614e-02, 1.56584933e-01,
         9.89872098e-01],
        [8.42130840e-01, 4.31666384e-03, 9.94020641e-01, 2.57247873e-02,
         1.06337436e-01, 3.28942388e-01, 4.89788800e-02, 1.66740775e-01,
         9.83340323e-01],
        [8.80933762e-01, 4.72373329e-03, 9.95410979e-01, 2.27668528e-02,
         7.79896826e-02, 2.16254637e-01, 2.60913372e-02, 8.56854022e-02,
         9.67655420e-01],
        [9.16616678e-01, 1.17788184e-02, 9.98138845e-01, 1.03356009e-02,
         2.17623506e-02, 3.64951342e-02, 3.22455820e-03, 6.18005311e-03,
         9.46157336e-01],
        [9.39036369e-01, 5.10143526e-02, 9.98914659e-01, 1.75949116e-03,
         2.47737300e-03, 1.80275715e-03, 1.27094827e-04, 2.05826087e-04,
         9.53177810e-01],
        [9.23436105e-01, 3.12166568e-02, 9.75852132e-01, 1.43338402e-03,
         1.05286646e-03, 9.59625642e-04, 1.49044790e-04, 5.50652563e-04,
         9.16408896e-01],
        [5.43853998e-01, 1.79429203e-02, 1.20472476e-01, 1.76208792e-03,
         7.56098714e-04, 5.70669677e-03, 5.28998848e-04, 4.50209808e-03,
         9.10233200e-01],
        [1.37932360e-01, 7.60451630e-02, 1.77796721e-01, 1.40499056e-03,
         1.71159336e-03, 2.81464737e-02, 8.22373026e-04, 3.48642515e-03,
         9.59169865e-01],
        [2.62079626e-01, 2.52094269e-01, 7.44274676e-01, 2.91732978e-03,
         4.13984153e-03, 6.50702268e-02, 2.02944991e-03, 3.53644998e-03,
         9.83069897e-01],
        [4.85780060e-01, 1.87053278e-01, 9.72020566e-01, 3.81703349e-03,
         1.15961125e-02, 1.24755651e-01, 4.23338730e-03, 5.94171183e-03,
         9.90029871e-01],
        [6.12200499e-01, 5.90537414e-02, 9.94548142e-01, 6.30687969e-03,
         2.61040442e-02, 2.36489519e-01, 5.92180854e-03, 1.51340263e-02,
         9.92609739e-01],
        [6.77681506e-01, 2.40791794e-02, 9.96597528e-01, 9.94728040e-03,
         4.55346629e-02, 3.00469935e-01, 1.02004325e-02, 3.30019705e-02,
         9.93789256e-01]]], dtype=float32), array([[[6.07340813e-01, 3.02739859e-01, 3.41913342e-01, 2.57503390e-02,
         6.34710817e-03, 3.46817775e-03, 1.50551507e-03, 1.22580631e-03,
         6.84491843e-02],
        [6.89109445e-01, 8.73218849e-02, 2.65433341e-02, 6.65632542e-03,
         7.16657960e-04, 4.46921709e-04, 1.39804979e-04, 2.62907357e-04,
         2.83039398e-02],
        [4.70715404e-01, 9.46111679e-02, 2.90898234e-03, 2.61535496e-03,
         8.26035626e-04, 1.90796610e-03, 8.13996652e-04, 2.18185782e-03,
         2.17524901e-01],
        [5.97622097e-01, 1.67452678e-01, 1.81869790e-01, 2.24420382e-03,
         8.74346879e-04, 3.00133019e-03, 7.39065290e-04, 1.79806270e-03,
         4.62823957e-01],
        [8.56109262e-01, 4.54332232e-02, 7.85567105e-01, 5.87700540e-03,
         3.20827216e-03, 4.70060064e-03, 2.24827998e-03, 5.72064146e-03,
         1.76645875e-01],
        [9.37978923e-01, 4.01000418e-02, 9.00320590e-01, 7.23110512e-03,
         2.18215864e-03, 1.30884501e-03, 1.63385679e-03, 2.96006934e-03,
         8.37410986e-03],
        [9.43198740e-01, 2.67107487e-01, 8.94178271e-01, 7.29027716e-03,
         8.38197593e-04, 4.55598289e-04, 9.23838525e-04, 5.01525297e-04,
         5.35861531e-04],
        [8.61801624e-01, 5.70820272e-01, 8.72781396e-01, 6.71839807e-03,
         4.51179279e-04, 3.86390049e-04, 5.62458648e-04, 2.07713209e-04,
         1.26606581e-04],
        [8.01131725e-01, 7.19784617e-01, 8.45846474e-01, 6.70644594e-03,
         3.52944771e-04, 3.86802887e-04, 4.34503570e-04, 1.59595977e-04,
         7.02980324e-05],
        [7.67771542e-01, 7.93834031e-01, 8.34930837e-01, 6.48328057e-03,
         3.28922149e-04, 3.95692565e-04, 3.83467326e-04, 1.54812500e-04,
         5.07767945e-05],
        [7.45609522e-01, 8.27920318e-01, 8.40397000e-01, 6.20213477e-03,
         3.05257650e-04, 3.77712247e-04, 3.33195931e-04, 1.46318474e-04,
         4.16083494e-05],
        [7.33734369e-01, 8.39786172e-01, 8.49636674e-01, 5.93849272e-03,
         2.76750245e-04, 3.31487769e-04, 2.86551629e-04, 1.30328801e-04,
         3.59242258e-05],
        [7.26052105e-01, 8.44870448e-01, 8.54458928e-01, 5.80943841e-03,
         2.58749089e-04, 3.08055809e-04, 2.63640686e-04, 1.21298297e-04,
         3.30754519e-05],
        [7.18405604e-01, 8.47838938e-01, 8.56514156e-01, 5.77541534e-03,
         2.49272358e-04, 2.98516621e-04, 2.52908008e-04, 1.16961848e-04,
         3.15312500e-05],
        [7.06761539e-01, 8.49295735e-01, 8.56754780e-01, 5.79235377e-03,
         2.47247663e-04, 2.95580394e-04, 2.47585063e-04, 1.14026188e-04,
         2.98129653e-05],
        [6.79237187e-01, 8.51883292e-01, 8.55903625e-01, 5.88525413e-03,
         2.61409674e-04, 3.11991869e-04, 2.55765190e-04, 1.15143783e-04,
         2.86067716e-05],
        [6.26908243e-01, 8.54275227e-01, 8.59508097e-01, 6.03035744e-03,
         2.85009155e-04, 3.16063873e-04, 2.56179366e-04, 1.13683454e-04,
         2.79406067e-05],
        [5.73509276e-01, 8.55015337e-01, 8.66247952e-01, 6.10620622e-03,
         3.12113290e-04, 3.25174042e-04, 2.66491523e-04, 1.13489856e-04,
         2.90408625e-05],
        [5.34549713e-01, 8.55404496e-01, 8.78947794e-01, 6.06459239e-03,
         3.05979542e-04, 3.13164201e-04, 2.74165737e-04, 1.05383690e-04,
         3.02171247e-05],
        [4.97516870e-01, 8.61905396e-01, 8.88432264e-01, 5.85538382e-03,
         2.99091247e-04, 3.40105733e-04, 3.13651050e-04, 1.05458712e-04,
         3.15164252e-05],
        [4.71001029e-01, 8.68368149e-01, 9.01723683e-01, 5.69641544e-03,
         2.79710832e-04, 3.43705004e-04, 3.26143985e-04, 9.73825445e-05,
         3.28782589e-05],
        [4.56074864e-01, 8.72660160e-01, 9.09578860e-01, 5.71753643e-03,
         2.74604856e-04, 3.46960762e-04, 3.18797713e-04, 9.32849580e-05,
         3.37079509e-05],
        [4.49722558e-01, 8.76510441e-01, 9.16997850e-01, 5.83410915e-03,
         2.71462690e-04, 3.43224092e-04, 2.96664424e-04, 8.72798264e-05,
         3.44175678e-05],
        [4.44326162e-01, 8.81207526e-01, 9.20439124e-01, 6.04505697e-03,
         2.77429004e-04, 3.58988764e-04, 2.84638081e-04, 8.72353994e-05,
         3.54471449e-05],
        [4.47988808e-01, 8.87867451e-01, 9.29514110e-01, 6.30946178e-03,
         2.71898753e-04, 3.63048137e-04, 2.51891877e-04, 7.83688811e-05,
         3.73265430e-05],
        [4.58939433e-01, 8.98810446e-01, 9.38745260e-01, 6.71860063e-03,
         2.61701993e-04, 3.92911956e-04, 2.15166889e-04, 6.94425180e-05,
         4.08420638e-05],
        [4.64468837e-01, 9.09452915e-01, 9.46145415e-01, 7.12812599e-03,
         2.52562138e-04, 4.31631517e-04, 1.85149838e-04, 6.15587633e-05,
         4.59017101e-05],
        [4.59826559e-01, 9.19486046e-01, 9.55060542e-01, 7.17046810e-03,
         2.44265975e-04, 4.33006731e-04, 1.54433015e-04, 4.98891932e-05,
         5.28555684e-05],
        [4.46260482e-01, 9.26394463e-01, 9.62780535e-01, 6.93358900e-03,
         2.41379967e-04, 4.29328094e-04, 1.34089642e-04, 4.11363180e-05,
         6.21543149e-05],
        [4.29582298e-01, 9.31401968e-01, 9.70473647e-01, 6.53050793e-03,
         2.40001289e-04, 4.14801994e-04, 1.18441232e-04, 3.31651427e-05,
         7.30846514e-05],
        [4.15892899e-01, 9.33085978e-01, 9.73711014e-01, 6.11890620e-03,
         2.49195058e-04, 4.21349716e-04, 1.18456235e-04, 3.17416343e-05,
         8.27017939e-05],
        [4.13464487e-01, 9.35621500e-01, 9.77723181e-01, 5.51504828e-03,
         2.45584757e-04, 3.87998676e-04, 1.11779729e-04, 2.68686636e-05,
         9.49443565e-05]]], dtype=float32), array([[[4.14028555e-01, 2.24295288e-01, 1.83260784e-01, 7.88570940e-02,
         2.89252438e-02, 1.85114518e-02, 1.12909665e-02, 1.58129595e-02,
         6.75920025e-02],
        [8.34822357e-02, 1.90742929e-02, 4.97684954e-03, 4.79066037e-02,
         5.48906624e-03, 4.18422231e-03, 2.75218324e-03, 1.44752832e-02,
         5.28683048e-03],
        [7.96880666e-03, 1.46970050e-02, 2.80519412e-03, 5.57272583e-02,
         3.80625576e-03, 7.05575803e-03, 3.98206152e-03, 2.38476228e-02,
         9.65893921e-03],
        [4.49693808e-03, 3.07624191e-02, 9.21059772e-03, 9.14849192e-02,
         2.37262994e-03, 5.74874878e-03, 2.58492562e-03, 1.51194427e-02,
         9.76063032e-03],
        [2.81793508e-03, 6.24955632e-03, 1.06893554e-02, 5.15691899e-02,
         4.74676461e-04, 2.52982159e-03, 3.82865983e-04, 6.27146754e-03,
         3.33737559e-03],
        [2.07658429e-02, 7.37284601e-04, 5.21025388e-03, 2.47586239e-02,
         4.23793332e-04, 1.48424681e-03, 4.96319437e-04, 1.17279962e-02,
         1.32800150e-03],
        [1.54942721e-02, 7.77889276e-04, 2.10590521e-03, 9.43359882e-02,
         2.30962830e-03, 4.77657700e-03, 3.90920509e-03, 5.74408248e-02,
         2.27767508e-03],
        [6.61788695e-03, 4.14109277e-03, 4.31436952e-03, 6.94342479e-02,
         1.87506014e-03, 4.37303586e-03, 2.95960763e-03, 2.25002896e-02,
         7.11867353e-03],
        [2.77784886e-03, 5.23444265e-03, 7.42555317e-03, 7.29588121e-02,
         7.68022495e-04, 3.80203035e-03, 8.57893901e-04, 1.15753012e-02,
         4.52446751e-03],
        [1.13840606e-02, 7.10195454e-04, 5.29428571e-03, 3.34780067e-02,
         3.91647773e-04, 1.92429626e-03, 4.93703934e-04, 1.60345118e-02,
         1.55991886e-03],
        [2.19780859e-02, 4.60876734e-04, 2.33836286e-03, 6.73543736e-02,
         1.20963412e-03, 3.60836741e-03, 2.49154191e-03, 4.77514863e-02,
         1.27770088e-03],
        [7.94111099e-03, 1.66791212e-03, 2.85762828e-03, 7.45661110e-02,
         1.88351946e-03, 3.88924521e-03, 2.93641910e-03, 2.81327032e-02,
         3.90470983e-03],
        [4.00144560e-03, 3.45474901e-03, 6.79162424e-03, 7.32464418e-02,
         7.30842003e-04, 3.29944631e-03, 8.90628551e-04, 1.26727968e-02,
         3.95743595e-03],
        [1.10409809e-02, 7.96718057e-04, 6.59240643e-03, 3.20639014e-02,
         2.83804431e-04, 1.46895496e-03, 3.39641207e-04, 1.00529278e-02,
         1.37181103e-03],
        [2.16398686e-02, 4.45378479e-04, 2.57149176e-03, 6.20138422e-02,
         1.01492531e-03, 3.14237014e-03, 2.09955964e-03, 3.85510810e-02,
         1.15135394e-03],
        [7.96759967e-03, 1.45285740e-03, 2.93889688e-03, 7.57618472e-02,
         1.68711983e-03, 3.65553494e-03, 2.63588922e-03, 2.64192522e-02,
         3.18297045e-03],
        [4.41145338e-03, 2.62951804e-03, 6.89014560e-03, 6.75447732e-02,
         5.99006016e-04, 2.87238462e-03, 7.22014287e-04, 1.12993941e-02,
         3.22884950e-03],
        [1.53496983e-02, 7.48536026e-04, 7.09962845e-03, 2.50413604e-02,
         2.24497038e-04, 1.09159132e-03, 2.74758262e-04, 6.73339004e-03,
         1.06081821e-03],
        [1.99992154e-02, 5.16728091e-04, 2.74557457e-03, 6.55900463e-02,
         1.08939898e-03, 3.04318708e-03, 2.10669381e-03, 3.15154120e-02,
         1.10082095e-03],
        [7.28872279e-03, 1.81340822e-03, 3.58191342e-03, 7.28890747e-02,
         1.49499159e-03, 3.59594636e-03, 2.42485758e-03, 2.32686605e-02,
         3.53729608e-03],
        [3.98135092e-03, 2.66531343e-03, 7.73426006e-03, 6.03681989e-02,
         4.94836131e-04, 2.71802908e-03, 5.07533434e-04, 8.87284055e-03,
         2.93727033e-03],
        [1.65528562e-02, 6.64935389e-04, 6.74359500e-03, 2.44771410e-02,
         2.48872937e-04, 1.19210081e-03, 2.98181985e-04, 7.64586171e-03,
         1.03603618e-03],
        [1.71811450e-02, 5.67037845e-04, 2.64603458e-03, 7.89674893e-02,
         1.46294769e-03, 3.66140134e-03, 2.69756280e-03, 3.93943526e-02,
         1.47065835e-03],
        [7.02616153e-03, 1.98428519e-03, 3.85911227e-03, 7.29320124e-02,
         1.45561621e-03, 3.73815023e-03, 2.38743774e-03, 2.35639866e-02,
         3.97712784e-03],
        [3.81100830e-03, 2.67539104e-03, 7.49471877e-03, 6.13534376e-02,
         5.53299906e-04, 3.04488419e-03, 6.01053005e-04, 1.03077274e-02,
         3.21061513e-03],
        [1.39773441e-02, 5.78120118e-04, 5.61856385e-03, 3.16561908e-02,
         3.29184142e-04, 1.61965517e-03, 4.37612878e-04, 1.35758696e-02,
         1.20609405e-03],
        [1.72112007e-02, 5.25581068e-04, 2.63266847e-03, 7.91670308e-02,
         1.43813598e-03, 3.66907241e-03, 2.65775644e-03, 4.19666581e-02,
         1.47648633e-03],
        [7.16886902e-03, 1.85503869e-03, 3.70683870e-03, 7.37201795e-02,
         1.51449745e-03, 3.72951245e-03, 2.44095502e-03, 2.46823970e-02,
         3.91821656e-03],
        [3.77649069e-03, 2.79112509e-03, 7.46389525e-03, 6.29941449e-02,
         5.71264653e-04, 3.03748669e-03, 6.22981053e-04, 1.02764359e-02,
         3.26978508e-03],
        [1.35195768e-02, 6.34180324e-04, 6.14488544e-03, 2.99357064e-02,
         2.94093625e-04, 1.46649370e-03, 3.75584117e-04, 1.12574818e-02,
         1.23700930e-03],
        [1.92739274e-02, 4.88683523e-04, 2.64709955e-03, 7.19540939e-02,
         1.23987929e-03, 3.40237096e-03, 2.42272695e-03, 3.94588560e-02,
         1.29841582e-03],
        [7.38618756e-03, 1.79627910e-03, 3.51267261e-03, 7.41369501e-02,
         1.59563601e-03, 3.71327531e-03, 2.56268820e-03, 2.51995139e-02,
         3.84558784e-03]]], dtype=float32)]