tf.Tensor(
[[[4.40258592e-01 1.88270539e-01 1.14131324e-01 3.70466560e-02
   8.30249302e-03 4.19460982e-03 1.99413556e-03 3.37994192e-03
   2.27761548e-02]
  [4.86046188e-02 1.15071926e-02 1.83741492e-03 4.77415137e-02
   4.38718311e-03 3.70944664e-03 2.92978762e-03 1.99968386e-02
   3.13988444e-03]
  [6.76573580e-03 2.80042477e-02 4.09915531e-03 5.33848442e-02
   3.89187480e-03 7.68724689e-03 3.92807601e-03 1.82413291e-02
   1.41494218e-02]
  [2.56835390e-03 5.49482591e-02 9.38178692e-03 1.00537308e-01
   2.45456910e-03 6.93523977e-03 2.96337460e-03 1.46995196e-02
   7.77157070e-03]
  [2.25033052e-03 6.03726273e-03 7.39991944e-03 5.70878796e-02
   6.14093500e-04 3.25123034e-03 5.96109021e-04 1.06547130e-02
   3.01885116e-03]
  [2.27636807e-02 6.88568456e-04 4.12181765e-03 2.49134973e-02
   5.71789977e-04 1.73916109e-03 7.02781253e-04 1.68792866e-02
   1.30359968e-03]
  [1.62730478e-02 7.84238859e-04 2.04823120e-03 9.78594944e-02
   2.46907445e-03 5.28367795e-03 4.28313995e-03 6.73994496e-02
   2.34156754e-03]
  [7.02819042e-03 2.90363538e-03 3.54350405e-03 6.98224008e-02
   1.77313713e-03 4.25725756e-03 3.03592044e-03 2.69554332e-02
   6.02445193e-03]
  [3.33259767e-03 3.78178968e-03 6.96980674e-03 6.88970163e-02
   7.03045167e-04 3.61881964e-03 8.40041263e-04 1.24651436e-02
   4.16512415e-03]
  [1.20379915e-02 6.26909779e-04 5.39720897e-03 3.24307904e-02
   3.71954608e-04 1.82686397e-03 5.00025752e-04 1.56308133e-02
   1.36889971e-03]
  [1.87442172e-02 4.78163623e-04 2.50960072e-03 7.29292631e-02
   1.27451553e-03 3.56419687e-03 2.55130022e-03 4.32513468e-02
   1.32950174e-03]
  [7.64623005e-03 1.51289871e-03 3.19118984e-03 7.57229701e-02
   1.57362456e-03 3.73550178e-03 2.53380882e-03 2.68119201e-02
   3.41080199e-03]
  [4.54228837e-03 2.15954985e-03 7.18792994e-03 6.09527752e-02
   5.02013543e-04 2.66480027e-03 5.59953623e-04 9.89830494e-03
   2.81006005e-03]
  [1.46520380e-02 6.12589123e-04 6.23348355e-03 2.81879362e-02
   2.74911785e-04 1.33845350e-03 3.57825833e-04 9.25371330e-03
   9.99736949e-04]
  [1.67511031e-02 5.35386382e-04 2.80195917e-03 7.42355660e-02
   1.25150045e-03 3.23497108e-03 2.24614399e-03 3.25789489e-02
   1.26454572e-03]
  [7.32431794e-03 1.59723696e-03 3.70324496e-03 7.37675726e-02
   1.32816844e-03 3.48607590e-03 2.13891012e-03 2.29511689e-02
   3.12751019e-03]
  [4.60224692e-03 1.95946870e-03 7.75876455e-03 5.38510308e-02
   4.23342484e-04 2.38152593e-03 4.24729515e-04 8.26399866e-03
   2.41375226e-03]
  [1.60707179e-02 5.69894561e-04 6.27554301e-03 2.62799151e-02
   2.69065815e-04 1.25353155e-03 3.36313067e-04 8.36102106e-03
   8.99063714e-04]
  [1.54056046e-02 5.61137393e-04 2.86517874e-03 7.84442276e-02
   1.37513003e-03 3.41225811e-03 2.35067564e-03 3.29857580e-02
   1.39281957e-03]
  [6.86362805e-03 2.05493043e-03 4.24897205e-03 7.41540119e-02
   1.37677998e-03 3.62432422e-03 2.10716249e-03 2.20805462e-02
   3.77101544e-03]
  [4.06366726e-03 2.16296245e-03 8.05268437e-03 5.41969836e-02
   4.47688857e-04 2.62638344e-03 4.22682584e-04 8.44089035e-03
   2.65128538e-03]
  [1.62821598e-02 5.04103315e-04 5.55436732e-03 2.98390482e-02
   3.43352411e-04 1.60323852e-03 4.59987379e-04 1.28938146e-02
   1.05534203e-03]
  [1.51557578e-02 5.63417736e-04 2.73736636e-03 8.33935142e-02
   1.52277073e-03 3.64300516e-03 2.60108733e-03 3.82767320e-02
   1.53441622e-03]
  [6.74995920e-03 2.18587182e-03 4.30789171e-03 7.44317174e-02
   1.49824540e-03 3.83420871e-03 2.26640888e-03 2.29458101e-02
   4.22900822e-03]
  [3.94789642e-03 2.19705631e-03 8.10271595e-03 5.50606586e-02
   4.60010342e-04 2.70461384e-03 4.33260197e-04 8.62900913e-03
   2.77900579e-03]
  [1.63597241e-02 5.09065343e-04 5.62128564e-03 2.98603736e-02
   3.50758986e-04 1.62351609e-03 4.62979282e-04 1.31593319e-02
   1.10217265e-03]
  [1.56456195e-02 5.80614491e-04 2.59864307e-03 8.60385671e-02
   1.66029052e-03 3.91654531e-03 2.88713607e-03 4.35182899e-02
   1.67724653e-03]
  [6.64434535e-03 2.63037859e-03 4.31988947e-03 7.34912083e-02
   1.67962827e-03 4.08267369e-03 2.55953288e-03 2.29705684e-02
   4.99332743e-03]
  [3.24798888e-03 3.51241557e-03 7.33741233e-03 6.74996674e-02
   6.93853945e-04 3.61795677e-03 7.75212888e-04 1.18428329e-02
   3.88151710e-03]
  [9.04728100e-03 6.86222862e-04 5.60681475e-03 4.01946940e-02
   4.08420688e-04 2.18727696e-03 4.96770779e-04 1.76598839e-02
   1.70640787e-03]
  [1.99237466e-02 4.06605483e-04 2.63280910e-03 7.06079900e-02
   1.22710364e-03 3.72234243e-03 2.36155605e-03 5.17210253e-02
   1.44831883e-03]
  [8.30483902e-03 1.58325164e-03 2.88087316e-03 7.70947039e-02
   2.03975965e-03 4.06580977e-03 3.07535985e-03 3.13216932e-02
   4.03460814e-03]]], shape=(1, 32, 9), dtype=float32)