tf.Tensor(
[[[0.35951257]
  [0.3442064 ]
  [0.42920703]
  ...
  [0.69264925]
  [0.71236944]
  [0.7190006 ]]

 [[0.3358775 ]
  [0.28307092]
  [0.33276832]
  ...
  [0.6987945 ]
  [0.7247545 ]
  [0.7272715 ]]

 [[0.39176866]
  [0.44513768]
  [0.5382909 ]
  ...
  [0.6758653 ]
  [0.6983498 ]
  [0.69671756]]

 ...

 [[0.28565198]
  [0.22947916]
  [0.2736013 ]
  ...
  [0.67779726]
  [0.7088366 ]
  [0.7189471 ]]

 [[0.3639784 ]
  [0.40028378]
  [0.5031039 ]
  ...
  [0.39410976]
  [0.4403455 ]
  [0.49952167]]

 [[0.26545623]
  [0.19402692]
  [0.20705983]
  ...
  [0.6771906 ]
  [0.7083236 ]
  [0.7186909 ]]], shape=(105, 32, 1), dtype=float32)