tf.Tensor(
[[[7.29860723e-01 7.40367733e-03 7.08550288e-05 1.51755905e-03
   1.88736412e-05 3.30375321e-03 9.26288660e-04 8.69934156e-05
   7.21646726e-01]
  [8.29834759e-01 5.22772670e-01 1.04919291e-05 2.98860759e-05
   1.48246409e-06 1.00746751e-04 3.76836433e-05 1.09771563e-05
   6.53938711e-01]
  [2.74465770e-01 9.36695397e-01 7.25537539e-05 3.16535261e-05
   9.17460227e-07 2.05859731e-04 9.33409392e-05 1.65000547e-05
   6.99734092e-02]
  [4.89287227e-02 9.72883701e-01 4.08485532e-04 1.56435170e-04
   1.71278828e-06 5.90421318e-04 3.86256492e-04 3.91295689e-05
   1.53287835e-02]
  [2.75739133e-02 9.82587576e-01 6.34923636e-04 2.64386123e-04
   2.12125701e-06 7.87738943e-04 6.39481936e-04 5.13233172e-05
   1.02245919e-02]
  [2.40650903e-02 9.83420253e-01 6.86675368e-04 2.53536855e-04
   2.00990826e-06 7.79988302e-04 7.01949350e-04 5.12818042e-05
   8.38199630e-03]
  [1.97883453e-02 9.83425200e-01 8.08149751e-04 2.53627222e-04
   2.16213834e-06 8.45512026e-04 7.63805758e-04 6.19599596e-05
   7.46225938e-03]
  [1.97229125e-02 9.80426192e-01 8.16866930e-04 2.44477211e-04
   2.15480009e-06 8.48414202e-04 7.58601760e-04 6.97238283e-05
   8.47986527e-03]
  [1.95672400e-02 9.78953421e-01 8.09073739e-04 2.42838098e-04
   2.29203033e-06 8.53956444e-04 7.57020433e-04 7.83519790e-05
   9.24393348e-03]
  [1.45697622e-02 9.83224511e-01 1.07909774e-03 3.70139489e-04
   3.32170976e-06 1.25593855e-03 1.09308853e-03 1.12031055e-04
   7.51870638e-03]
  [1.57427415e-02 9.81637120e-01 9.58457938e-04 3.34460812e-04
   3.08565041e-06 1.15854898e-03 9.94630624e-04 1.06993859e-04
   8.00603349e-03]
  [1.94016937e-02 9.77552295e-01 7.75546127e-04 2.56175816e-04
   2.54820338e-06 8.97675636e-04 7.95137719e-04 8.99903753e-05
   9.68940929e-03]
  [1.86191145e-02 9.78886008e-01 8.05959397e-04 2.58545799e-04
   2.70589817e-06 9.10776260e-04 8.04466079e-04 9.55338837e-05
   9.55143105e-03]
  [2.04486363e-02 9.76602793e-01 7.56472640e-04 2.46682932e-04
   2.52713403e-06 8.61777633e-04 7.65065255e-04 9.01096064e-05
   1.03378268e-02]
  [2.17140336e-02 9.75471377e-01 7.24077458e-04 2.38471417e-04
   2.43599197e-06 8.28814635e-04 7.31417036e-04 8.68758943e-05
   1.08911563e-02]
  [1.49717499e-02 9.82998013e-01 1.01079093e-03 3.41809704e-04
   3.50288929e-06 1.18195149e-03 1.01881544e-03 1.18736956e-04
   8.01124424e-03]
  [1.62763037e-02 9.80926037e-01 9.06721107e-04 3.10587551e-04
   3.14756016e-06 1.08959922e-03 9.44111671e-04 1.12075533e-04
   8.57425574e-03]
  [1.92501191e-02 9.77732062e-01 7.88316422e-04 2.69260810e-04
   2.77693584e-06 9.40280093e-04 8.29351309e-04 9.95278097e-05
   9.90956370e-03]
  [1.56735312e-02 9.81883168e-01 9.44808591e-04 3.12883640e-04
   3.40672796e-06 1.08388124e-03 9.51562717e-04 1.19168930e-04
   8.51354282e-03]
  [1.45910149e-02 9.82637525e-01 1.03689777e-03 3.68771754e-04
   3.74934234e-06 1.24741555e-03 1.08177715e-03 1.32194051e-04
   7.93178286e-03]
  [2.06788909e-02 9.75531101e-01 7.51436048e-04 2.68336793e-04
   2.72321472e-06 9.20727325e-04 8.24746094e-04 9.94832153e-05
   1.06093707e-02]
  [2.04682238e-02 9.77062821e-01 7.58305483e-04 2.61526409e-04
   2.79538676e-06 9.06259462e-04 7.97922956e-04 1.01167061e-04
   1.06252823e-02]
  [1.73556991e-02 9.80235279e-01 8.73029639e-04 2.93956342e-04
   3.22318670e-06 1.02574576e-03 8.93607968e-04 1.15294366e-04
   9.35637020e-03]
  [1.51905529e-02 9.82003450e-01 1.00007700e-03 3.44479893e-04
   3.71390456e-06 1.17534981e-03 1.02529733e-03 1.31389199e-04
   8.42837989e-03]
  [1.70258544e-02 9.79641974e-01 8.92639568e-04 3.12019693e-04
   3.33903631e-06 1.08371244e-03 9.53096082e-04 1.21359815e-04
   9.27494094e-03]
  [1.78290848e-02 9.79003608e-01 8.64580681e-04 2.97608261e-04
   3.26559984e-06 1.03560882e-03 9.15676937e-04 1.18453776e-04
   9.71501693e-03]
  [2.04639565e-02 9.76039410e-01 7.80239992e-04 2.71825003e-04
   2.93282483e-06 9.39683232e-04 8.36204854e-04 1.07128049e-04
   1.08899958e-02]
  [1.83079336e-02 9.78879929e-01 8.57651641e-04 2.88681389e-04
   3.25105407e-06 1.00936682e-03 8.85336543e-04 1.16903888e-04
   1.00511136e-02]
  [1.66149419e-02 9.80121672e-01 9.49785695e-04 3.16179416e-04
   3.58956117e-06 1.10734836e-03 9.71454545e-04 1.27395280e-04
   9.39731114e-03]
  [1.48149533e-02 9.81413126e-01 1.11745379e-03 3.71922186e-04
   4.23153006e-06 1.27535500e-03 1.12054963e-03 1.45219092e-04
   8.77404958e-03]
  [1.55284358e-02 9.79547143e-01 1.07744418e-03 3.48092639e-04
   4.10548773e-06 1.22964615e-03 1.09934236e-03 1.40673743e-04
   9.46202129e-03]
  [1.46053452e-02 9.79796529e-01 1.19038043e-03 3.69289774e-04
   4.55090139e-06 1.30172726e-03 1.17780082e-03 1.48900217e-04
   9.49782412e-03]]], shape=(1, 32, 9), dtype=float32)