tf.Tensor(
[[[0.4896907 ]
  [0.49075726]
  [0.49189764]
  ...
  [0.5412646 ]
  [0.53597856]
  [0.5295586 ]]

 [[0.5084634 ]
  [0.50957257]
  [0.50786823]
  ...
  [0.5068138 ]
  [0.50290453]
  [0.50106037]]

 [[0.4956824 ]
  [0.4966435 ]
  [0.49725935]
  ...
  [0.52714854]
  [0.5261555 ]
  [0.52591676]]

 ...

 [[0.50880367]
  [0.50684476]
  [0.50626916]
  ...
  [0.51463544]
  [0.5141281 ]
  [0.5137489 ]]

 [[0.50963587]
  [0.50774705]
  [0.507142  ]
  ...
  [0.5149292 ]
  [0.5144322 ]
  [0.51404244]]

 [[0.5097413 ]
  [0.5080874 ]
  [0.50766426]
  ...
  [0.51515627]
  [0.51463836]
  [0.51422304]]], shape=(105, 32, 1), dtype=float32)