tf.Tensor(
[[[2.94363052e-01 3.35734248e-01 3.15432429e-01 1.43347770e-01
   1.26010925e-01 1.77383244e-01 4.74876240e-02 1.18511721e-01
   2.15433985e-01]
  [3.23558152e-01 4.09810632e-01 3.54624629e-01 4.96318080e-02
   2.55354531e-02 6.37306497e-02 2.32516578e-03 2.50799600e-02
   1.21217787e-01]
  [3.48158300e-01 4.62886453e-01 3.68045717e-01 1.46336388e-02
   4.67656925e-03 2.12655831e-02 1.22253652e-04 4.91706701e-03
   4.01006266e-02]
  [3.45541745e-01 4.70453620e-01 3.33874196e-01 7.47768581e-03
   1.50326581e-03 8.85062292e-03 2.01050352e-05 1.74158427e-03
   1.24851828e-02]
  [3.25016707e-01 4.30434376e-01 2.69551903e-01 6.59368979e-03
   9.80872195e-04 5.88298962e-03 1.27767225e-05 1.30877201e-03
   5.51769184e-03]
  [2.96851695e-01 3.96738857e-01 2.09965453e-01 6.77422201e-03
   8.00475769e-04 4.73078154e-03 1.18657572e-05 1.20603235e-03
   3.15158302e-03]
  [2.69004822e-01 3.81838769e-01 1.59142360e-01 6.90043997e-03
   7.04776263e-04 4.10180399e-03 1.17059735e-05 1.18266360e-03
   2.12219451e-03]
  [2.44526312e-01 3.76102060e-01 1.20760620e-01 7.09634740e-03
   6.57549070e-04 3.80180753e-03 1.26623818e-05 1.23710907e-03
   1.65329501e-03]
  [2.25242168e-01 3.74010473e-01 9.25819501e-02 7.44225737e-03
   6.44574815e-04 3.69410869e-03 1.44463138e-05 1.35241146e-03
   1.41250133e-03]
  [2.11008683e-01 3.75372171e-01 7.24858716e-02 7.64771178e-03
   6.25028566e-04 3.60586448e-03 1.57200247e-05 1.42858736e-03
   1.26448006e-03]
  [2.00315386e-01 3.74093294e-01 5.78588955e-02 7.90062081e-03
   6.26691151e-04 3.58634000e-03 1.72638302e-05 1.52599416e-03
   1.17492513e-03]
  [1.91926479e-01 3.66754860e-01 4.73126955e-02 8.31970759e-03
   6.64370717e-04 3.68244923e-03 1.97618047e-05 1.68378744e-03
   1.15892151e-03]
  [1.86293408e-01 3.62489820e-01 4.01522033e-02 8.50553811e-03
   6.68504916e-04 3.69301648e-03 2.03437066e-05 1.74083374e-03
   1.12170598e-03]
  [1.81551948e-01 3.54958981e-01 3.52513641e-02 8.79608933e-03
   6.83238672e-04 3.72039224e-03 2.12860159e-05 1.83266238e-03
   1.11118087e-03]
  [1.79019570e-01 3.51890028e-01 3.19203474e-02 8.62901751e-03
   6.61665516e-04 3.62950820e-03 1.98645885e-05 1.80194131e-03
   1.08068180e-03]
  [1.75451860e-01 3.42113733e-01 2.94136032e-02 8.83304700e-03
   6.91287278e-04 3.69707891e-03 2.10281487e-05 1.92482688e-03
   1.10789784e-03]
  [1.71971917e-01 3.36444825e-01 2.79969238e-02 8.96425731e-03
   7.03791622e-04 3.73734790e-03 2.11085407e-05 1.99066498e-03
   1.11527194e-03]
  [1.69268921e-01 3.30236048e-01 2.67271549e-02 9.20079555e-03
   7.25219492e-04 3.80299892e-03 2.19038320e-05 2.07814504e-03
   1.12709741e-03]
  [1.66701466e-01 3.30976874e-01 2.60936599e-02 8.95868987e-03
   7.02999823e-04 3.76868015e-03 2.05167871e-05 2.03282852e-03
   1.10446848e-03]
  [1.65820986e-01 3.33846629e-01 2.56670322e-02 8.59916303e-03
   6.60915219e-04 3.64394649e-03 1.82883778e-05 1.93896913e-03
   1.06065057e-03]
  [1.64776519e-01 3.37067902e-01 2.54662540e-02 8.30031652e-03
   6.25798653e-04 3.53180757e-03 1.64692592e-05 1.86501606e-03
   1.01436663e-03]
  [1.64118424e-01 3.35656852e-01 2.52260771e-02 8.34123790e-03
   6.21633488e-04 3.52507434e-03 1.66463196e-05 1.89701689e-03
   1.00504362e-03]
  [1.64331704e-01 3.41825247e-01 2.54844837e-02 7.87905511e-03
   5.64524671e-04 3.31391511e-03 1.42023409e-05 1.73755246e-03
   9.36874072e-04]
  [1.64917633e-01 3.46003503e-01 2.55803298e-02 7.45110773e-03
   5.16800268e-04 3.14117293e-03 1.24438047e-05 1.60560105e-03
   8.80525564e-04]
  [1.66557193e-01 3.55618238e-01 2.59707160e-02 6.80474658e-03
   4.50029096e-04 2.91682291e-03 9.89554337e-06 1.40820991e-03
   8.06326512e-04]
  [1.66400731e-01 3.51212502e-01 2.58165747e-02 6.89369487e-03
   4.67042410e-04 2.94601405e-03 1.06201824e-05 1.48412795e-03
   8.20499437e-04]
  [1.65146604e-01 3.46975535e-01 2.56966054e-02 7.09765265e-03
   4.87346610e-04 3.00520286e-03 1.15955263e-05 1.56025786e-03
   8.31844925e-04]
  [1.62498638e-01 3.40973943e-01 2.52587534e-02 7.48510985e-03
   5.27701399e-04 3.15595744e-03 1.34323736e-05 1.71296624e-03
   8.66683957e-04]
  [1.60138965e-01 3.38455200e-01 2.52391323e-02 7.64869340e-03
   5.40735782e-04 3.23425303e-03 1.41658720e-05 1.75998837e-03
   8.63988476e-04]
  [1.58537731e-01 3.39333832e-01 2.50171255e-02 7.66800344e-03
   5.43704140e-04 3.25770746e-03 1.43264233e-05 1.77070161e-03
   8.60614877e-04]
  [1.58313975e-01 3.40648681e-01 2.46389285e-02 7.65218586e-03
   5.35763102e-04 3.25394748e-03 1.41718110e-05 1.76727865e-03
   8.54269892e-04]
  [1.58105031e-01 3.40953380e-01 2.42380947e-02 7.64324330e-03
   5.41475136e-04 3.26678529e-03 1.43055750e-05 1.77437556e-03
   8.58427898e-04]]], shape=(1, 32, 9), dtype=float32)