tf.Tensor(
[[[0.42578164]
  [0.41683635]
  [0.40358675]
  ...
  [0.38011593]
  [0.39525136]
  [0.41463143]]

 [[0.47918892]
  [0.47963178]
  [0.47515088]
  ...
  [0.48955193]
  [0.4924876 ]
  [0.49378362]]

 [[0.47415388]
  [0.47352627]
  [0.4672465 ]
  ...
  [0.44850922]
  [0.45317146]
  [0.46521866]]

 ...

 [[0.45053178]
  [0.44858754]
  [0.4476335 ]
  ...
  [0.4770047 ]
  [0.48007834]
  [0.48354825]]

 [[0.4490934 ]
  [0.4471065 ]
  [0.44622645]
  ...
  [0.47622913]
  [0.4793951 ]
  [0.48297375]]

 [[0.45365295]
  [0.45214438]
  [0.45143235]
  ...
  [0.4770554 ]
  [0.48013383]
  [0.48361465]]], shape=(105, 32, 1), dtype=float32)