tf.Tensor(
[[[2.70766109e-01 2.39499703e-01 2.88997233e-01 2.49988794e-01
   2.41186559e-01 2.37471998e-01 2.17547238e-01 2.41241053e-01
   2.88733393e-01]
  [2.74122983e-01 1.94553390e-01 3.14246476e-01 2.14510232e-01
   2.10699096e-01 2.19791904e-01 1.44142628e-01 2.04433784e-01
   3.37868273e-01]
  [2.43072852e-01 1.06110215e-01 3.56324166e-01 1.49338499e-01
   1.42637357e-01 1.31280601e-01 6.69237822e-02 1.25604272e-01
   4.13069367e-01]
  [1.80980608e-01 3.82398963e-02 3.76001418e-01 8.43272358e-02
   8.44762474e-02 5.77576011e-02 2.34376881e-02 6.20613880e-02
   5.29288948e-01]
  [1.01168439e-01 1.19847730e-02 3.17350358e-01 4.95705642e-02
   5.53783663e-02 2.36851815e-02 9.13908519e-03 3.34615931e-02
   6.47075891e-01]
  [4.34796885e-02 4.90696309e-03 1.91287607e-01 3.56899761e-02
   4.03977856e-02 1.06889000e-02 4.64619696e-03 2.30652038e-02
   7.14659750e-01]
  [1.82804689e-02 2.97241635e-03 8.92950967e-02 2.93807816e-02
   2.77301017e-02 5.36321662e-03 2.71256128e-03 1.80949513e-02
   7.36328602e-01]
  [9.31227952e-03 2.58319336e-03 4.15928997e-02 2.57090144e-02
   1.79108735e-02 3.13249882e-03 1.73907029e-03 1.52648734e-02
   7.26856530e-01]
  [6.26557507e-03 2.88787088e-03 2.35353950e-02 2.28205547e-02
   1.19042806e-02 2.13851803e-03 1.22079230e-03 1.34309866e-02
   6.96229160e-01]
  [5.30606927e-03 3.69094964e-03 1.67320874e-02 2.02233586e-02
   8.40815250e-03 1.63485005e-03 9.18978651e-04 1.18614445e-02
   6.55828118e-01]
  [5.27178822e-03 4.90383105e-03 1.43169099e-02 1.81382671e-02
   6.35901745e-03 1.37206248e-03 7.34071131e-04 1.04219988e-02
   6.15871727e-01]
  [5.83158433e-03 6.47501228e-03 1.41503122e-02 1.63775478e-02
   4.95630456e-03 1.20719895e-03 5.96666709e-04 9.20029078e-03
   5.82791746e-01]
  [6.88332412e-03 7.99575262e-03 1.55949872e-02 1.49731059e-02
   4.07067314e-03 1.10533298e-03 5.01345843e-04 8.23432114e-03
   5.58814526e-01]
  [8.05878360e-03 9.36558750e-03 1.73198581e-02 1.44656021e-02
   3.62816174e-03 1.06815028e-03 4.63713426e-04 7.66722346e-03
   5.39649963e-01]
  [9.23689082e-03 1.03296051e-02 1.94852687e-02 1.40870893e-02
   3.27408849e-03 1.05784007e-03 4.34009824e-04 7.23000569e-03
   5.27480304e-01]
  [1.01926811e-02 1.08137000e-02 2.16908399e-02 1.39574194e-02
   3.04832705e-03 1.05778605e-03 4.04925959e-04 7.03445077e-03
   5.20793796e-01]
  [1.09506212e-02 1.06061846e-02 2.33197529e-02 1.40304603e-02
   2.94298911e-03 1.08153152e-03 3.91377631e-04 6.97360374e-03
   5.17768145e-01]
  [1.13600576e-02 1.02305068e-02 2.45978478e-02 1.42957764e-02
   2.90602073e-03 1.11346168e-03 3.85190215e-04 6.95686974e-03
   5.18093526e-01]
  [1.12384958e-02 9.53185651e-03 2.48038732e-02 1.44575788e-02
   2.92305066e-03 1.14829361e-03 3.78196273e-04 7.00618932e-03
   5.21215498e-01]
  [1.08631905e-02 8.93756002e-03 2.37541366e-02 1.47858914e-02
   2.94106547e-03 1.17506727e-03 3.79501027e-04 7.05068605e-03
   5.23907840e-01]
  [1.03720771e-02 8.69992096e-03 2.23688278e-02 1.51139023e-02
   3.01040011e-03 1.20170566e-03 3.92986782e-04 7.14817783e-03
   5.22779405e-01]
  [1.01047652e-02 8.75984598e-03 2.11178772e-02 1.53105361e-02
   3.04086250e-03 1.21597026e-03 4.01984464e-04 7.18525937e-03
   5.20174980e-01]
  [1.00244554e-02 8.90841801e-03 2.04251185e-02 1.52790267e-02
   2.97436281e-03 1.20590406e-03 3.93880386e-04 7.16477865e-03
   5.18492460e-01]
  [1.00810546e-02 9.07089747e-03 2.02888250e-02 1.50619531e-02
   2.88915168e-03 1.20225758e-03 3.78685974e-04 7.02091772e-03
   5.16829610e-01]
  [1.03348410e-02 9.37208347e-03 2.03831363e-02 1.51310861e-02
   2.86643952e-03 1.20381615e-03 3.78891098e-04 6.99122297e-03
   5.13502598e-01]
  [1.05831912e-02 9.48312506e-03 2.05993615e-02 1.51024703e-02
   2.81721260e-03 1.19850994e-03 3.77150049e-04 6.94667129e-03
   5.11504591e-01]
  [1.08359838e-02 9.64930095e-03 2.09145769e-02 1.50619783e-02
   2.78445822e-03 1.19406683e-03 3.74112482e-04 6.92402059e-03
   5.09914696e-01]
  [1.10371802e-02 9.75810178e-03 2.12555267e-02 1.51236001e-02
   2.74592545e-03 1.20028877e-03 3.72863025e-04 6.88095391e-03
   5.08501530e-01]
  [1.12532675e-02 9.74949729e-03 2.14673933e-02 1.51386084e-02
   2.74430774e-03 1.20840559e-03 3.75513860e-04 6.84695924e-03
   5.06942034e-01]
  [1.13609666e-02 9.80069302e-03 2.15421990e-02 1.52387572e-02
   2.76413350e-03 1.22249592e-03 3.82115395e-04 6.84391242e-03
   5.04896164e-01]
  [1.15100686e-02 9.99146793e-03 2.16650572e-02 1.53094893e-02
   2.75710295e-03 1.22984557e-03 3.86186090e-04 6.85737887e-03
   5.02419829e-01]
  [1.15952874e-02 1.02487188e-02 2.17659716e-02 1.53339868e-02
   2.75189942e-03 1.23369414e-03 3.90097848e-04 6.84465049e-03
   4.99135703e-01]]], shape=(1, 32, 9), dtype=float32)