[array([[[7.2964543e-01, 6.6129619e-01, 7.0220858e-01, 2.7360368e-04,
         1.5887448e-04, 2.9060540e-03, 2.5628087e-06, 1.2283668e-02,
         6.9725519e-01],
        [1.1993963e-02, 1.9474374e-01, 6.6235088e-02, 8.2334482e-05,
         2.0920191e-04, 2.2290763e-01, 1.0683440e-07, 1.5863142e-03,
         1.2418550e-01],
        [5.4572155e-03, 2.6473403e-03, 1.0903333e-01, 3.6255029e-04,
         3.6437032e-03, 5.2690953e-01, 6.6713312e-07, 5.8611957e-03,
         2.9055508e-02],
        [7.7185226e-03, 4.7184070e-04, 1.8472695e-01, 6.1659195e-04,
         7.1504149e-03, 5.5599821e-01, 6.1596319e-07, 1.3975904e-02,
         1.9301552e-02],
        [8.7078055e-03, 3.2043154e-04, 2.0916767e-01, 7.8227324e-04,
         8.4275585e-03, 5.7401353e-01, 5.6308016e-07, 1.8188654e-02,
         1.8321948e-02],
        [9.1522820e-03, 2.8061133e-04, 2.1738209e-01, 8.5589441e-04,
         8.8872258e-03, 5.8093709e-01, 5.8072749e-07, 1.9405697e-02,
         1.8314136e-02],
        [9.4447043e-03, 2.6671440e-04, 2.2004558e-01, 8.6043077e-04,
         8.9267828e-03, 5.8276248e-01, 5.9649744e-07, 1.9586183e-02,
         1.8013146e-02],
        [9.5455861e-03, 2.5964811e-04, 2.2191557e-01, 8.4513344e-04,
         8.9096623e-03, 5.8351940e-01, 6.0507546e-07, 1.9437857e-02,
         1.7713463e-02],
        [9.5982011e-03, 2.5485447e-04, 2.2316365e-01, 8.2844571e-04,
         8.8852923e-03, 5.8398229e-01, 6.0724341e-07, 1.9236535e-02,
         1.7420443e-02],
        [9.6243676e-03, 2.5065168e-04, 2.2494034e-01, 8.1133534e-04,
         8.8923741e-03, 5.8443034e-01, 6.0015259e-07, 1.8915648e-02,
         1.7220581e-02],
        [9.6552577e-03, 2.4810055e-04, 2.2652258e-01, 7.9927751e-04,
         8.8785077e-03, 5.8466005e-01, 5.9659095e-07, 1.8707542e-02,
         1.7131086e-02],
        [9.6919006e-03, 2.4694612e-04, 2.2704180e-01, 7.8405946e-04,
         8.8723516e-03, 5.8464098e-01, 5.8877521e-07, 1.8543242e-02,
         1.6979018e-02],
        [9.7059077e-03, 2.4506578e-04, 2.2884502e-01, 7.8060245e-04,
         8.8575734e-03, 5.8486700e-01, 5.8439804e-07, 1.8383628e-02,
         1.6993687e-02],
        [9.7917086e-03, 2.4524753e-04, 2.2816469e-01, 7.7033509e-04,
         8.8194767e-03, 5.8447737e-01, 5.7789390e-07, 1.8437264e-02,
         1.6738852e-02],
        [9.7826933e-03, 2.4529462e-04, 2.2883432e-01, 7.7259343e-04,
         8.8193389e-03, 5.8438724e-01, 5.8591633e-07, 1.8552933e-02,
         1.6693454e-02],
        [9.8612085e-03, 2.4577123e-04, 2.2801512e-01, 7.6398428e-04,
         8.8072494e-03, 5.8392912e-01, 5.8148981e-07, 1.8571297e-02,
         1.6501252e-02],
        [9.8594502e-03, 2.4557079e-04, 2.2873394e-01, 7.6434709e-04,
         8.7886266e-03, 5.8390754e-01, 5.8303687e-07, 1.8630624e-02,
         1.6492696e-02],
        [9.9073723e-03, 2.4612428e-04, 2.2862080e-01, 7.5884740e-04,
         8.7463735e-03, 5.8360034e-01, 5.7546885e-07, 1.8643182e-02,
         1.6361106e-02],
        [9.8440554e-03, 2.4480620e-04, 2.3038113e-01, 7.6342630e-04,
         8.7640267e-03, 5.8392066e-01, 5.7405248e-07, 1.8436046e-02,
         1.6509920e-02],
        [9.8234322e-03, 2.4587434e-04, 2.2996056e-01, 7.6012692e-04,
         8.7797232e-03, 5.8376598e-01, 5.7771081e-07, 1.8514849e-02,
         1.6518420e-02],
        [9.8262336e-03, 2.4504980e-04, 2.3068275e-01, 7.6449447e-04,
         8.7724729e-03, 5.8390254e-01, 5.8016587e-07, 1.8513542e-02,
         1.6557749e-02],
        [9.8386314e-03, 2.4667563e-04, 2.3007767e-01, 7.6121080e-04,
         8.7773651e-03, 5.8355790e-01, 5.8717973e-07, 1.8630749e-02,
         1.6520264e-02],
        [9.8534282e-03, 2.4620112e-04, 2.3042338e-01, 7.6271885e-04,
         8.7731201e-03, 5.8357620e-01, 5.8514036e-07, 1.8590393e-02,
         1.6491458e-02],
        [9.8572876e-03, 2.4512567e-04, 2.3165679e-01, 7.5940456e-04,
         8.7447530e-03, 5.8363795e-01, 5.7035851e-07, 1.8344332e-02,
         1.6529894e-02],
        [9.8497029e-03, 2.4542914e-04, 2.3151848e-01, 7.5907650e-04,
         8.7400749e-03, 5.8357012e-01, 5.7138766e-07, 1.8390508e-02,
         1.6545735e-02],
        [9.8598059e-03, 2.4588578e-04, 2.3114853e-01, 7.5483054e-04,
         8.7276269e-03, 5.8346814e-01, 5.6831414e-07, 1.8407498e-02,
         1.6467936e-02],
        [9.8466631e-03, 2.4538056e-04, 2.3195165e-01, 7.5278693e-04,
         8.7205004e-03, 5.8351511e-01, 5.6157461e-07, 1.8223338e-02,
         1.6521096e-02],
        [9.8148640e-03, 2.4542661e-04, 2.3241372e-01, 7.5125170e-04,
         8.7106619e-03, 5.8354706e-01, 5.5781868e-07, 1.8124133e-02,
         1.6583225e-02],
        [9.8060276e-03, 2.4530626e-04, 2.3253849e-01, 7.5371680e-04,
         8.7158959e-03, 5.8359474e-01, 5.6021025e-07, 1.8132569e-02,
         1.6613582e-02],
        [9.8187085e-03, 2.4564011e-04, 2.3240092e-01, 7.5179047e-04,
         8.7152543e-03, 5.8347201e-01, 5.6048054e-07, 1.8136138e-02,
         1.6596183e-02],
        [9.7919162e-03, 2.4539916e-04, 2.3286861e-01, 7.5496139e-04,
         8.7139783e-03, 5.8359408e-01, 5.6334903e-07, 1.8136263e-02,
         1.6663790e-02],
        [9.8020947e-03, 2.4556494e-04, 2.3271154e-01, 7.5626007e-04,
         8.7168403e-03, 5.8357066e-01, 5.6574981e-07, 1.8178208e-02,
         1.6653012e-02]]], dtype=float32), array([[[6.3658202e-01, 3.1902719e-02, 6.9281483e-01, 4.0924133e-04,
         8.8564854e-04, 8.4094447e-04, 1.2396078e-05, 1.1923625e-03,
         9.0350688e-04],
        [3.6977457e-03, 1.8188609e-02, 8.8389419e-02, 1.4820525e-04,
         7.3397229e-03, 3.4064148e-04, 4.8724332e-06, 1.9168240e-04,
         1.6854370e-04],
        [3.1694595e-04, 1.9726416e-01, 7.6569747e-03, 2.6529407e-04,
         1.7159393e-02, 8.6158521e-05, 1.0958532e-06, 2.2070121e-04,
         1.8419931e-04],
        [8.1382727e-04, 7.9789042e-01, 2.1854963e-03, 7.8430626e-04,
         3.8700618e-03, 2.0514432e-04, 8.2238455e-07, 3.8001518e-04,
         1.5945322e-03],
        [1.2625767e-02, 6.2732911e-01, 1.0422551e-02, 4.4379686e-03,
         1.9413509e-03, 3.0908006e-04, 4.5665206e-06, 5.1302306e-04,
         1.5347373e-02],
        [4.0219334e-01, 4.9328652e-01, 2.4682496e-01, 3.8684878e-02,
         1.0246816e-03, 4.9676077e-04, 6.3119351e-06, 3.6990026e-04,
         6.8056375e-02],
        [4.9723825e-01, 4.9082914e-01, 2.1723107e-01, 2.0425913e-01,
         9.4068295e-04, 6.7912514e-04, 1.1415819e-05, 3.1530685e-04,
         9.9690519e-02],
        [2.8063422e-01, 4.9119583e-01, 6.4575359e-02, 3.5621798e-01,
         9.6467446e-04, 5.8976456e-04, 8.0884038e-06, 4.3292061e-04,
         4.9866892e-02],
        [1.1727163e-01, 4.8984700e-01, 1.7100738e-02, 4.1960606e-01,
         1.4603939e-03, 6.2459981e-04, 5.9933732e-06, 4.8922055e-04,
         1.9157110e-02],
        [6.2039215e-02, 4.9025890e-01, 6.9705839e-03, 4.5382813e-01,
         2.5823251e-03, 7.3217455e-04, 7.3848173e-06, 4.9895619e-04,
         1.1645545e-02],
        [4.7546748e-02, 4.9069703e-01, 4.1627339e-03, 4.6957812e-01,
         3.2981841e-03, 7.3741807e-04, 6.7415403e-06, 4.9733452e-04,
         9.1837691e-03],
        [4.5077845e-02, 4.9117419e-01, 3.1559372e-03, 4.7831184e-01,
         3.2619743e-03, 7.1394426e-04, 5.3954650e-06, 4.9894303e-04,
         8.6470228e-03],
        [4.5043197e-02, 4.9173987e-01, 2.8549179e-03, 4.8032653e-01,
         3.2356440e-03, 7.6548540e-04, 5.4878738e-06, 4.8173705e-04,
         9.0903677e-03],
        [4.4149227e-02, 4.9213991e-01, 2.7133962e-03, 4.8075598e-01,
         3.1484724e-03, 7.7540759e-04, 5.6034182e-06, 4.7384563e-04,
         9.2480164e-03],
        [4.3503307e-02, 4.9217761e-01, 2.6813217e-03, 4.8090622e-01,
         3.0815667e-03, 7.9035352e-04, 5.7916654e-06, 4.7224158e-04,
         9.4163762e-03],
        [4.3264575e-02, 4.9209648e-01, 2.5893676e-03, 4.8120934e-01,
         2.8107641e-03, 7.5873337e-04, 5.2622227e-06, 4.7850766e-04,
         9.2026098e-03],
        [4.3226320e-02, 4.9166155e-01, 2.5777244e-03, 4.8119161e-01,
         2.4855428e-03, 7.3568511e-04, 4.7620306e-06, 4.7603855e-04,
         8.9822356e-03],
        [4.3570366e-02, 4.9125853e-01, 2.6273222e-03, 4.8087350e-01,
         2.2858945e-03, 7.2764914e-04, 4.4702560e-06, 4.6814818e-04,
         8.8082328e-03],
        [4.3760162e-02, 4.9117300e-01, 2.6619572e-03, 4.8070425e-01,
         2.2303425e-03, 7.2836364e-04, 4.4624867e-06, 4.6291453e-04,
         8.8575706e-03],
        [4.3633837e-02, 4.9157879e-01, 2.6393409e-03, 4.8101059e-01,
         2.2944033e-03, 7.2049227e-04, 4.6534401e-06, 4.5984527e-04,
         8.9938669e-03],
        [4.3514729e-02, 4.9153277e-01, 2.6415489e-03, 4.8103702e-01,
         2.2592214e-03, 7.2178867e-04, 4.6300756e-06, 4.5603077e-04,
         8.9437701e-03],
        [4.3577127e-02, 4.9153060e-01, 2.6445310e-03, 4.8100483e-01,
         2.2128336e-03, 7.2013395e-04, 4.5988577e-06, 4.5167902e-04,
         8.9318668e-03],
        [4.3525238e-02, 4.9192229e-01, 2.6438471e-03, 4.8126873e-01,
         2.3290487e-03, 7.1984989e-04, 4.8918696e-06, 4.4923791e-04,
         9.1233086e-03],
        [4.2925958e-02, 4.9236804e-01, 2.5892502e-03, 4.8118073e-01,
         2.4564853e-03, 7.2332169e-04, 5.2344440e-06, 4.4346027e-04,
         9.4208401e-03],
        [4.3012053e-02, 4.9222523e-01, 2.5533098e-03, 4.8131746e-01,
         2.3501345e-03, 7.1428763e-04, 4.9899895e-06, 4.4253396e-04,
         9.2339320e-03],
        [4.3050259e-02, 4.9194154e-01, 2.5667213e-03, 4.8120335e-01,
         2.2380019e-03, 7.1767037e-04, 4.7730068e-06, 4.3895302e-04,
         9.1546727e-03],
        [4.3094784e-02, 4.9236509e-01, 2.5387078e-03, 4.8133734e-01,
         2.3033889e-03, 7.0316717e-04, 4.9693504e-06, 4.3464641e-04,
         9.2373397e-03],
        [4.2712305e-02, 4.9235919e-01, 2.5517913e-03, 4.8120713e-01,
         2.3304799e-03, 7.1060442e-04, 5.1215088e-06, 4.3230905e-04,
         9.4044628e-03],
        [4.3158829e-02, 4.9193671e-01, 2.5640700e-03, 4.8123926e-01,
         2.1809894e-03, 7.1620877e-04, 4.6623732e-06, 4.3351241e-04,
         9.0753837e-03],
        [4.4574473e-02, 4.9062312e-01, 2.7572494e-03, 4.8015487e-01,
         1.8161158e-03, 7.4003282e-04, 3.9552033e-06, 4.2320805e-04,
         8.2979137e-03],
        [4.5935180e-02, 4.8993847e-01, 2.9011646e-03, 4.7944552e-01,
         1.6281210e-03, 7.4507599e-04, 3.6151691e-06, 4.1400883e-04,
         8.0613373e-03],
        [4.6379108e-02, 4.8989514e-01, 2.9393118e-03, 4.7936720e-01,
         1.5817482e-03, 7.3992123e-04, 3.5734704e-06, 4.0840398e-04,
         8.0204187e-03]]], dtype=float32), array([[[7.29794085e-01, 7.08879232e-01, 7.30202973e-01, 5.89645375e-03,
         2.06391796e-05, 2.98367173e-04, 6.20973560e-06, 4.81140427e-03,
         1.17363766e-01],
        [3.25714238e-02, 8.08560669e-01, 1.95732236e-01, 1.48484542e-03,
         5.13583480e-04, 2.35339234e-04, 6.44385091e-06, 6.82941871e-04,
         3.94229442e-02],
        [9.48537529e-01, 9.52292264e-01, 8.90758216e-01, 7.96261302e-04,
         9.26097200e-05, 1.57149916e-04, 2.76432584e-05, 1.52529438e-03,
         4.97164816e-01],
        [7.25605264e-02, 9.81891632e-01, 6.60736918e-01, 3.09552735e-04,
         9.15346536e-05, 2.73817368e-05, 4.82871826e-07, 7.20235170e-04,
         1.66026190e-01],
        [8.96817029e-01, 9.93212879e-01, 9.61295307e-01, 4.61335731e-04,
         5.27745251e-05, 1.46499488e-05, 2.19614412e-06, 1.37148355e-03,
         3.76125604e-01],
        [1.09291364e-06, 3.31043974e-02, 2.43079256e-07, 6.83395285e-03,
         1.05008985e-04, 3.14146630e-04, 1.48268189e-08, 5.39296167e-03,
         5.58050760e-06],
        [9.98447359e-01, 9.98670578e-01, 9.92817998e-01, 1.16457639e-03,
         2.30627338e-05, 4.30603177e-05, 1.90546489e-05, 4.38263454e-03,
         4.84729886e-01],
        [9.26944733e-01, 9.99656618e-01, 9.96142864e-01, 3.29067989e-04,
         8.24529416e-05, 1.53883975e-05, 4.09646236e-06, 5.96763217e-04,
         4.91086751e-01],
        [5.42662178e-07, 1.47559166e-01, 3.69695101e-07, 4.54492215e-03,
         1.10642453e-04, 1.54048350e-04, 5.56509017e-09, 4.92718956e-03,
         7.81320432e-06],
        [4.14936423e-01, 6.90193534e-01, 5.43184625e-03, 5.57983061e-03,
         4.31193839e-05, 2.53216625e-04, 1.65026665e-06, 1.59820821e-02,
         3.67516535e-03],
        [1.20811455e-01, 9.99902129e-01, 1.21065274e-01, 1.10721495e-03,
         5.96520731e-05, 1.93093092e-05, 8.57648502e-07, 2.07886682e-03,
         4.48952429e-02],
        [9.55487788e-01, 9.99972761e-01, 9.95584488e-01, 4.48355189e-04,
         4.44187644e-05, 1.05717463e-05, 3.02988951e-06, 9.71485977e-04,
         4.52648520e-01],
        [3.50401535e-07, 3.11290519e-03, 1.07121735e-07, 6.87266840e-03,
         1.46413237e-04, 2.53275211e-04, 7.06698655e-09, 6.89890748e-03,
         1.91801018e-06],
        [9.99728024e-01, 9.99914289e-01, 9.99580622e-01, 9.22818261e-04,
         2.30625719e-05, 4.37401177e-05, 4.19436365e-05, 2.68772547e-03,
         4.97075886e-01],
        [3.97982518e-07, 9.79864061e-01, 2.06609889e-06, 1.85403193e-03,
         7.66889643e-05, 3.17418344e-05, 2.62779509e-09, 1.74308824e-03,
         5.41784684e-05],
        [1.00684166e-03, 6.70987368e-03, 1.51408685e-05, 1.01868846e-02,
         8.68985881e-05, 4.81651485e-04, 2.18314099e-07, 2.75249872e-02,
         4.15912509e-05],
        [9.99442220e-01, 9.99977112e-01, 9.99899924e-01, 7.15566159e-04,
         4.19690441e-05, 6.12738222e-05, 4.37613708e-05, 1.97650096e-03,
         4.99619067e-01],
        [1.31803495e-06, 9.97984409e-01, 1.81033738e-05, 1.19713380e-03,
         8.73933677e-05, 1.88069916e-05, 5.89837024e-09, 8.35698855e-04,
         1.92360167e-04],
        [2.43823342e-05, 1.15697745e-04, 6.57756175e-07, 1.88843906e-02,
         7.94639564e-05, 1.08947197e-03, 9.05105182e-08, 3.34874131e-02,
         3.24110533e-06],
        [9.69194651e-01, 9.99066472e-01, 5.36641896e-01, 2.15455494e-03,
         2.86664672e-05, 5.49458673e-05, 8.76403647e-06, 5.68829197e-03,
         1.74979120e-01],
        [3.98848954e-07, 2.92482972e-03, 1.72807290e-07, 7.19558075e-03,
         1.09334411e-04, 3.12358374e-04, 1.24027828e-08, 7.48486677e-03,
         2.41752446e-06],
        [9.99117672e-01, 9.99660850e-01, 9.92398500e-01, 1.26355782e-03,
         1.86020334e-05, 4.47467755e-05, 2.17917077e-05, 4.40098206e-03,
         4.71643686e-01],
        [2.90757157e-07, 8.87373447e-01, 1.02873571e-06, 2.23562727e-03,
         7.21406759e-05, 4.76912865e-05, 3.19356830e-09, 2.24551349e-03,
         2.78669559e-05],
        [9.99530792e-01, 9.99943972e-01, 9.99904275e-01, 6.24621694e-04,
         4.20127035e-05, 4.81628849e-05, 3.39820399e-05, 1.60910666e-03,
         4.99493152e-01],
        [3.04115921e-01, 9.99994397e-01, 9.51124609e-01, 4.01349040e-04,
         6.92864633e-05, 8.31807301e-06, 7.22486959e-07, 2.50332087e-04,
         3.51680994e-01],
        [9.10461307e-01, 9.99990225e-01, 9.96102452e-01, 3.39757215e-04,
         5.29271310e-05, 7.22362029e-06, 2.86688555e-06, 8.09929566e-04,
         4.72384721e-01],
        [2.81472524e-07, 1.15391910e-02, 1.37982795e-07, 5.05429367e-03,
         1.32663001e-04, 1.71005842e-04, 5.42687184e-09, 5.83062042e-03,
         2.73804744e-06],
        [9.99704361e-01, 9.99933004e-01, 9.99769151e-01, 7.50223116e-04,
         2.38842858e-05, 4.90680213e-05, 3.85760977e-05, 2.40240619e-03,
         4.98163700e-01],
        [2.15906965e-07, 3.13493907e-02, 1.36857835e-07, 4.05050302e-03,
         1.32346424e-04, 1.63659584e-04, 5.10529619e-09, 4.19503404e-03,
         3.38495101e-06],
        [9.99619305e-01, 9.99891758e-01, 9.98853087e-01, 9.72529058e-04,
         1.81660143e-05, 3.86367938e-05, 2.70770252e-05, 3.25451489e-03,
         4.93036330e-01],
        [2.30597564e-07, 1.07690692e-02, 1.21676976e-07, 5.09179151e-03,
         1.34364076e-04, 1.98647540e-04, 6.13880102e-09, 5.08859567e-03,
         2.47207527e-06],
        [5.32557642e-05, 4.29838896e-04, 5.23936194e-07, 3.47209163e-02,
         4.38016395e-05, 2.78952462e-03, 3.58945840e-07, 1.21278554e-01,
         7.88896978e-06]]], dtype=float32), array([[[7.30979621e-01, 9.74249654e-03, 7.31046855e-01, 1.25412975e-04,
         5.56845043e-04, 3.78576333e-05, 1.22160511e-02, 2.89364798e-05,
         7.28090346e-01],
        [3.71208694e-06, 8.79253030e-01, 5.30708076e-06, 2.72431862e-06,
         1.49465841e-03, 1.21585790e-05, 6.09848357e-05, 5.42403029e-07,
         2.86295079e-03],
        [9.52554345e-01, 1.08964969e-05, 3.40540716e-08, 4.88097663e-04,
         1.46931352e-05, 9.20445527e-05, 2.76093351e-06, 4.55359201e-04,
         3.94785125e-03],
        [9.72581983e-01, 1.59820411e-06, 2.29199806e-08, 4.23108181e-03,
         5.34312767e-06, 8.26865944e-05, 8.22394099e-07, 1.16985335e-04,
         3.19046871e-04],
        [4.00487334e-05, 4.39006276e-03, 1.60002401e-06, 1.31154193e-05,
         2.32691127e-05, 1.62969136e-05, 7.40240068e-07, 2.63381980e-06,
         9.76244046e-04],
        [5.15518707e-07, 9.96758759e-01, 1.66450583e-04, 7.88134685e-07,
         2.48523254e-04, 5.42433645e-06, 6.43387320e-05, 1.61687922e-06,
         5.47157452e-02],
        [3.71698718e-07, 9.97040331e-01, 5.61152724e-08, 4.94214362e-07,
         3.35351028e-03, 2.37535423e-05, 3.89819143e-05, 1.60918046e-06,
         9.71052723e-05],
        [4.04155217e-05, 8.13557804e-01, 4.12927284e-06, 5.25020369e-07,
         6.88502914e-04, 1.72679629e-05, 4.42427772e-05, 4.39055066e-06,
         2.02362076e-03],
        [1.13049936e-07, 9.72038746e-01, 3.77445843e-08, 4.40714956e-07,
         7.84939155e-03, 8.17204636e-05, 2.91744091e-05, 2.32529669e-06,
         5.39589746e-05],
        [1.32113649e-03, 6.70849113e-04, 3.65527519e-08, 8.60905686e-07,
         1.92003802e-03, 1.96858440e-04, 4.70982332e-06, 4.64982486e-06,
         9.69868197e-05],
        [1.41137286e-06, 2.24430814e-01, 8.98925450e-08, 1.20863763e-06,
         1.35693164e-03, 8.22440124e-05, 5.71006240e-06, 4.36948221e-06,
         9.39422243e-05],
        [3.29533464e-07, 9.83966708e-01, 1.16784456e-07, 1.00473585e-06,
         1.80550502e-03, 2.57727788e-05, 1.32664500e-05, 5.85248426e-06,
         1.80272909e-04],
        [2.93964263e-07, 9.95596468e-01, 2.81461695e-07, 1.23780546e-06,
         1.73106580e-03, 1.69458890e-05, 2.35036823e-05, 5.20386220e-06,
         4.81812749e-04],
        [1.06027301e-05, 1.95217561e-02, 3.66884723e-09, 9.08490563e-07,
         4.39193565e-03, 2.85160000e-04, 8.66323535e-06, 3.97055146e-06,
         1.12108091e-05],
        [2.76298150e-02, 6.06153378e-07, 5.58699864e-10, 7.58740771e-06,
         3.62277217e-03, 1.91334775e-03, 5.13050509e-07, 2.74901377e-05,
         4.11970859e-06],
        [1.89453363e-04, 2.12346004e-06, 1.01764197e-08, 2.13720486e-05,
         1.91970624e-03, 6.88669970e-04, 4.83352494e-07, 1.65933252e-05,
         5.07778850e-06],
        [4.94705887e-07, 9.54705119e-01, 4.12615054e-06, 2.51757228e-06,
         3.41588107e-04, 1.60334330e-05, 9.76542015e-06, 4.37171684e-06,
         2.53683329e-03],
        [6.11648261e-08, 9.98970807e-01, 1.42669862e-07, 8.05525872e-07,
         2.32696929e-03, 2.02649953e-05, 1.91614945e-05, 3.15409397e-06,
         2.53558159e-04],
        [9.18805599e-04, 8.19935667e-05, 9.67223190e-10, 2.16854392e-06,
         6.51756022e-03, 8.43068410e-04, 2.81527241e-06, 5.70418297e-06,
         7.00029432e-06],
        [9.70670879e-01, 7.97805877e-10, 4.16903040e-10, 9.20534134e-04,
         1.46692293e-03, 6.81283604e-03, 2.06051027e-07, 5.50443307e-04,
         1.52676023e-06],
        [9.23706472e-01, 3.39309109e-10, 7.90859322e-10, 2.71872282e-02,
         6.10287789e-05, 1.68784242e-03, 4.86757244e-07, 2.89140822e-04,
         1.26914085e-06],
        [8.28505635e-01, 1.01564035e-09, 2.27197905e-09, 7.83793032e-02,
         1.41238825e-05, 4.91070037e-04, 5.60024148e-07, 1.99526097e-04,
         3.78424215e-06],
        [2.73729506e-06, 2.80345440e-01, 4.57853079e-04, 1.53034416e-05,
         4.99061098e-05, 9.08700713e-06, 1.63391724e-05, 6.11731730e-06,
         4.22119796e-02],
        [2.74543854e-08, 9.99015093e-01, 5.57135209e-08, 8.36580398e-07,
         2.80193961e-03, 3.26885238e-05, 2.49036675e-05, 3.06874404e-06,
         1.19764009e-04],
        [4.47201131e-07, 9.96849954e-01, 6.65432071e-06, 1.28437421e-06,
         5.84445836e-04, 1.51963486e-05, 4.17307965e-05, 4.99775433e-06,
         3.43221426e-03],
        [2.25454569e-04, 7.16767900e-05, 2.79960610e-10, 3.76129060e-06,
         1.94761492e-02, 2.76499521e-03, 1.97014901e-06, 6.57785449e-06,
         1.94338509e-06],
        [9.73441362e-01, 5.29590682e-09, 9.89528282e-09, 2.10702419e-04,
         2.84320238e-04, 8.38053005e-04, 1.98538032e-07, 2.09778271e-04,
         3.16856749e-05],
        [9.79875624e-02, 1.30624644e-09, 1.58947286e-10, 2.11256742e-03,
         4.96570719e-04, 4.85409657e-03, 2.13501821e-07, 1.99109199e-04,
         3.52182099e-07],
        [9.85226989e-01, 2.38892739e-10, 3.85676913e-09, 9.21899378e-02,
         1.35054897e-05, 8.59236927e-04, 7.69045926e-07, 4.45157173e-04,
         7.90586455e-06],
        [2.30191963e-05, 5.46069123e-06, 3.48511520e-07, 1.50680542e-04,
         2.43539107e-05, 5.21984548e-05, 3.98470888e-07, 2.44720513e-06,
         4.63261895e-05],
        [2.04231583e-06, 3.99261713e-04, 4.35709389e-08, 5.19678724e-06,
         3.62526276e-04, 1.90976905e-04, 5.31715898e-07, 2.99607518e-06,
         2.09588579e-05],
        [1.25486285e-05, 6.15791976e-02, 1.48183017e-06, 2.14657166e-06,
         2.94613186e-04, 4.93914667e-05, 9.98032647e-06, 4.29626607e-06,
         7.80999660e-04]]], dtype=float32), array([[[2.40426901e-10, 1.39107340e-06, 7.29898632e-01, 3.34804172e-05,
         2.54308743e-05, 1.14634049e-05, 4.68373798e-07, 7.66780417e-08,
         2.79210112e-03],
        [2.07231761e-08, 3.84196539e-07, 2.55439639e-01, 2.38368055e-04,
         8.58102339e-06, 2.15730543e-05, 1.33953307e-07, 7.73231534e-07,
         1.44914829e-05],
        [1.63605587e-10, 2.01648309e-10, 3.15843779e-03, 2.64635100e-03,
         7.92878794e-08, 1.48160907e-05, 4.21455368e-08, 1.06507377e-06,
         4.59833382e-06],
        [4.48387176e-08, 5.07913291e-01, 9.79824483e-01, 2.64465180e-03,
         7.22976483e-06, 8.32761259e-07, 9.42022525e-05, 3.90551395e-06,
         3.37164730e-01],
        [5.03198521e-07, 7.26735532e-01, 6.10514471e-05, 1.79879851e-06,
         1.63549503e-05, 9.90749868e-06, 8.49002333e-07, 5.96076973e-07,
         7.14863418e-05],
        [5.72843142e-02, 6.87499341e-05, 9.85288441e-01, 2.38673783e-05,
         5.03089167e-02, 1.41741917e-01, 1.16448675e-04, 5.11540929e-05,
         5.49097254e-04],
        [9.88790589e-07, 2.71042494e-10, 1.10525507e-04, 3.62695791e-05,
         1.61355201e-05, 1.10316714e-02, 2.93931464e-07, 1.46279317e-05,
         1.21054271e-07],
        [1.22985375e-05, 1.63038967e-05, 1.53008431e-01, 3.68510224e-02,
         1.04805295e-05, 1.12342925e-04, 2.14962547e-05, 1.11365254e-04,
         7.33700872e-04],
        [2.01091609e-07, 3.16951603e-01, 9.14799869e-01, 3.20738152e-04,
         6.83708713e-05, 1.05102026e-05, 1.95274464e-04, 3.05523986e-06,
         6.13333210e-02],
        [8.20957357e-05, 4.95961636e-01, 1.60800025e-03, 4.02705882e-05,
         6.70968671e-04, 6.44790125e-04, 1.36397184e-05, 1.04382061e-05,
         1.54034584e-04],
        [8.94871652e-01, 8.77901679e-04, 8.63326371e-01, 5.42445225e-04,
         1.58283874e-01, 3.17321718e-01, 2.49740871e-04, 6.00245374e-04,
         1.54578616e-03],
        [1.18310414e-02, 3.51252784e-05, 1.36152380e-06, 3.02817731e-04,
         6.05471469e-05, 4.31764609e-04, 8.74243869e-06, 4.50794963e-04,
         5.26860867e-06],
        [4.54022629e-05, 9.32391524e-01, 7.58984208e-01, 7.83171679e-04,
         4.15201415e-04, 7.72999647e-06, 6.95608978e-05, 1.23829550e-05,
         3.39991250e-03],
        [8.20920931e-09, 4.00304422e-03, 9.81166121e-03, 1.17061527e-05,
         2.10355611e-05, 8.47408955e-06, 1.36512217e-05, 3.23901577e-06,
         2.04956305e-04],
        [7.57340104e-07, 3.64587098e-01, 9.99194145e-01, 7.99525660e-05,
         6.91578537e-02, 3.63468222e-04, 3.28867137e-03, 6.66253709e-06,
         4.65540290e-02],
        [3.68147856e-04, 3.25864255e-02, 9.65653896e-01, 2.89469717e-05,
         1.28887175e-02, 1.88645534e-03, 3.16186604e-04, 1.46174343e-05,
         2.81224749e-03],
        [3.55029013e-03, 8.85566235e-01, 7.16349959e-01, 4.68552113e-04,
         7.31122075e-03, 1.78456219e-04, 1.64850077e-04, 2.51154743e-05,
         7.55692180e-03],
        [9.54037750e-06, 9.75584388e-01, 2.36305594e-02, 6.62833452e-04,
         8.15152831e-04, 2.30700562e-06, 8.00396083e-05, 2.53437724e-06,
         7.74587854e-04],
        [1.02075239e-06, 4.37351167e-01, 1.11754234e-05, 4.87834215e-04,
         5.38245195e-06, 1.02599336e-06, 5.68846235e-06, 1.31751331e-05,
         2.16528861e-05],
        [2.79392407e-05, 9.99551833e-01, 6.39981031e-03, 8.60184431e-03,
         5.95510006e-04, 3.61186693e-07, 2.15644468e-04, 6.60972146e-05,
         4.42786561e-03],
        [2.40311101e-06, 5.62370002e-01, 8.00001502e-01, 9.30130591e-06,
         7.64379638e-06, 1.34971003e-07, 1.42941535e-05, 7.52561391e-06,
         6.81997184e-03],
        [1.98545465e-08, 5.22985876e-01, 4.76801395e-03, 1.34915113e-04,
         1.24156159e-05, 4.35619057e-07, 3.80088932e-05, 8.30532736e-06,
         3.55971453e-04],
        [4.03134845e-06, 9.56800997e-01, 9.99855757e-01, 2.76058912e-04,
         2.05883980e-02, 2.50199591e-05, 6.60377555e-03, 6.55387612e-06,
         6.03717417e-02],
        [4.70711393e-06, 4.08851624e-01, 9.74954019e-05, 3.71128321e-04,
         2.25021977e-05, 1.23627365e-06, 1.42899517e-05, 1.25800525e-05,
         2.46126983e-05],
        [4.22630619e-05, 9.99980450e-01, 9.97949958e-01, 5.02851605e-03,
         2.47272849e-03, 2.13280396e-06, 7.89158366e-05, 3.91045569e-06,
         9.89852007e-03],
        [1.79298372e-08, 4.81445909e-01, 1.81441564e-07, 1.64714456e-03,
         3.79512062e-06, 9.42170004e-07, 7.95388951e-06, 1.89985076e-05,
         1.00043746e-06],
        [2.16895514e-05, 9.99966502e-01, 9.16240871e-01, 1.12185180e-02,
         4.08887863e-04, 7.76447138e-08, 4.06793639e-04, 6.57030205e-06,
         2.52267774e-02],
        [4.56602506e-10, 4.93407249e-04, 9.35547007e-07, 3.56429177e-06,
         3.69129424e-07, 7.17191426e-08, 4.79102425e-07, 1.25477163e-06,
         2.35385187e-06],
        [5.62129117e-06, 9.89159048e-01, 9.99814034e-01, 4.63217497e-04,
         5.69075346e-04, 2.93534743e-08, 3.38082784e-04, 1.33476806e-05,
         5.99672139e-01],
        [1.43850079e-08, 3.07047367e-03, 2.02387571e-04, 9.82390247e-06,
         3.57851854e-06, 4.06833863e-07, 2.10442499e-06, 1.08577306e-05,
         7.82794377e-05],
        [4.43615454e-06, 9.86361861e-01, 9.99763787e-01, 4.86195087e-04,
         6.19660616e-02, 2.13034527e-05, 3.08450963e-03, 4.08120741e-06,
         7.67616779e-02],
        [9.23028210e-07, 1.56987786e-01, 5.52031233e-05, 8.58092899e-05,
         2.74677059e-05, 2.76424703e-06, 1.37106426e-05, 1.82945696e-05,
         2.35865355e-05]]], dtype=float32), array([[[7.31057942e-01, 7.31058240e-01, 1.42738372e-05, 7.37646333e-05,
         3.88842891e-04, 1.94138702e-05, 4.68240432e-05, 2.18621969e-01,
         5.30032150e-04],
        [4.91590345e-06, 1.29498096e-06, 5.28358698e-01, 7.02049441e-09,
         8.80744040e-01, 3.13011944e-01, 2.81939774e-05, 6.64688332e-06,
         3.72949929e-04],
        [5.89642376e-02, 5.69309805e-07, 1.20461802e-03, 1.90886183e-07,
         9.50751841e-01, 8.29996094e-02, 5.95762458e-06, 8.08831246e-05,
         1.41387815e-02],
        [7.59079645e-04, 3.96631658e-02, 8.61499132e-13, 3.08375689e-07,
         7.54575187e-04, 3.77343182e-04, 2.82788619e-07, 1.87989022e-03,
         4.01037141e-05],
        [9.93284762e-01, 5.20511185e-06, 9.60961710e-09, 3.62004968e-03,
         7.32448052e-06, 1.07695842e-05, 2.70009014e-06, 7.04419985e-02,
         9.19998407e-01],
        [1.09555398e-09, 8.73894453e-01, 2.04024230e-13, 9.06386049e-06,
         1.01832590e-07, 1.76989854e-08, 5.36799632e-07, 8.70022486e-05,
         4.68945014e-04],
        [3.39658231e-06, 2.51715690e-01, 7.93133452e-08, 8.64519330e-04,
         1.95532175e-06, 2.26660841e-08, 5.20953654e-06, 3.13562487e-04,
         8.03314149e-01],
        [7.57610792e-08, 9.06566381e-01, 3.21292013e-01, 5.17331046e-07,
         1.24659354e-03, 5.83580402e-08, 2.70320714e-04, 1.88554350e-05,
         9.98434484e-01],
        [1.59778479e-09, 1.01211071e-01, 5.70809163e-07, 7.14697546e-09,
         5.14668599e-02, 1.88617669e-05, 1.50597452e-05, 3.08830349e-05,
         1.01936590e-02],
        [2.67298674e-06, 6.85452076e-04, 3.72319164e-07, 2.16681116e-07,
         7.65544713e-01, 1.34691340e-03, 1.41039374e-04, 5.07584715e-04,
         9.49011967e-02],
        [7.54212681e-03, 3.92907270e-04, 1.36421777e-12, 3.52516031e-06,
         8.25126335e-05, 5.93849363e-05, 3.33343678e-07, 1.05666546e-02,
         1.75726134e-03],
        [3.26178456e-03, 5.97234932e-04, 3.08723173e-07, 1.87425641e-04,
         1.67607199e-04, 6.59415321e-07, 5.72971476e-06, 1.37382559e-03,
         9.74658370e-01],
        [6.10848816e-10, 9.99940515e-01, 4.77632604e-12, 8.84336337e-09,
         1.59184892e-05, 1.79227175e-08, 6.36193477e-07, 5.72301506e-05,
         1.06053788e-03],
        [1.87171270e-06, 1.09844121e-04, 6.79625511e-01, 1.01296848e-06,
         9.93223429e-01, 4.94718144e-04, 1.18416187e-03, 4.38599272e-05,
         9.96192634e-01],
        [6.84841872e-09, 9.96580720e-01, 6.94723662e-12, 1.09037124e-09,
         3.33529618e-03, 1.04188430e-05, 4.34042431e-06, 6.81792299e-05,
         1.47074315e-04],
        [9.99627709e-01, 1.54492426e-07, 2.17610905e-05, 4.81605530e-04,
         2.46009529e-02, 4.63694334e-04, 4.07916086e-05, 1.45813609e-02,
         9.96154904e-01],
        [7.52225038e-09, 9.12431777e-01, 1.37197823e-15, 6.42983125e-08,
         2.96385252e-07, 5.50642028e-07, 3.60353908e-07, 2.41318761e-04,
         4.99899807e-06],
        [9.98679876e-01, 8.73830140e-06, 1.39026284e-07, 1.77373886e-02,
         2.35971606e-06, 1.47770379e-06, 1.22245510e-05, 1.49636883e-02,
         9.89902735e-01],
        [1.05744782e-08, 9.97637033e-01, 5.42222278e-06, 6.23032747e-07,
         4.59979092e-05, 2.49290828e-08, 3.16331243e-05, 9.43280429e-06,
         9.66529727e-01],
        [1.26099897e-09, 9.98065174e-01, 2.60746624e-09, 6.73035738e-10,
         1.98212266e-03, 2.79360137e-07, 1.27069222e-06, 2.03672535e-05,
         1.18851662e-03],
        [9.99993265e-01, 8.26873716e-08, 7.54471671e-07, 1.99449062e-03,
         4.20600176e-04, 2.23278999e-04, 1.14376589e-05, 4.60143872e-02,
         9.90708232e-01],
        [1.23099350e-10, 9.95299816e-01, 8.36505236e-13, 3.08748618e-08,
         1.52724374e-06, 4.75018425e-08, 3.35100481e-07, 2.91518518e-05,
         1.33839250e-03],
        [6.82026148e-04, 4.73916531e-04, 3.67552042e-04, 1.17994805e-05,
         6.93224370e-02, 6.70098098e-06, 4.73799846e-05, 2.11504681e-04,
         9.93404627e-01],
        [9.09262781e-08, 6.05106235e-01, 7.39478059e-15, 4.29104929e-08,
         4.38591627e-07, 9.82275424e-07, 7.78426710e-08, 3.48415866e-04,
         7.20646312e-06],
        [3.49696398e-01, 4.86731660e-05, 1.63391232e-03, 9.45925713e-04,
         2.63312459e-03, 3.53514474e-06, 3.25701221e-05, 1.44620577e-03,
         9.99687791e-01],
        [6.19242158e-11, 9.97498631e-01, 6.59248318e-13, 4.59925076e-09,
         1.51412928e-06, 4.31121379e-08, 3.95617178e-07, 3.77079996e-05,
         7.80260016e-05],
        [1.50695443e-03, 4.71456951e-05, 4.67187226e-01, 1.27365929e-05,
         8.34017158e-01, 1.22306214e-04, 7.38739967e-04, 1.50039545e-04,
         9.99498665e-01],
        [1.72462689e-09, 9.73802984e-01, 8.32824071e-14, 8.75488293e-10,
         1.08489494e-05, 1.74677541e-06, 5.19397020e-07, 7.76831730e-05,
         1.80542629e-05],
        [9.99989629e-01, 1.80486154e-07, 3.43365969e-07, 2.52899528e-03,
         3.24784669e-05, 3.53305004e-05, 4.40059102e-06, 1.80727299e-02,
         9.83025312e-01],
        [2.90317415e-09, 8.58034790e-01, 1.49385292e-13, 8.84539190e-07,
         7.19987483e-08, 9.81515047e-09, 3.06454496e-07, 1.94449676e-04,
         9.52363014e-04],
        [2.73168052e-06, 3.43703091e-01, 3.76202569e-10, 4.75078821e-04,
         1.45077962e-07, 2.65130922e-08, 1.21884466e-06, 5.64498536e-04,
         1.11558139e-01],
        [1.13400392e-05, 2.81077564e-01, 3.28156311e-08, 1.95294619e-04,
         7.06660899e-07, 2.28768222e-08, 1.51757495e-05, 6.41752151e-04,
         9.60572660e-01]]], dtype=float32), array([[[7.31058598e-01, 9.17460828e-04, 7.31058598e-01, 7.31003046e-01,
         2.41141350e-07, 1.42106387e-07, 7.26768258e-06, 4.18785166e-05,
         2.23543495e-08],
        [1.09907858e-04, 1.00090471e-03, 3.14440415e-03, 1.76266913e-04,
         5.77620222e-06, 1.30508060e-03, 3.92255955e-04, 1.69929012e-03,
         1.03285367e-06],
        [1.23794258e-01, 8.59290082e-03, 9.52547789e-01, 1.63260688e-06,
         3.68152968e-07, 1.76058875e-05, 9.92939604e-05, 8.38796986e-05,
         4.55347537e-09],
        [9.82013643e-01, 2.35304728e-01, 9.82000470e-01, 2.73815211e-04,
         1.64485229e-07, 3.03393722e-06, 3.24743334e-04, 5.92282368e-03,
         1.01762886e-07],
        [1.92067221e-01, 9.92009580e-01, 9.93287385e-01, 1.44041123e-05,
         3.78959513e-08, 9.31764745e-08, 4.10423410e-04, 5.79232619e-05,
         3.58067211e-08],
        [9.60326940e-03, 9.97509420e-01, 9.97514963e-01, 2.84241628e-06,
         3.34013265e-07, 2.19581011e-07, 1.12091412e-03, 2.86976847e-05,
         6.79781351e-08],
        [9.99062657e-01, 9.98036265e-01, 9.99084115e-01, 1.61877524e-05,
         9.01808335e-08, 1.95430800e-07, 2.45248713e-03, 7.39476411e-04,
         2.12576783e-08],
        [9.95795488e-01, 9.98487711e-01, 9.99662399e-01, 1.19072683e-05,
         3.51824134e-08, 5.89022733e-08, 3.90120479e-03, 2.15230495e-04,
         6.75292782e-08],
        [8.64920974e-01, 9.99876618e-01, 9.99875546e-01, 3.81962809e-06,
         2.33191866e-08, 4.37963443e-09, 4.34308220e-03, 5.69306394e-05,
         7.66672628e-08],
        [9.99952972e-01, 9.98556316e-01, 9.99954104e-01, 1.42865843e-04,
         1.04665517e-07, 7.51879838e-08, 2.33078049e-03, 5.50118508e-04,
         1.24064181e-08],
        [9.73652959e-01, 9.99945581e-01, 9.99980867e-01, 2.59429453e-05,
         1.93729619e-08, 4.02651867e-09, 7.27373408e-04, 7.24062484e-05,
         8.74132127e-08],
        [1.11638248e-04, 9.99560952e-01, 9.99993682e-01, 1.26297539e-06,
         7.25072823e-07, 1.05326507e-07, 1.01920078e-03, 1.73665853e-06,
         1.66422794e-07],
        [9.94563460e-01, 9.99997437e-01, 9.99995828e-01, 2.67285236e-06,
         9.12516569e-08, 3.28758688e-07, 1.90148363e-03, 3.14298697e-04,
         1.62414449e-09],
        [9.99995410e-01, 2.28467137e-01, 9.99999166e-01, 3.51022973e-05,
         2.42067159e-07, 1.14014831e-07, 7.93714134e-04, 9.50918547e-05,
         9.36278610e-08],
        [3.63996532e-03, 9.99982715e-01, 9.99956489e-01, 4.98773443e-06,
         1.12439826e-08, 5.27289359e-08, 7.03829748e-04, 4.26063998e-05,
         1.79537061e-08],
        [9.99439716e-01, 9.99999762e-01, 1.00000000e+00, 6.93692755e-06,
         2.42784175e-08, 2.83872588e-08, 3.07534193e-03, 3.90282599e-04,
         2.78954260e-09],
        [1.55223459e-01, 8.58033657e-01, 1.00000000e+00, 1.92094376e-06,
         2.15393229e-07, 7.29959879e-08, 1.71423727e-03, 5.08897256e-06,
         6.63760531e-08],
        [9.93163466e-01, 1.00000000e+00, 9.99997020e-01, 7.42449311e-06,
         9.61670210e-09, 5.54703874e-08, 4.35941992e-03, 3.03016946e-04,
         6.10539530e-09],
        [9.99949217e-01, 9.98906612e-01, 1.00000000e+00, 3.70964881e-05,
         1.85039326e-08, 3.22476481e-08, 2.09480291e-03, 1.40693213e-04,
         2.11498552e-08],
        [9.99167144e-01, 9.99988437e-01, 9.99997258e-01, 3.60588529e-05,
         8.21157098e-09, 1.70677676e-08, 5.87184262e-03, 2.70178542e-04,
         1.37410705e-08],
        [6.84797764e-04, 8.49228501e-01, 1.00000000e+00, 3.40667066e-06,
         3.82080827e-07, 1.38748263e-07, 4.44054953e-04, 1.61221601e-06,
         2.40761949e-07],
        [6.22253299e-01, 1.00000000e+00, 9.99980271e-01, 1.76420508e-06,
         3.35758337e-08, 7.56277700e-07, 1.83969189e-03, 2.36234453e-04,
         6.36391495e-10],
        [2.50921488e-01, 9.54266429e-01, 1.00000000e+00, 1.11206236e-06,
         1.63182222e-06, 1.91128521e-07, 1.86444784e-03, 1.28407455e-05,
         6.45227658e-08],
        [9.99396324e-01, 9.99998987e-01, 9.99962926e-01, 8.69740506e-06,
         8.72494788e-09, 2.07460531e-07, 3.32987867e-03, 3.74923809e-04,
         2.29771713e-09],
        [2.45839357e-03, 6.37587011e-01, 1.00000000e+00, 1.45575177e-06,
         1.73430135e-06, 1.20520369e-07, 5.85032045e-04, 1.28691408e-06,
         3.24732298e-07],
        [8.74042511e-01, 1.00000000e+00, 9.99979198e-01, 2.24136033e-06,
         1.89176816e-08, 4.67720639e-07, 2.76245293e-03, 1.84353092e-04,
         1.33827438e-09],
        [1.00000000e+00, 8.82776022e-01, 9.99999166e-01, 2.90066004e-04,
         7.62638592e-08, 6.83797282e-07, 5.44109731e-04, 1.03363569e-03,
         1.55434030e-08],
        [9.99482751e-01, 9.99928355e-01, 9.99491513e-01, 1.66565180e-04,
         1.06010289e-09, 3.06308507e-08, 8.14518891e-04, 5.46909752e-04,
         1.18455432e-08],
        [7.51852989e-04, 9.99961257e-01, 9.99999762e-01, 1.58911771e-05,
         8.53412843e-08, 2.39084450e-08, 7.34714034e-04, 4.12953432e-06,
         2.86535879e-07],
        [9.98814702e-01, 1.00000000e+00, 9.99997854e-01, 8.25664210e-06,
         5.76951198e-09, 6.80023788e-08, 3.51778651e-03, 4.04564373e-04,
         9.37143141e-10],
        [9.99712229e-01, 9.94750738e-01, 1.00000000e+00, 1.20298704e-04,
         4.55867664e-08, 1.61734679e-08, 1.28381699e-03, 4.46952909e-05,
         1.42836228e-07],
        [3.38725150e-01, 1.00000000e+00, 9.99965549e-01, 8.69269479e-06,
         6.25996321e-09, 1.52634811e-08, 3.63505841e-03, 9.32897747e-05,
         3.39064088e-09]]], dtype=float32), array([[[8.88578361e-05, 7.23039150e-01, 7.31058598e-01, 1.96183407e-07,
         4.09784079e-05, 3.02640970e-08, 8.47587435e-05, 6.22700554e-07,
         2.28261044e-07],
        [7.08292532e-07, 8.80796790e-01, 9.70948975e-08, 1.12957612e-03,
         6.65812422e-07, 2.80032424e-08, 1.30591879e-05, 1.18830621e-05,
         1.21797274e-08],
        [5.33136785e-01, 1.96959497e-03, 9.45872486e-01, 1.16680792e-06,
         1.99364877e-04, 1.55492376e-06, 1.81141002e-06, 1.06675179e-06,
         5.12598097e-09],
        [9.82013762e-01, 4.25706059e-01, 4.25551207e-07, 5.08661708e-03,
         3.91770172e-09, 9.42975618e-08, 2.28378394e-06, 2.89063784e-03,
         4.95922081e-10],
        [1.48921765e-06, 9.93306756e-01, 4.92197643e-08, 5.80233289e-03,
         6.98125668e-10, 2.20594844e-11, 6.53690364e-08, 6.95597066e-07,
         1.25822242e-10],
        [1.22368103e-02, 9.97519970e-01, 8.92975915e-09, 1.20658942e-01,
         6.71171918e-09, 1.04088171e-09, 4.32766711e-07, 5.83602605e-06,
         4.84223321e-11],
        [2.02854812e-06, 9.99088228e-01, 2.20072209e-07, 6.25933579e-04,
         1.30681146e-08, 9.43818634e-11, 7.69030919e-07, 1.32079799e-06,
         5.38631473e-10],
        [7.46178674e-04, 1.84301585e-02, 1.01752412e-02, 8.27135352e-07,
         1.23290993e-05, 5.15995779e-08, 1.29295904e-06, 2.60800766e-06,
         1.02505870e-08],
        [9.99876559e-01, 6.72423266e-05, 3.29193085e-06, 4.44059377e-04,
         2.68207543e-07, 9.41485996e-06, 4.94357300e-06, 2.94399709e-02,
         3.60295509e-08],
        [1.38062887e-05, 1.19693801e-02, 2.60216091e-03, 1.93269921e-06,
         2.18607028e-07, 2.76300816e-10, 6.16175271e-07, 3.18216053e-07,
         4.12752943e-10],
        [9.99691129e-01, 5.70198346e-04, 6.03788592e-08, 4.54486767e-03,
         1.60829696e-08, 6.86842441e-07, 3.84208278e-07, 7.14786351e-04,
         3.84903831e-10],
        [1.76006288e-05, 9.99993682e-01, 2.65233564e-11, 9.28699732e-01,
         2.34366249e-10, 2.27497205e-11, 9.41535845e-08, 4.15756131e-06,
         1.37654462e-11],
        [1.24095914e-06, 9.99996603e-01, 4.46539306e-10, 8.46118450e-01,
         2.63381733e-10, 1.04814473e-11, 5.59368658e-08, 1.80182198e-07,
         5.50073181e-12],
        [1.61286812e-06, 9.99985516e-01, 1.63316045e-07, 2.20627598e-02,
         4.42566126e-08, 6.53427312e-11, 1.50016405e-07, 1.08225869e-07,
         1.97287395e-10],
        [7.43812343e-05, 9.99678254e-01, 1.80460968e-09, 1.12541290e-02,
         3.36548922e-08, 2.16036233e-09, 2.11812630e-06, 1.56940098e-06,
         1.78794618e-11],
        [1.86643445e-06, 6.61151707e-02, 4.91470098e-04, 8.76990089e-06,
         1.28242607e-06, 9.23582433e-10, 6.13953944e-07, 2.84354485e-07,
         1.29313726e-09],
        [9.99987245e-01, 3.27825546e-04, 3.25758066e-07, 1.68704987e-03,
         8.00748623e-08, 3.58224020e-06, 1.94830955e-06, 1.78194023e-03,
         1.97691463e-09],
        [6.83933496e-04, 2.76816219e-01, 4.62418122e-08, 1.31046772e-02,
         1.08985043e-08, 3.32106054e-09, 2.03457418e-07, 3.44562159e-06,
         5.57387504e-11],
        [5.88694215e-03, 9.98947859e-01, 5.67531508e-11, 9.89286005e-01,
         2.21634960e-10, 5.42241307e-10, 1.47506157e-07, 3.96825162e-05,
         2.38471239e-11],
        [5.69875624e-07, 1.00000000e+00, 1.26394090e-10, 9.94176030e-01,
         8.12413470e-11, 2.76657516e-12, 3.07947197e-08, 3.85794863e-07,
         7.26132999e-12],
        [1.03944762e-06, 1.00000000e+00, 4.44877690e-09, 8.83204937e-01,
         1.14836707e-09, 2.49338354e-12, 4.59164013e-08, 1.49697726e-07,
         3.90125467e-11],
        [1.16153951e-05, 1.00000000e+00, 6.62454758e-10, 7.50331402e-01,
         3.18578852e-09, 2.43562549e-11, 2.72534464e-07, 6.25215250e-07,
         2.24850711e-11],
        [3.47777268e-06, 1.00000000e+00, 1.50990620e-09, 4.25289273e-01,
         2.60212696e-09, 1.15343247e-11, 2.74073926e-07, 6.79203310e-07,
         1.00812796e-10],
        [5.96219297e-06, 9.99997258e-01, 2.83515411e-09, 2.72574127e-02,
         2.99111527e-08, 9.77292691e-10, 1.96543056e-06, 1.07707899e-06,
         9.24322840e-11],
        [6.96599454e-05, 2.34127313e-01, 2.03847885e-04, 1.67045837e-05,
         1.12372836e-05, 5.64211327e-08, 2.94127312e-06, 3.18377397e-06,
         1.88373939e-08],
        [1.00000000e+00, 5.37782907e-04, 6.13652048e-07, 5.85258007e-04,
         8.73612180e-07, 3.11680305e-05, 7.37829532e-06, 1.76933967e-02,
         8.79141453e-08],
        [1.93056821e-05, 3.10810506e-02, 2.75671482e-04, 9.33635692e-06,
         6.94522612e-07, 7.78458986e-09, 7.20686921e-06, 1.07963319e-06,
         7.23739291e-09],
        [9.99976099e-01, 2.62543108e-06, 6.20932383e-07, 1.30623579e-03,
         7.59737162e-08, 1.80585425e-06, 4.25311470e-07, 3.40385758e-03,
         8.37618419e-09],
        [5.37757223e-05, 1.17808521e-01, 1.14647755e-05, 2.47538090e-04,
         1.26793495e-07, 3.48224116e-09, 5.44191380e-07, 2.75560433e-06,
         9.27216437e-09],
        [9.48167920e-01, 1.06951757e-05, 1.01944927e-07, 5.17818332e-03,
         2.63600928e-08, 2.85983901e-07, 1.08999011e-07, 3.34051292e-04,
         1.99797001e-09],
        [5.12987375e-04, 9.99998152e-01, 1.44458523e-12, 9.92655933e-01,
         3.63727833e-11, 3.58602703e-10, 2.26975530e-07, 7.12310575e-05,
         3.66465781e-11],
        [1.61153628e-06, 1.00000000e+00, 5.30989974e-11, 9.96846914e-01,
         6.45156706e-11, 2.76890316e-12, 3.57333114e-08, 6.83782446e-07,
         2.81553877e-11]]], dtype=float32), array([[[1.15616365e-13, 7.31058598e-01, 2.19822838e-15, 7.77368841e-04,
         6.14984492e-06, 6.20832830e-10, 9.47882563e-06, 1.14922681e-04,
         1.07244220e-10],
        [8.32170964e-12, 8.78064752e-01, 2.35394371e-08, 9.93318623e-04,
         1.19566830e-04, 2.28915944e-08, 1.08389613e-04, 5.79408436e-07,
         1.59677514e-11],
        [3.76595394e-10, 9.52573717e-01, 7.22620230e-09, 5.63264533e-04,
         2.94950907e-03, 5.64206459e-08, 8.13047736e-05, 5.50746427e-06,
         5.35217426e-11],
        [1.09155796e-09, 9.82012391e-01, 1.76975667e-09, 3.67253597e-06,
         1.50594075e-04, 3.11763593e-08, 9.79515880e-06, 9.32977173e-07,
         2.42111908e-12],
        [9.86848474e-01, 1.25325653e-06, 6.15242607e-05, 1.20264731e-05,
         3.58450211e-06, 6.32525844e-05, 4.59858893e-06, 1.72196931e-04,
         1.53513102e-09],
        [3.78026301e-03, 6.08059214e-10, 6.62285924e-01, 5.95955280e-05,
         3.08238199e-08, 1.21428948e-05, 4.26032238e-06, 1.90873034e-05,
         6.80935752e-10],
        [2.68040310e-07, 9.98768985e-01, 2.38552911e-06, 1.04030937e-01,
         4.73129876e-06, 1.95229810e-09, 6.88171531e-06, 5.42387534e-06,
         4.06120970e-11],
        [1.81909904e-11, 3.34184095e-02, 8.17182990e-06, 7.62544232e-08,
         6.26444603e-07, 1.98380292e-07, 5.58555530e-06, 1.90736404e-08,
         8.54975541e-13],
        [9.99871969e-01, 4.01266867e-11, 9.38033402e-01, 1.16747815e-05,
         2.21882374e-06, 1.51346161e-04, 1.12574003e-06, 1.67405407e-03,
         6.00892207e-08],
        [1.20313248e-09, 4.52690472e-08, 1.22086883e-01, 1.08682252e-05,
         4.01080165e-08, 4.47318871e-06, 4.03693593e-05, 2.65565518e-07,
         1.96369830e-11],
        [9.56078339e-03, 3.27041307e-05, 9.99637008e-01, 1.13016861e-02,
         9.81198269e-08, 2.06824140e-07, 1.56607421e-05, 9.61990518e-05,
         3.04999958e-07],
        [2.17005058e-09, 7.63878226e-01, 1.23133404e-07, 9.97924595e-04,
         7.48469984e-06, 1.75885244e-08, 6.78914421e-06, 3.05602953e-06,
         8.71484742e-12],
        [1.55362986e-10, 5.07849813e-01, 2.68378422e-08, 1.34939819e-05,
         3.45625216e-03, 1.25640582e-07, 4.37261133e-06, 1.11744225e-06,
         2.06720513e-12],
        [6.90412927e-09, 5.15028369e-03, 1.42334011e-06, 1.79197116e-07,
         4.88948170e-03, 4.38819484e-07, 7.55955625e-06, 1.46174068e-06,
         3.88914942e-12],
        [9.99750972e-01, 1.08519149e-11, 8.71573985e-01, 2.57458350e-06,
         1.44397723e-06, 1.01977505e-03, 7.82337679e-07, 1.70481484e-03,
         1.28228432e-08],
        [7.87940621e-03, 5.56957129e-14, 9.97362077e-01, 1.79668205e-05,
         7.55758212e-09, 5.07712248e-04, 3.16966657e-06, 2.98494142e-05,
         2.12089102e-08],
        [3.86353207e-07, 4.89128649e-01, 1.56369805e-03, 2.58219838e-02,
         4.58687919e-06, 5.95209970e-09, 1.13656288e-05, 5.78092977e-06,
         2.65966360e-10],
        [1.24218196e-11, 1.61916018e-04, 2.39515305e-03, 1.16403449e-07,
         2.43169637e-07, 2.80245530e-07, 4.07701054e-06, 2.11899991e-08,
         9.47756804e-12],
        [1.00000000e+00, 2.24116204e-13, 9.97310996e-01, 2.93141875e-05,
         1.72021174e-07, 7.09027052e-04, 1.89328631e-07, 1.79820322e-02,
         1.00826298e-06],
        [5.76406745e-09, 1.37671173e-01, 6.79642981e-05, 2.77075171e-03,
         1.61613502e-06, 1.08424789e-08, 6.75801948e-06, 2.49853520e-06,
         4.11926548e-10],
        [5.61791100e-11, 3.78273129e-02, 9.23469343e-05, 3.65457140e-07,
         5.76832974e-07, 3.55088332e-08, 2.66082111e-06, 8.93911292e-08,
         5.85365697e-12],
        [9.99998689e-01, 2.25203753e-13, 9.98260021e-01, 4.44160241e-06,
         1.82570844e-07, 4.34279442e-04, 4.09816352e-07, 5.43972803e-03,
         4.46571676e-07],
        [8.20777132e-06, 1.13174586e-07, 8.83050442e-01, 2.19404697e-04,
         4.64895180e-08, 7.40550206e-07, 2.72729940e-05, 6.21899198e-06,
         3.84469665e-08],
        [6.24776952e-10, 1.98458511e-05, 4.86750960e-01, 2.80533118e-06,
         1.99751096e-08, 1.92025951e-07, 2.28607059e-05, 5.97272347e-08,
         1.82611135e-10],
        [9.99976516e-01, 1.53573421e-11, 9.99825954e-01, 1.81972980e-04,
         1.12915089e-07, 1.52647495e-04, 1.11427187e-06, 9.38281044e-03,
         2.44256353e-06],
        [2.62776666e-07, 6.23942120e-10, 9.96177852e-01, 3.67015600e-04,
         7.93922155e-08, 1.09967004e-05, 8.92511816e-05, 8.37842094e-07,
         9.49844825e-09],
        [1.24571741e-07, 8.47903252e-01, 9.01430845e-04, 6.17647171e-03,
         2.27255236e-06, 6.56116441e-08, 4.13019079e-05, 2.28804834e-06,
         8.37443614e-10],
        [1.07847994e-10, 1.09513968e-01, 2.16574811e-08, 2.62408557e-05,
         2.37762928e-04, 2.53035530e-08, 5.80905771e-06, 1.12443615e-06,
         7.17727787e-12],
        [3.12685344e-09, 1.53809786e-04, 3.44187021e-04, 1.10474168e-07,
         2.77637500e-05, 3.16914452e-07, 2.74541185e-06, 2.42974863e-07,
         1.89513856e-11],
        [9.99999166e-01, 7.94569624e-14, 9.81968164e-01, 4.30242471e-06,
         1.75008950e-07, 4.83572483e-04, 4.22551381e-07, 5.68927778e-03,
         4.23967208e-07],
        [6.27177201e-07, 5.36581616e-14, 9.91816700e-01, 5.74624682e-05,
         2.50735717e-08, 1.70916319e-04, 2.44196035e-05, 2.41806219e-06,
         4.84061289e-08],
        [1.98751688e-04, 2.07276396e-09, 9.99658346e-01, 2.75803208e-02,
         1.23122250e-08, 1.64630762e-06, 1.82660351e-05, 1.09698240e-05,
         1.28394258e-05]]], dtype=float32), array([[[3.51105740e-08, 3.32228254e-08, 2.08708342e-10, 7.31058598e-01,
         2.44187537e-09, 2.20642239e-03, 5.92247397e-06, 1.01501291e-05,
         8.54418858e-13],
        [8.80796909e-01, 8.80796313e-01, 8.45812440e-01, 8.80795777e-01,
         2.21524510e-09, 3.74625087e-09, 5.58638276e-05, 2.04619160e-03,
         7.00739378e-08],
        [2.90926450e-11, 4.65621889e-01, 1.12740184e-09, 9.51481044e-01,
         5.00000858e-08, 4.83918357e-11, 1.93906908e-05, 9.88858417e-08,
         1.12072768e-10],
        [6.32389670e-12, 5.78934545e-09, 3.79358376e-08, 5.57335615e-01,
         1.24723259e-10, 9.99100580e-10, 1.81022801e-06, 2.43175329e-08,
         3.36676115e-15],
        [9.93306398e-01, 1.99968667e-06, 9.93300378e-01, 9.93231237e-01,
         1.69979430e-07, 3.88733845e-08, 3.27134825e-04, 6.68246299e-04,
         1.99266267e-07],
        [4.21073815e-10, 7.47189810e-10, 2.77827494e-09, 7.87860274e-01,
         2.74344270e-10, 1.01663478e-09, 4.54321435e-06, 1.09430516e-06,
         4.38558071e-13],
        [3.21164663e-07, 9.99088705e-01, 1.51888742e-08, 9.99077618e-01,
         1.47417296e-07, 4.00496693e-12, 6.77315620e-06, 2.85311398e-06,
         7.91818165e-05],
        [4.62555307e-14, 1.03076037e-11, 2.31779995e-11, 1.61283731e-03,
         5.14724895e-11, 1.74770731e-09, 1.55443752e-06, 6.80720902e-09,
         1.53616995e-15],
        [9.99873757e-01, 1.42660292e-05, 9.97898817e-01, 9.99857485e-01,
         1.99494096e-07, 2.32808759e-08, 3.79830512e-04, 2.45460169e-03,
         1.20115747e-05],
        [1.35265740e-11, 9.99283850e-01, 1.15823171e-12, 9.92031932e-01,
         7.17068431e-08, 1.17678575e-11, 3.98429665e-06, 1.61265035e-07,
         7.80031506e-09],
        [3.92562149e-13, 9.26717557e-12, 2.31792974e-10, 5.82262035e-03,
         5.05960385e-10, 6.90432200e-09, 1.68710085e-06, 7.16880111e-09,
         6.00026620e-15],
        [9.99993801e-01, 1.24306794e-07, 9.99612451e-01, 9.99910235e-01,
         1.59687659e-07, 1.83682019e-07, 3.59554397e-04, 5.67904674e-03,
         5.00431679e-06],
        [2.09168349e-09, 2.96245645e-12, 2.05171866e-10, 3.62598211e-01,
         1.79500359e-10, 6.06998984e-09, 5.44945351e-06, 2.56270209e-06,
         5.81332332e-14],
        [1.99299172e-01, 1.17526846e-02, 5.64643322e-03, 9.99992073e-01,
         1.05694618e-08, 9.99325289e-10, 1.82242820e-05, 3.05409601e-04,
         6.42189832e-07],
        [1.11773069e-09, 9.97801661e-01, 4.90147867e-10, 9.99379575e-01,
         1.57133698e-07, 1.54488228e-11, 7.10426002e-06, 7.43743499e-07,
         1.58664500e-06],
        [2.92316003e-13, 1.70739844e-12, 1.55546270e-10, 1.60869956e-03,
         2.37301401e-10, 7.56763896e-09, 1.28637123e-06, 7.63383667e-09,
         1.32285561e-15],
        [9.99502420e-01, 1.90526247e-03, 3.49836171e-01, 9.99988735e-01,
         3.47640480e-07, 7.85705634e-09, 2.42724273e-04, 1.56975922e-03,
         1.31934881e-03],
        [6.17937505e-14, 3.02729726e-01, 5.29840894e-14, 6.59863770e-01,
         3.56076484e-08, 5.68551040e-11, 1.01332807e-05, 3.31969403e-08,
         1.07256938e-11],
        [3.31292171e-07, 7.31580053e-14, 8.55243616e-06, 9.71615314e-02,
         8.23320967e-10, 2.24860202e-07, 1.54329973e-06, 1.22693120e-06,
         1.52187318e-13],
        [9.99990821e-01, 1.11686468e-07, 9.98069644e-01, 9.99840319e-01,
         4.20458690e-08, 1.11427944e-07, 2.63573515e-04, 1.55304431e-03,
         2.13656506e-07],
        [7.06132939e-12, 3.18109989e-04, 1.45488057e-11, 9.94793534e-01,
         2.11125339e-08, 8.09726314e-11, 5.13312580e-06, 4.70443808e-07,
         3.25333455e-10],
        [2.96491520e-09, 8.46488851e-12, 1.16463518e-07, 4.68835324e-01,
         1.05560699e-10, 2.08244586e-08, 1.07575454e-06, 2.64930890e-07,
         6.90471036e-14],
        [5.85853923e-06, 9.99926805e-01, 1.37765506e-08, 9.99997497e-01,
         3.86925848e-07, 2.21269773e-11, 4.22032690e-06, 1.23461441e-05,
         2.74139802e-05],
        [1.89674204e-13, 2.00932669e-15, 2.40312215e-10, 4.76743735e-05,
         1.61769681e-10, 3.49699221e-08, 1.24498422e-06, 7.32740846e-09,
         1.50736872e-16],
        [9.99994099e-01, 4.20272350e-04, 8.60965133e-01, 9.99985576e-01,
         4.01451160e-07, 1.81347541e-08, 8.18993722e-05, 4.53526108e-03,
         1.39147043e-04],
        [4.67866475e-11, 1.43274336e-14, 6.99990274e-11, 1.02518201e-02,
         3.01026461e-11, 3.90878867e-08, 2.38402799e-06, 5.38701613e-07,
         9.98795311e-16],
        [3.75740638e-05, 9.99980330e-01, 3.39307064e-07, 9.99998629e-01,
         2.41111906e-07, 1.10731103e-11, 1.71072679e-05, 2.80338063e-05,
         2.37822533e-04],
        [7.96440482e-14, 4.32382503e-14, 4.33772532e-11, 2.24709511e-04,
         7.63433483e-11, 1.01176232e-08, 1.28849899e-06, 1.38006513e-08,
         5.14357422e-16],
        [1.56091301e-05, 9.99966741e-01, 8.38948466e-09, 9.99998808e-01,
         3.00272717e-07, 2.01208824e-11, 8.65451238e-06, 1.87958831e-05,
         5.69470394e-05],
        [1.71378838e-14, 9.95203780e-11, 1.23018417e-13, 6.03526831e-04,
         3.45194739e-09, 4.49715865e-09, 2.80647782e-06, 3.85344956e-09,
         1.22876478e-14],
        [2.13830471e-02, 3.27736139e-04, 5.97048056e-05, 9.99965549e-01,
         2.78025908e-07, 5.27687727e-10, 3.88225089e-05, 7.79708425e-05,
         5.37568521e-05],
        [3.12254562e-12, 8.09392517e-08, 5.15839064e-12, 7.47486115e-01,
         1.10571285e-08, 1.35433886e-09, 2.37962813e-05, 2.86610771e-07,
         1.12254754e-11]]], dtype=float32)]