tf.Tensor(
[[[5.52462609e-08 7.30747044e-01 3.40356701e-11 7.09936917e-01
   6.50600327e-07 2.78714899e-04 4.00866629e-05 4.36209375e-05
   6.27500413e-05]
  [8.79024148e-01 4.12566616e-04 5.48641860e-01 3.62514742e-02
   1.71288372e-09 1.36966321e-07 2.96253602e-05 5.43259785e-06
   1.39627744e-07]
  [2.06790833e-08 4.26486193e-04 1.00899964e-08 9.43633616e-01
   7.34758199e-10 3.59102609e-10 4.30060536e-05 4.28551544e-07
   1.14251542e-09]
  [3.03177172e-09 3.72385456e-09 4.35378061e-05 9.36326385e-01
   1.64850592e-10 2.71975775e-09 2.21484402e-06 8.16530275e-08
   2.24793751e-12]
  [6.63606405e-01 4.46728554e-05 9.73894715e-01 9.93224919e-01
   2.32310011e-08 2.14061169e-09 5.06741853e-05 2.75052917e-05
   6.06008030e-07]
  [1.07091844e-11 3.97436395e-02 7.70136455e-11 9.94152427e-01
   7.49401039e-08 4.04091240e-11 6.00429121e-06 1.95834190e-07
   1.90086102e-09]
  [3.72699163e-11 9.98967767e-01 4.96218518e-12 9.71096873e-01
   1.32745484e-07 4.00237586e-11 3.61758816e-06 1.45939026e-07
   8.78256401e-08]
  [6.44425745e-12 1.53762948e-13 4.57951810e-09 6.16543228e-03
   8.11673284e-10 1.61070517e-08 3.27347266e-06 1.95538412e-08
   5.56962821e-14]
  [1.42125714e-06 9.99755979e-01 9.69541780e-09 9.99868274e-01
   1.14251213e-06 2.70731562e-11 1.00916232e-05 7.08852531e-06
   1.73725392e-04]
  [1.10762229e-14 9.22056181e-11 5.49720317e-13 1.96000969e-04
   5.76207126e-09 8.13893131e-09 3.50551159e-06 2.14583706e-09
   1.70527265e-14]
  [9.99565125e-01 4.67562273e-08 9.97317672e-01 9.97902930e-01
   1.28024283e-07 9.39492253e-08 2.61767360e-04 4.03107289e-04
   3.01918158e-06]
  [1.21100569e-12 1.35065392e-02 3.13478762e-13 9.89947677e-01
   2.62756235e-08 4.37362924e-11 4.31562148e-06 1.52924400e-07
   2.84822971e-10]
  [5.50526204e-13 2.74786970e-07 2.24431519e-12 2.17910483e-01
   3.98098532e-09 1.26118127e-09 9.08949858e-07 4.84662372e-08
   6.08566149e-13]
  [9.68013942e-01 6.83085943e-08 7.51570046e-01 9.99777913e-01
   1.10038378e-07 1.89206606e-08 2.61242734e-04 5.04102733e-04
   7.83562336e-06]
  [1.61684288e-09 1.20513940e-12 1.22564270e-09 3.47622246e-01
   1.91971661e-10 8.46013659e-09 2.73366754e-06 1.81693133e-06
   4.26360038e-13]
  [6.36060304e-06 9.99469340e-01 4.74873059e-06 9.99992967e-01
   5.84497343e-07 8.81792035e-12 1.75658752e-05 1.44013557e-05
   6.92397356e-04]
  [7.73037233e-14 4.95817450e-12 1.37375380e-11 2.51615047e-03
   7.33681838e-10 9.46731937e-09 3.25507563e-06 1.67661440e-08
   4.83976500e-15]
  [1.28859710e-06 9.99960303e-01 1.26046817e-08 9.99991238e-01
   5.24506106e-07 2.36149537e-11 1.10969086e-05 6.61143713e-06
   9.91225679e-05]
  [1.13808753e-14 1.99917817e-14 3.56691829e-11 2.15717009e-05
   1.10476316e-10 8.07746581e-09 6.20522030e-07 4.87986096e-09
   3.05258630e-16]
  [9.99997973e-01 7.57826001e-06 9.83452380e-01 9.99926090e-01
   5.59936211e-07 4.25686011e-08 1.18040829e-04 2.28280830e-03
   3.09923489e-05]
  [4.75835621e-11 1.18259406e-13 8.89288365e-11 1.38952136e-02
   8.10151182e-11 1.44556394e-08 1.81740177e-06 2.55760654e-07
   1.03538309e-14]
  [9.98779655e-01 2.01731920e-04 9.67203140e-01 9.99948263e-01
   2.75288983e-08 7.17503035e-09 2.09361569e-05 3.78388417e-04
   2.25279834e-07]
  [5.44146065e-12 4.83475196e-05 8.63902908e-11 9.93298411e-01
   4.02567366e-08 9.10976503e-11 5.06997685e-06 2.11993950e-07
   4.46072984e-10]
  [1.51696627e-10 3.43983071e-11 3.00260830e-08 3.11258852e-01
   2.11908990e-10 1.12745449e-08 5.34140497e-07 1.15637583e-07
   1.25347635e-13]
  [2.37982204e-05 9.98873293e-01 2.02609300e-07 9.99994397e-01
   3.15537761e-07 2.67110587e-11 7.59824979e-06 2.24979667e-05
   1.33842230e-04]
  [8.15319763e-14 4.33426801e-15 7.12989459e-11 4.64275181e-05
   7.04950404e-11 2.08842046e-08 8.21782919e-07 1.30845317e-08
   2.54860567e-16]
  [6.39692371e-05 9.99346614e-01 1.18429227e-06 9.99998808e-01
   6.28811563e-07 4.40263243e-11 1.27605381e-05 2.57763204e-05
   4.64409590e-04]
  [7.98268075e-15 8.24026245e-14 5.35801872e-12 6.60644437e-05
   2.46999809e-10 1.21296670e-08 1.15674140e-06 7.61053176e-09
   9.79200368e-16]
  [2.65015296e-05 9.96838033e-01 3.86322796e-08 9.99994397e-01
   1.97942381e-06 5.58404607e-11 1.13584456e-05 1.90186402e-05
   2.98380852e-04]
  [4.63765480e-14 7.97155735e-06 3.45128690e-14 7.98681378e-03
   1.15890046e-07 1.07073905e-09 6.23374854e-06 7.44857154e-09
   2.49650040e-12]
  [8.98400176e-05 1.45279177e-12 3.82453203e-04 8.86579037e-01
   3.52173002e-09 8.21825026e-08 7.72720341e-06 2.19280009e-05
   7.87152357e-11]
  [9.90130007e-01 6.62155331e-10 6.60757124e-02 9.98461723e-01
   2.77980838e-09 5.56106450e-08 4.49982108e-05 6.65749947e-04
   2.71548650e-09]]], shape=(1, 32, 9), dtype=float32)