[array([[[2.74063975e-01, 2.83859044e-01, 2.84362882e-01, 2.05985546e-01,
         2.07117438e-01, 2.00219080e-01, 2.09061816e-01, 2.06107929e-01,
         2.78488815e-01],
        [2.59799957e-01, 3.07499141e-01, 3.50901872e-01, 1.91147011e-02,
         2.24930942e-02, 1.90717075e-02, 2.01419331e-02, 2.27172058e-02,
         2.63919592e-01],
        [3.19275677e-01, 2.97444433e-01, 5.53614378e-01, 4.75075940e-04,
         4.50187217e-04, 3.81949038e-04, 4.28092346e-04, 6.64014078e-04,
         2.15149596e-01],
        [2.82484084e-01, 2.51145095e-01, 7.25578249e-01, 4.65586891e-05,
         3.75531927e-05, 3.75053096e-05, 3.34181641e-05, 6.74473049e-05,
         2.33330712e-01],
        [1.79237112e-01, 2.08704233e-01, 7.88840055e-01, 1.83807970e-05,
         1.32337364e-05, 1.42182762e-05, 9.18917885e-06, 2.44994790e-05,
         3.08954090e-01],
        [1.18837692e-01, 1.77513674e-01, 7.96592414e-01, 1.38930845e-05,
         9.39672100e-06, 9.97523330e-06, 4.85692954e-06, 1.75167297e-05,
         3.90777737e-01],
        [9.31677446e-02, 1.56276643e-01, 7.87557721e-01, 1.32150944e-05,
         8.81210417e-06, 8.88540217e-06, 3.59667456e-06, 1.63278892e-05,
         4.52135623e-01],
        [8.18505362e-02, 1.43371940e-01, 7.78452456e-01, 1.31266015e-05,
         8.66975006e-06, 8.43439375e-06, 3.06467678e-06, 1.60747877e-05,
         4.95891392e-01],
        [7.58497119e-02, 1.35744840e-01, 7.73970425e-01, 1.32028072e-05,
         8.74562193e-06, 8.26920405e-06, 2.82215319e-06, 1.59692281e-05,
         5.23632467e-01],
        [7.32897520e-02, 1.31910041e-01, 7.70854414e-01, 1.34826596e-05,
         8.93804281e-06, 8.30056433e-06, 2.73155979e-06, 1.60843738e-05,
         5.44290900e-01],
        [7.16972053e-02, 1.28845662e-01, 7.69574046e-01, 1.36880863e-05,
         9.12366522e-06, 8.40283064e-06, 2.69620955e-06, 1.61581956e-05,
         5.57494521e-01],
        [7.01904297e-02, 1.26654506e-01, 7.68319368e-01, 1.35586151e-05,
         9.08430229e-06, 8.34704133e-06, 2.62527124e-06, 1.59289484e-05,
         5.66766262e-01],
        [6.98864609e-02, 1.25557497e-01, 7.67925262e-01, 1.37894540e-05,
         9.24947290e-06, 8.43685757e-06, 2.62685990e-06, 1.60536947e-05,
         5.74639320e-01],
        [6.98457733e-02, 1.24562465e-01, 7.67973602e-01, 1.38957248e-05,
         9.36451943e-06, 8.55242797e-06, 2.62801382e-06, 1.60797263e-05,
         5.79558015e-01],
        [6.91775084e-02, 1.23340979e-01, 7.67800152e-01, 1.36942162e-05,
         9.27746441e-06, 8.41270503e-06, 2.59568174e-06, 1.57868453e-05,
         5.83237410e-01],
        [6.89152554e-02, 1.22755937e-01, 7.67511785e-01, 1.37308707e-05,
         9.26995199e-06, 8.39718632e-06, 2.57915212e-06, 1.57483482e-05,
         5.87789059e-01],
        [6.85445443e-02, 1.22415870e-01, 7.67871141e-01, 1.37766883e-05,
         9.29152247e-06, 8.43546513e-06, 2.57366582e-06, 1.57688919e-05,
         5.91437101e-01],
        [6.84270263e-02, 1.21863738e-01, 7.67253757e-01, 1.37888846e-05,
         9.29336056e-06, 8.43238649e-06, 2.56342378e-06, 1.57016621e-05,
         5.93717217e-01],
        [6.87031597e-02, 1.21741712e-01, 7.67899632e-01, 1.39010635e-05,
         9.38075482e-06, 8.53372603e-06, 2.57867464e-06, 1.58433431e-05,
         5.94870687e-01],
        [6.86170533e-02, 1.21570751e-01, 7.68083990e-01, 1.39189988e-05,
         9.44359726e-06, 8.54832160e-06, 2.57942634e-06, 1.58458352e-05,
         5.96395433e-01],
        [6.87255412e-02, 1.20935321e-01, 7.68299103e-01, 1.39690128e-05,
         9.44531530e-06, 8.56699717e-06, 2.57578608e-06, 1.59202082e-05,
         5.96594989e-01],
        [6.88159764e-02, 1.21192537e-01, 7.68063545e-01, 1.41557066e-05,
         9.61202295e-06, 8.74744637e-06, 2.61539094e-06, 1.61005337e-05,
         5.96642554e-01],
        [6.84354976e-02, 1.21235959e-01, 7.67771721e-01, 1.39727026e-05,
         9.52991650e-06, 8.63799232e-06, 2.58742307e-06, 1.58119474e-05,
         5.97888708e-01],
        [6.82465136e-02, 1.21295489e-01, 7.67827868e-01, 1.40017819e-05,
         9.50923368e-06, 8.63088189e-06, 2.57605302e-06, 1.58076346e-05,
         5.99362433e-01],
        [6.80390671e-02, 1.20550290e-01, 7.67641544e-01, 1.39451849e-05,
         9.43932446e-06, 8.56488623e-06, 2.57112788e-06, 1.56326787e-05,
         5.98471522e-01],
        [6.78320229e-02, 1.20430171e-01, 7.68268824e-01, 1.38658934e-05,
         9.36318065e-06, 8.47902447e-06, 2.54605607e-06, 1.55533871e-05,
         6.00890636e-01],
        [6.78595454e-02, 1.20874040e-01, 7.68490553e-01, 1.39234171e-05,
         9.42419774e-06, 8.49282787e-06, 2.54837505e-06, 1.56447768e-05,
         6.00803018e-01],
        [6.79594353e-02, 1.20387867e-01, 7.67809629e-01, 1.38554396e-05,
         9.41691633e-06, 8.49680055e-06, 2.54486235e-06, 1.56473834e-05,
         6.01253510e-01],
        [6.79376200e-02, 1.20140702e-01, 7.67541170e-01, 1.39248123e-05,
         9.47668741e-06, 8.56617407e-06, 2.56038129e-06, 1.56888818e-05,
         6.01539075e-01],
        [6.79209009e-02, 1.20593682e-01, 7.67879069e-01, 1.39678914e-05,
         9.46350156e-06, 8.56540646e-06, 2.57169404e-06, 1.57155500e-05,
         6.02863729e-01],
        [6.76290095e-02, 1.20247200e-01, 7.67657042e-01, 1.38553451e-05,
         9.38240100e-06, 8.49394655e-06, 2.55061218e-06, 1.55363996e-05,
         6.03136241e-01],
        [6.76398873e-02, 1.20436586e-01, 7.68617570e-01, 1.38880096e-05,
         9.43113082e-06, 8.53330857e-06, 2.55449709e-06, 1.56483566e-05,
         6.03404880e-01]]], dtype=float32), array([[[4.3219152e-01, 2.6701945e-01, 4.1888207e-01, 6.8312562e-03,
         7.7988743e-03, 6.2001869e-03, 5.7607521e-03, 7.6688211e-03,
         2.2762007e-01],
        [5.7050228e-01, 2.3114115e-01, 5.4772961e-01, 3.4804987e-05,
         5.0817831e-05, 4.2490447e-05, 2.5447109e-05, 5.5314082e-05,
         8.8110700e-02],
        [4.8175347e-01, 1.7907305e-01, 4.6619746e-01, 1.7436449e-06,
         3.1932998e-06, 3.0052197e-06, 1.4784619e-06, 3.3152464e-06,
         3.5980597e-02],
        [3.0815488e-01, 1.6658065e-01, 3.3270746e-01, 5.2394711e-07,
         1.0318454e-06, 1.0536542e-06, 4.9629222e-07, 1.0797198e-06,
         2.0755503e-02],
        [2.1333690e-01, 1.7434746e-01, 2.6445469e-01, 3.5285885e-07,
         7.0034520e-07, 7.6175928e-07, 3.6567241e-07, 7.6340001e-07,
         1.4365475e-02],
        [1.7657517e-01, 1.8313256e-01, 2.3667388e-01, 2.9636516e-07,
         6.0259646e-07, 6.8008364e-07, 3.4111886e-07, 6.7604600e-07,
         1.1185397e-02],
        [1.6504301e-01, 1.8747275e-01, 2.2710234e-01, 2.8493847e-07,
         5.9269587e-07, 6.8487128e-07, 3.5664536e-07, 6.7850232e-07,
         9.4015785e-03],
        [1.6292459e-01, 1.8773948e-01, 2.2333613e-01, 2.7928712e-07,
         5.9921081e-07, 6.9595819e-07, 3.7287637e-07, 6.9381923e-07,
         8.3879596e-03],
        [1.6313919e-01, 1.8575136e-01, 2.2083405e-01, 2.6334510e-07,
         5.8284769e-07, 6.8065049e-07, 3.7524686e-07, 6.8378279e-07,
         7.6653175e-03],
        [1.6388558e-01, 1.8548061e-01, 2.1884857e-01, 2.5783174e-07,
         5.7993810e-07, 6.7587166e-07, 3.8132339e-07, 6.8177786e-07,
         7.2341799e-03],
        [1.6596119e-01, 1.8536839e-01, 2.1823990e-01, 2.6576035e-07,
         5.9884735e-07, 6.9870407e-07, 3.9827853e-07, 7.0713600e-07,
         6.9468576e-03],
        [1.6700785e-01, 1.8403976e-01, 2.1682094e-01, 2.5788239e-07,
         5.8759730e-07, 6.8299391e-07, 3.9496058e-07, 6.9723598e-07,
         6.7326119e-03],
        [1.6743666e-01, 1.8293025e-01, 2.1497406e-01, 2.5448330e-07,
         5.8073891e-07, 6.7414965e-07, 3.9377136e-07, 6.9146307e-07,
         6.5640961e-03],
        [1.6953602e-01, 1.8332577e-01, 2.1555223e-01, 2.6284204e-07,
         5.9727284e-07, 6.9458099e-07, 4.0697950e-07, 7.1319818e-07,
         6.4581488e-03],
        [1.7062044e-01, 1.8295811e-01, 2.1461307e-01, 2.5814813e-07,
         5.8821928e-07, 6.8052782e-07, 4.0108350e-07, 7.0539420e-07,
         6.3837203e-03],
        [1.7096873e-01, 1.8286863e-01, 2.1329094e-01, 2.6107753e-07,
         5.9801096e-07, 6.9050463e-07, 4.0632639e-07, 7.1603802e-07,
         6.3532903e-03],
        [1.7162570e-01, 1.8266502e-01, 2.1335919e-01, 2.5669382e-07,
         5.8776283e-07, 6.8020927e-07, 4.0245061e-07, 7.0732284e-07,
         6.2731891e-03],
        [1.7279769e-01, 1.8378757e-01, 2.1251450e-01, 2.5762037e-07,
         5.8520408e-07, 6.7913129e-07, 4.0320896e-07, 7.0882999e-07,
         6.2452815e-03],
        [1.7387393e-01, 1.8360920e-01, 2.1333720e-01, 2.6621896e-07,
         5.9778131e-07, 6.9782038e-07, 4.1165981e-07, 7.2640040e-07,
         6.2336950e-03],
        [1.7421448e-01, 1.8347146e-01, 2.1280022e-01, 2.6762589e-07,
         6.0133783e-07, 6.9903064e-07, 4.1124466e-07, 7.2799963e-07,
         6.2238290e-03],
        [1.7485286e-01, 1.8388857e-01, 2.1345820e-01, 2.6497884e-07,
         5.9446057e-07, 6.9382429e-07, 4.0782336e-07, 7.2013393e-07,
         6.1453963e-03],
        [1.7469881e-01, 1.8394347e-01, 2.1121943e-01, 2.5867331e-07,
         5.7974734e-07, 6.7529953e-07, 3.9945925e-07, 7.0430525e-07,
         6.1020437e-03],
        [1.7571859e-01, 1.8419874e-01, 2.1143690e-01, 2.6215588e-07,
         5.8768944e-07, 6.8521803e-07, 4.0381082e-07, 7.1407203e-07,
         6.1024674e-03],
        [1.7564867e-01, 1.8463936e-01, 2.1057761e-01, 2.5782484e-07,
         5.8013222e-07, 6.7588456e-07, 3.9851295e-07, 7.0470770e-07,
         6.0971300e-03],
        [1.7710151e-01, 1.8523237e-01, 2.1177080e-01, 2.6535562e-07,
         5.8878163e-07, 6.9153401e-07, 4.0671449e-07, 7.2045543e-07,
         6.0993005e-03],
        [1.7770565e-01, 1.8588220e-01, 2.1043599e-01, 2.5769185e-07,
         5.7018292e-07, 6.6570681e-07, 3.9409369e-07, 7.0141959e-07,
         6.0973400e-03],
        [1.7787048e-01, 1.8648627e-01, 2.0997474e-01, 2.6014678e-07,
         5.7466809e-07, 6.7163671e-07, 3.9627164e-07, 7.0709621e-07,
         6.0737366e-03],
        [1.7894940e-01, 1.8707451e-01, 2.0995644e-01, 2.6119758e-07,
         5.7322137e-07, 6.7314807e-07, 3.9586786e-07, 7.0990296e-07,
         6.0705058e-03],
        [1.7941599e-01, 1.8767822e-01, 2.1037295e-01, 2.6582524e-07,
         5.7947051e-07, 6.8614270e-07, 3.9961816e-07, 7.2100801e-07,
         6.0905321e-03],
        [1.7990084e-01, 1.8840456e-01, 2.0939240e-01, 2.5881198e-07,
         5.6708853e-07, 6.6760140e-07, 3.8900382e-07, 7.0778367e-07,
         6.0779550e-03],
        [1.8032819e-01, 1.8860665e-01, 2.0919102e-01, 2.6081426e-07,
         5.6574845e-07, 6.7193912e-07, 3.8987810e-07, 7.0727293e-07,
         6.0917195e-03],
        [1.8171892e-01, 1.8971692e-01, 2.1020174e-01, 2.6594415e-07,
         5.7216567e-07, 6.8276142e-07, 3.9519455e-07, 7.1593837e-07,
         6.0577272e-03]]], dtype=float32), array([[[4.24746007e-01, 2.59456187e-01, 4.27480698e-01, 1.54742021e-02,
         4.93835062e-02, 1.56958383e-02, 1.39015017e-03, 1.57089587e-02,
         4.29848880e-01],
        [3.40834022e-01, 2.52901286e-01, 3.72243404e-01, 2.22799586e-04,
         2.76168762e-03, 3.64236766e-04, 7.03558555e-07, 2.86128547e-04,
         4.85990226e-01],
        [1.78472668e-01, 3.39246005e-01, 2.20326453e-01, 3.60373997e-05,
         7.57705013e-04, 7.44391145e-05, 2.18775291e-08, 5.02512994e-05,
         3.96244496e-01],
        [1.35232732e-01, 4.58363354e-01, 1.79297358e-01, 2.02568917e-05,
         5.42874855e-04, 4.88677761e-05, 7.79352494e-09, 2.96132221e-05,
         2.86299586e-01],
        [1.34362161e-01, 5.52125335e-01, 1.76455349e-01, 1.67537873e-05,
         5.22047922e-04, 4.62704083e-05, 6.22427354e-09, 2.54647584e-05,
         2.08864793e-01],
        [1.42072454e-01, 6.08607113e-01, 1.78363398e-01, 1.55825182e-05,
         5.47610631e-04, 4.77852482e-05, 6.19246787e-09, 2.43186823e-05,
         1.57980159e-01],
        [1.49278805e-01, 6.44146919e-01, 1.78568363e-01, 1.45668382e-05,
         5.71486482e-04, 4.78530965e-05, 6.09345152e-09, 2.32809070e-05,
         1.25704989e-01],
        [1.54541731e-01, 6.59130156e-01, 1.76625803e-01, 1.46778730e-05,
         6.19261526e-04, 4.99265880e-05, 6.55622490e-09, 2.36179985e-05,
         1.03113763e-01],
        [1.56798109e-01, 6.70215547e-01, 1.71435162e-01, 1.40517577e-05,
         6.45140884e-04, 4.89898048e-05, 6.53553656e-09, 2.28157023e-05,
         8.89726803e-02],
        [1.56836286e-01, 6.75799012e-01, 1.66845605e-01, 1.38728919e-05,
         6.80263271e-04, 4.91488681e-05, 6.77648027e-09, 2.25904259e-05,
         7.86564276e-02],
        [1.56475857e-01, 6.79793119e-01, 1.63138419e-01, 1.36142453e-05,
         7.05546641e-04, 4.84637931e-05, 6.85482959e-09, 2.22821218e-05,
         7.20036775e-02],
        [1.55692548e-01, 6.75007641e-01, 1.62108228e-01, 1.45171252e-05,
         7.54054869e-04, 5.13072591e-05, 7.69908404e-09, 2.33095707e-05,
         6.66338205e-02],
        [1.54138014e-01, 6.72746301e-01, 1.58571929e-01, 1.43562338e-05,
         7.75803463e-04, 5.07263139e-05, 7.76263676e-09, 2.29516245e-05,
         6.34436980e-02],
        [1.52109087e-01, 6.71504080e-01, 1.56685323e-01, 1.42075432e-05,
         7.89611484e-04, 5.06150209e-05, 7.80697373e-09, 2.26572902e-05,
         6.04249090e-02],
        [1.51139915e-01, 6.68545723e-01, 1.55130938e-01, 1.43664374e-05,
         8.06797005e-04, 5.07291188e-05, 8.03539812e-09, 2.28219124e-05,
         5.84498756e-02],
        [1.49708971e-01, 6.64609909e-01, 1.53205737e-01, 1.43948118e-05,
         8.21026275e-04, 5.08268495e-05, 8.16632806e-09, 2.29173784e-05,
         5.70112206e-02],
        [1.48818061e-01, 6.63056672e-01, 1.51052535e-01, 1.41906148e-05,
         8.23621405e-04, 5.04748787e-05, 8.11265899e-09, 2.24795785e-05,
         5.59944883e-02],
        [1.47272781e-01, 6.60763025e-01, 1.49892777e-01, 1.44332753e-05,
         8.36571271e-04, 5.09490346e-05, 8.35334024e-09, 2.26811444e-05,
         5.51876463e-02],
        [1.46099076e-01, 6.60699487e-01, 1.48420736e-01, 1.41289693e-05,
         8.36018531e-04, 5.00414353e-05, 8.14292012e-09, 2.22284289e-05,
         5.45458086e-02],
        [1.45163849e-01, 6.58452928e-01, 1.48230895e-01, 1.44207543e-05,
         8.44392576e-04, 5.07124059e-05, 8.39760705e-09, 2.25091662e-05,
         5.40053248e-02],
        [1.44455552e-01, 6.57224596e-01, 1.47421330e-01, 1.42004019e-05,
         8.40773573e-04, 5.03714255e-05, 8.28395663e-09, 2.22109920e-05,
         5.37111759e-02],
        [1.43498346e-01, 6.58505380e-01, 1.45942301e-01, 1.40921629e-05,
         8.37924308e-04, 4.97022993e-05, 8.16139245e-09, 2.19419253e-05,
         5.34161329e-02],
        [1.43509790e-01, 6.55172288e-01, 1.46610916e-01, 1.45105214e-05,
         8.55396211e-04, 5.11375983e-05, 8.49993409e-09, 2.25053482e-05,
         5.32505810e-02],
        [1.42702743e-01, 6.51377261e-01, 1.47303686e-01, 1.48446907e-05,
         8.67379131e-04, 5.19219138e-05, 8.78677930e-09, 2.29100024e-05,
         5.29459119e-02],
        [1.41929150e-01, 6.48530424e-01, 1.47053823e-01, 1.49988482e-05,
         8.70684453e-04, 5.23136441e-05, 8.86915164e-09, 2.29788238e-05,
         5.30688763e-02],
        [1.41347110e-01, 6.48743629e-01, 1.45887092e-01, 1.45129861e-05,
         8.58793210e-04, 5.12277184e-05, 8.53491144e-09, 2.24164560e-05,
         5.27136028e-02],
        [1.40876442e-01, 6.51872277e-01, 1.44406274e-01, 1.42567560e-05,
         8.51961959e-04, 5.02072835e-05, 8.28844460e-09, 2.20324746e-05,
         5.26524782e-02],
        [1.40375450e-01, 6.52656496e-01, 1.44383863e-01, 1.41117598e-05,
         8.46103823e-04, 4.98415247e-05, 8.16516010e-09, 2.19428457e-05,
         5.27810454e-02],
        [1.40751481e-01, 6.53810382e-01, 1.44103780e-01, 1.38882324e-05,
         8.41051049e-04, 4.93155712e-05, 8.03225664e-09, 2.18107798e-05,
         5.27476966e-02],
        [1.41144291e-01, 6.52938902e-01, 1.44682214e-01, 1.42411172e-05,
         8.56612867e-04, 5.04770069e-05, 8.36370351e-09, 2.22483486e-05,
         5.23690879e-02],
        [1.40573889e-01, 6.54185832e-01, 1.44062966e-01, 1.39716221e-05,
         8.45810981e-04, 4.96549692e-05, 8.11077161e-09, 2.18790719e-05,
         5.25199175e-02],
        [1.40749976e-01, 6.57663167e-01, 1.43237054e-01, 1.36372455e-05,
         8.30531062e-04, 4.83466574e-05, 7.81489984e-09, 2.14341435e-05,
         5.28709292e-02]]], dtype=float32), array([[[4.46283579e-01, 2.54825920e-01, 3.83526981e-01, 2.02479754e-02,
         1.91955268e-02, 1.53642129e-02, 1.39840806e-04, 3.04161701e-02,
         1.11775383e-01],
        [2.79906005e-01, 2.01097041e-01, 2.49157533e-01, 4.41933563e-03,
         1.89037703e-03, 1.97074423e-03, 2.74204325e-07, 8.98587983e-03,
         1.37635535e-02],
        [1.11504845e-01, 1.38396859e-01, 1.33939862e-01, 6.85797259e-03,
         8.16397544e-04, 9.90290660e-04, 2.81923889e-08, 1.43671492e-02,
         3.19961668e-03],
        [7.43114352e-02, 9.89806354e-02, 9.60067213e-02, 1.34267854e-02,
         6.27835048e-04, 7.90132850e-04, 1.49940504e-08, 3.08323838e-02,
         1.86460372e-03],
        [7.55453110e-02, 7.77015984e-02, 8.08062106e-02, 2.38955040e-02,
         6.47561275e-04, 8.78853258e-04, 1.69462044e-08, 6.46140873e-02,
         1.91941590e-03],
        [9.02163535e-02, 6.67569563e-02, 7.24316910e-02, 3.58081087e-02,
         7.12086447e-04, 1.05527474e-03, 2.16207123e-08, 1.16082996e-01,
         2.39692302e-03],
        [1.09557189e-01, 6.20047264e-02, 6.77819103e-02, 4.69353721e-02,
         7.92390027e-04, 1.24880078e-03, 2.67710423e-08, 1.73953339e-01,
         3.01494636e-03],
        [1.28302112e-01, 5.91517240e-02, 6.61421791e-02, 5.75513951e-02,
         9.06495727e-04, 1.50011794e-03, 3.54115102e-08, 2.33796090e-01,
         3.74817220e-03],
        [1.40437022e-01, 5.75252324e-02, 6.58168048e-02, 6.66998178e-02,
         1.02692086e-03, 1.74352841e-03, 4.45815971e-08, 2.84173459e-01,
         4.44210740e-03],
        [1.44401744e-01, 5.56553788e-02, 6.47589639e-02, 7.71360323e-02,
         1.17356412e-03, 2.03108904e-03, 5.71145158e-08, 3.26115787e-01,
         5.12445066e-03],
        [1.43593475e-01, 5.38777262e-02, 6.30368665e-02, 8.67667273e-02,
         1.31239428e-03, 2.30194186e-03, 7.05228089e-08, 3.60550940e-01,
         5.74627705e-03],
        [1.39323398e-01, 5.29376939e-02, 6.15123771e-02, 9.60341617e-02,
         1.44708529e-03, 2.57183332e-03, 8.49190158e-08, 3.87829661e-01,
         6.36810763e-03],
        [1.33929819e-01, 5.24202175e-02, 5.92047460e-02, 1.04378827e-01,
         1.56165252e-03, 2.81435018e-03, 9.78634489e-08, 4.08898056e-01,
         6.83601899e-03],
        [1.28770515e-01, 5.21663427e-02, 5.67033589e-02, 1.12180620e-01,
         1.68925815e-03, 3.05695017e-03, 1.13277757e-07, 4.26406622e-01,
         7.40312086e-03],
        [1.23160161e-01, 5.20287417e-02, 5.42939082e-02, 1.18201979e-01,
         1.77776732e-03, 3.22891888e-03, 1.23167538e-07, 4.38589096e-01,
         7.79444352e-03],
        [1.19033478e-01, 5.21841198e-02, 5.20203821e-02, 1.21704392e-01,
         1.80509943e-03, 3.29736574e-03, 1.23748848e-07, 4.48560297e-01,
         7.93109275e-03],
        [1.15231715e-01, 5.26883602e-02, 5.03987670e-02, 1.26341805e-01,
         1.86365296e-03, 3.41395149e-03, 1.30825313e-07, 4.56901997e-01,
         8.19163490e-03],
        [1.11767955e-01, 5.32516949e-02, 4.92008813e-02, 1.31892771e-01,
         1.95157179e-03, 3.56484973e-03, 1.42808545e-07, 4.63740587e-01,
         8.63754470e-03],
        [1.08748004e-01, 5.38155846e-02, 4.82888781e-02, 1.36235923e-01,
         2.02985806e-03, 3.70658864e-03, 1.53210394e-07, 4.69754815e-01,
         9.04033799e-03],
        [1.05660282e-01, 5.48677072e-02, 4.76031825e-02, 1.41346350e-01,
         2.11506779e-03, 3.85109615e-03, 1.64605780e-07, 4.73725498e-01,
         9.46103781e-03],
        [1.01720192e-01, 5.53881526e-02, 4.62719128e-02, 1.45328254e-01,
         2.16917926e-03, 3.92125733e-03, 1.66106361e-07, 4.75620329e-01,
         9.63067170e-03],
        [9.85766649e-02, 5.67873642e-02, 4.57465947e-02, 1.50235400e-01,
         2.29967735e-03, 4.06658556e-03, 1.78202882e-07, 4.79554445e-01,
         1.00928200e-02],
        [9.40223038e-02, 5.86316548e-02, 4.48267683e-02, 1.53087199e-01,
         2.38821656e-03, 4.11996664e-03, 1.78632177e-07, 4.80190635e-01,
         1.02611231e-02],
        [8.98227841e-02, 6.06889725e-02, 4.46955040e-02, 1.57134786e-01,
         2.58465065e-03, 4.24909312e-03, 1.94250191e-07, 4.82859820e-01,
         1.08536743e-02],
        [8.53672251e-02, 6.32489845e-02, 4.42129113e-02, 1.60368830e-01,
         2.77106580e-03, 4.34024120e-03, 2.01434489e-07, 4.82244521e-01,
         1.11922780e-02],
        [8.12132582e-02, 6.57351837e-02, 4.35038581e-02, 1.62945971e-01,
         2.95527093e-03, 4.42527561e-03, 2.06314525e-07, 4.82547700e-01,
         1.14270449e-02],
        [7.75331110e-02, 6.84315935e-02, 4.32824418e-02, 1.66504979e-01,
         3.23153287e-03, 4.55493247e-03, 2.21816805e-07, 4.84177113e-01,
         1.20023657e-02],
        [7.44061768e-02, 7.07393661e-02, 4.30911258e-02, 1.69516012e-01,
         3.48048611e-03, 4.67632199e-03, 2.33403981e-07, 4.84096259e-01,
         1.23707401e-02],
        [7.10962489e-02, 7.32172951e-02, 4.24589850e-02, 1.71552092e-01,
         3.65118287e-03, 4.75466624e-03, 2.32834452e-07, 4.83861417e-01,
         1.23929959e-02],
        [6.79718331e-02, 7.54891410e-02, 4.20304239e-02, 1.74700990e-01,
         3.81474965e-03, 4.82128188e-03, 2.32520634e-07, 4.82913315e-01,
         1.23330858e-02],
        [6.54819757e-02, 7.75771141e-02, 4.14680950e-02, 1.77747369e-01,
         4.05923650e-03, 4.93817590e-03, 2.44110879e-07, 4.82500136e-01,
         1.26259308e-02],
        [6.29211739e-02, 8.00001100e-02, 4.11557108e-02, 1.79804891e-01,
         4.23582783e-03, 5.00975596e-03, 2.47053890e-07, 4.81845230e-01,
         1.27199329e-02]]], dtype=float32), array([[[5.88492632e-01, 2.05086559e-01, 5.19680798e-01, 2.90383976e-02,
         2.23386995e-02, 1.73632223e-02, 1.72699161e-04, 5.38610183e-02,
         2.49613374e-01],
        [6.57682359e-01, 1.11516453e-01, 5.93733251e-01, 5.94510743e-03,
         1.28839083e-03, 9.66277323e-04, 4.55714222e-08, 8.94952938e-03,
         3.32477361e-01],
        [4.16397840e-01, 7.83543959e-02, 4.32705671e-01, 1.29035544e-02,
         5.11527818e-04, 3.92053713e-04, 7.09140746e-10, 6.15138980e-03,
         7.29352832e-01],
        [2.58643180e-01, 8.56928602e-02, 2.76578814e-01, 3.26012075e-02,
         6.19007449e-04, 4.40598320e-04, 2.33922326e-10, 9.53195058e-03,
         9.18829799e-01],
        [2.49458864e-01, 9.47792307e-02, 2.26717472e-01, 4.85501736e-02,
         9.46171756e-04, 5.55872859e-04, 2.67198097e-10, 1.46420691e-02,
         9.68193531e-01],
        [2.83582628e-01, 9.58249792e-02, 2.03938648e-01, 5.34877330e-02,
         1.41662708e-03, 6.69702422e-04, 3.90918908e-10, 2.01337617e-02,
         9.84780133e-01],
        [3.24008375e-01, 9.40514132e-02, 1.82765022e-01, 5.23722470e-02,
         2.03820644e-03, 7.87939993e-04, 5.20659627e-10, 2.46157870e-02,
         9.91143882e-01],
        [3.60214144e-01, 9.06189308e-02, 1.66362822e-01, 4.97825667e-02,
         3.03696026e-03, 9.68834094e-04, 7.11956993e-10, 2.88046077e-02,
         9.93616164e-01],
        [3.84468168e-01, 8.85731205e-02, 1.53751373e-01, 4.54088822e-02,
         4.53715306e-03, 1.25370303e-03, 9.91304039e-10, 3.23223248e-02,
         9.94346797e-01],
        [4.02352482e-01, 8.79536569e-02, 1.43720657e-01, 4.04826328e-02,
         5.99060580e-03, 1.52180891e-03, 1.16150112e-09, 3.37967761e-02,
         9.94346976e-01],
        [4.06303346e-01, 8.83109719e-02, 1.33572593e-01, 3.73555869e-02,
         7.76077015e-03, 1.90128549e-03, 1.63701441e-09, 3.48719545e-02,
         9.93581951e-01],
        [4.04643714e-01, 8.91187787e-02, 1.23820975e-01, 3.47334966e-02,
         8.63780547e-03, 2.11075414e-03, 1.69972447e-09, 3.29688713e-02,
         9.92619157e-01],
        [3.93704236e-01, 9.00218934e-02, 1.15168944e-01, 3.37175913e-02,
         9.51717235e-03, 2.35964963e-03, 1.89374072e-09, 3.07231788e-02,
         9.91365254e-01],
        [3.77704948e-01, 9.10208970e-02, 1.07291251e-01, 3.33741084e-02,
         1.04761291e-02, 2.65167467e-03, 2.18650409e-09, 2.77573075e-02,
         9.89462554e-01],
        [3.54960173e-01, 9.25740004e-02, 9.94025767e-02, 3.39022428e-02,
         1.16786286e-02, 3.02729290e-03, 2.69594658e-09, 2.42599379e-02,
         9.86667275e-01],
        [3.31480205e-01, 9.41322520e-02, 8.99681076e-02, 3.44252549e-02,
         1.27536161e-02, 3.34876776e-03, 2.96518521e-09, 2.01705117e-02,
         9.82932806e-01],
        [3.07451278e-01, 9.65745300e-02, 8.07461888e-02, 3.54068018e-02,
         1.43268583e-02, 3.74362664e-03, 3.38148132e-09, 1.69019643e-02,
         9.78107691e-01],
        [2.83822387e-01, 9.92281213e-02, 7.42832422e-02, 3.62031944e-02,
         1.62721816e-02, 4.12350474e-03, 3.89984489e-09, 1.46084353e-02,
         9.71965969e-01],
        [2.61857837e-01, 1.01589166e-01, 6.94713965e-02, 3.64107266e-02,
         1.90891847e-02, 4.51430958e-03, 4.72223327e-09, 1.31567493e-02,
         9.63611901e-01],
        [2.41816908e-01, 1.03447132e-01, 6.46809638e-02, 3.62728313e-02,
         2.18822323e-02, 4.76372428e-03, 5.25988098e-09, 1.18567767e-02,
         9.53850091e-01],
        [2.22752526e-01, 1.04751490e-01, 6.00395203e-02, 3.59716192e-02,
         2.58474201e-02, 5.11109084e-03, 6.32278718e-09, 1.08602364e-02,
         9.40944731e-01],
        [2.05274284e-01, 1.05485074e-01, 5.50327338e-02, 3.52096371e-02,
         2.99866442e-02, 5.33175003e-03, 7.10710646e-09, 9.90120973e-03,
         9.25125957e-01],
        [1.89622268e-01, 1.05506070e-01, 5.02197593e-02, 3.44536677e-02,
         3.51509340e-02, 5.57985390e-03, 8.12720558e-09, 9.14859865e-03,
         9.06279325e-01],
        [1.76673070e-01, 1.04871184e-01, 4.64172810e-02, 3.35531943e-02,
         4.03830595e-02, 5.89262089e-03, 9.11452158e-09, 8.66656564e-03,
         8.85903239e-01],
        [1.67533025e-01, 1.03785850e-01, 4.35618386e-02, 3.29632126e-02,
         4.51697633e-02, 6.10792125e-03, 9.61603153e-09, 8.33543949e-03,
         8.67947519e-01],
        [1.59798786e-01, 1.02186762e-01, 4.13066968e-02, 3.22458893e-02,
         4.85649034e-02, 6.25184178e-03, 9.40627221e-09, 7.98277091e-03,
         8.53950024e-01],
        [1.54505551e-01, 1.00325435e-01, 4.05549742e-02, 3.22038755e-02,
         5.24423607e-02, 6.63358299e-03, 1.03814868e-08, 7.98935164e-03,
         8.40995371e-01],
        [1.50590017e-01, 9.83572751e-02, 4.00782153e-02, 3.19217816e-02,
         5.55677712e-02, 6.87770173e-03, 1.11229825e-08, 8.01904500e-03,
         8.30333769e-01],
        [1.48277193e-01, 9.65937302e-02, 3.95556502e-02, 3.16100866e-02,
         5.76565973e-02, 7.04285409e-03, 1.13840422e-08, 7.94676505e-03,
         8.22201014e-01],
        [1.45600915e-01, 9.47944224e-02, 3.91796865e-02, 3.14937569e-02,
         5.96456937e-02, 7.20823603e-03, 1.19165522e-08, 8.00792500e-03,
         8.16253483e-01],
        [1.44495368e-01, 9.28274021e-02, 3.81031185e-02, 3.10610645e-02,
         5.97524010e-02, 7.20492238e-03, 1.11298863e-08, 7.72992056e-03,
         8.12581420e-01],
        [1.43318310e-01, 9.19722095e-02, 3.82594168e-02, 3.12325917e-02,
         6.15592636e-02, 7.47088902e-03, 1.19931416e-08, 7.85744842e-03,
         8.07765007e-01]]], dtype=float32), array([[[6.13602519e-01, 1.83867455e-01, 5.58205187e-01, 1.55295823e-02,
         1.85890421e-02, 2.60660481e-02, 1.10088658e-05, 4.63832170e-02,
         1.56079933e-01],
        [3.85914415e-01, 9.79187340e-02, 4.93247718e-01, 5.61029557e-03,
         9.52834636e-03, 3.39005962e-02, 4.71532768e-09, 1.25731593e-02,
         1.97498277e-02],
        [9.35063362e-02, 7.39954561e-02, 3.46270531e-01, 1.25906989e-02,
         2.80432981e-02, 6.33704662e-02, 9.40583944e-10, 7.27244886e-03,
         4.56389319e-03],
        [4.82074022e-02, 7.12804645e-02, 3.04879636e-01, 1.92306489e-02,
         5.67878857e-02, 5.06399199e-02, 1.07898912e-09, 4.73700650e-03,
         2.43312749e-03],
        [5.18298335e-02, 7.15418532e-02, 3.34105939e-01, 1.81185808e-02,
         7.39860907e-02, 2.96896491e-02, 1.48173496e-09, 3.06966854e-03,
         2.02158024e-03],
        [7.32283816e-02, 7.47469217e-02, 3.98905039e-01, 1.38285803e-02,
         7.61236697e-02, 1.86140407e-02, 1.80014137e-09, 2.20533530e-03,
         1.95155002e-03],
        [1.07101545e-01, 7.95707330e-02, 4.78811830e-01, 1.03709204e-02,
         7.32747242e-02, 1.36273624e-02, 2.17627716e-09, 1.75871165e-03,
         2.02268525e-03],
        [1.52732477e-01, 8.58832076e-02, 5.64840972e-01, 7.94114545e-03,
         7.20683187e-02, 1.11228535e-02, 2.87045854e-09, 1.50531414e-03,
         2.19921698e-03],
        [2.01152340e-01, 9.13162455e-02, 6.39030457e-01, 6.26324350e-03,
         7.38496780e-02, 9.78427194e-03, 3.67933994e-09, 1.37501175e-03,
         2.39611720e-03],
        [2.42438018e-01, 9.51485932e-02, 6.90330386e-01, 5.15586790e-03,
         7.76353180e-02, 9.22658574e-03, 4.18211288e-09, 1.30653044e-03,
         2.52048788e-03],
        [2.73660332e-01, 9.81118456e-02, 7.24860609e-01, 4.48857481e-03,
         8.14871863e-02, 9.03273188e-03, 4.38266934e-09, 1.26114849e-03,
         2.58045411e-03],
        [2.95453697e-01, 1.00237064e-01, 7.45917499e-01, 4.06833738e-03,
         8.55422318e-02, 9.05935466e-03, 4.61740957e-09, 1.24359305e-03,
         2.61763716e-03],
        [3.09799969e-01, 1.01724252e-01, 7.59191811e-01, 3.84913874e-03,
         8.93412828e-02, 9.09446552e-03, 4.95557462e-09, 1.24558201e-03,
         2.67778104e-03],
        [3.18577498e-01, 1.02463305e-01, 7.68697381e-01, 3.67868436e-03,
         9.10451859e-02, 9.11934860e-03, 5.00567676e-09, 1.24527304e-03,
         2.67468044e-03],
        [3.23294401e-01, 1.02756321e-01, 7.73245335e-01, 3.59109929e-03,
         9.29015502e-02, 9.10329539e-03, 5.06197839e-09, 1.23986602e-03,
         2.68577994e-03],
        [3.26973319e-01, 1.02389082e-01, 7.76217341e-01, 3.52550042e-03,
         9.35560465e-02, 9.12319031e-03, 5.12581133e-09, 1.24956772e-03,
         2.70002312e-03],
        [3.28898937e-01, 1.02857359e-01, 7.79205680e-01, 3.48585634e-03,
         9.43726599e-02, 9.19152983e-03, 5.13301224e-09, 1.25129323e-03,
         2.70373072e-03],
        [3.31519634e-01, 1.02715470e-01, 7.80878246e-01, 3.47745465e-03,
         9.60932449e-02, 9.18520708e-03, 5.57961899e-09, 1.27641391e-03,
         2.77793757e-03],
        [3.30732971e-01, 1.02164738e-01, 7.81805158e-01, 3.46146990e-03,
         9.63273644e-02, 9.14431084e-03, 5.54688384e-09, 1.28175109e-03,
         2.77743628e-03],
        [3.30754876e-01, 1.01760149e-01, 7.80615866e-01, 3.41769098e-03,
         9.59002599e-02, 9.08994488e-03, 5.13395282e-09, 1.25869398e-03,
         2.69392179e-03],
        [3.31078798e-01, 1.01656176e-01, 7.82383561e-01, 3.43319401e-03,
         9.64428857e-02, 9.20021534e-03, 5.22379029e-09, 1.26262894e-03,
         2.70685484e-03],
        [3.30163747e-01, 1.01656534e-01, 7.82223463e-01, 3.42954765e-03,
         9.65153575e-02, 9.18966439e-03, 5.12129716e-09, 1.26051577e-03,
         2.68462859e-03],
        [3.31855446e-01, 1.01835929e-01, 7.83934057e-01, 3.42382141e-03,
         9.71494764e-02, 9.19819530e-03, 5.38071676e-09, 1.27483811e-03,
         2.72812345e-03],
        [3.30852240e-01, 1.01495564e-01, 7.82688320e-01, 3.40529508e-03,
         9.67066363e-02, 9.16740019e-03, 5.13537302e-09, 1.26739475e-03,
         2.69108452e-03],
        [3.31721932e-01, 1.01731986e-01, 7.84454465e-01, 3.41664883e-03,
         9.71199870e-02, 9.17177554e-03, 5.38680611e-09, 1.27246790e-03,
         2.72886688e-03],
        [3.32626581e-01, 1.01872139e-01, 7.84338474e-01, 3.39660118e-03,
         9.70907435e-02, 9.15661640e-03, 5.36591749e-09, 1.27452926e-03,
         2.73520243e-03],
        [3.31041753e-01, 1.01766586e-01, 7.82912254e-01, 3.39540886e-03,
         9.73531157e-02, 9.14883055e-03, 5.27145350e-09, 1.26842700e-03,
         2.71736435e-03],
        [3.32008094e-01, 1.01564869e-01, 7.84598827e-01, 3.41906562e-03,
         9.77854207e-02, 9.17885359e-03, 5.59464430e-09, 1.28547591e-03,
         2.76872283e-03],
        [3.31606150e-01, 1.01360515e-01, 7.84201026e-01, 3.40684876e-03,
         9.73060057e-02, 9.18493792e-03, 5.30777422e-09, 1.27700088e-03,
         2.73600779e-03],
        [3.30831736e-01, 1.01357460e-01, 7.83746243e-01, 3.41359875e-03,
         9.72110555e-02, 9.20913182e-03, 5.22240606e-09, 1.27336371e-03,
         2.70850607e-03],
        [3.29560101e-01, 1.01064518e-01, 7.82317638e-01, 3.39474645e-03,
         9.70129669e-02, 9.19756014e-03, 4.88367258e-09, 1.25356123e-03,
         2.63173995e-03],
        [3.32541645e-01, 1.01746537e-01, 7.83533216e-01, 3.40723409e-03,
         9.78417248e-02, 9.17196088e-03, 5.29491162e-09, 1.27139408e-03,
         2.70484760e-03]]], dtype=float32), array([[[6.23527169e-01, 2.73467690e-01, 5.49585104e-01, 7.88266677e-03,
         1.38816535e-02, 3.01677603e-02, 3.03997194e-06, 5.08106574e-02,
         1.42467916e-01],
        [3.54658425e-01, 5.90781689e-01, 3.22889864e-01, 1.07730832e-03,
         2.25228351e-03, 1.89619735e-02, 6.76913248e-10, 1.07902223e-02,
         2.21019313e-02],
        [1.13298334e-01, 8.40642869e-01, 1.34311199e-01, 1.32430159e-03,
         1.58682198e-03, 1.38447080e-02, 7.47334347e-11, 5.62862772e-03,
         9.33838543e-03],
        [7.76121020e-02, 9.28014815e-01, 9.85569879e-02, 1.99186313e-03,
         1.49426097e-03, 8.43226165e-03, 6.49129431e-11, 4.30579856e-03,
         8.26804712e-03],
        [8.21314752e-02, 9.59093750e-01, 1.02972701e-01, 2.32389686e-03,
         1.45035901e-03, 4.94693732e-03, 8.24824445e-11, 3.36536020e-03,
         1.05437618e-02],
        [9.52023566e-02, 9.70256686e-01, 1.13651648e-01, 2.25086370e-03,
         1.40820723e-03, 3.14725190e-03, 9.35117539e-11, 2.59053963e-03,
         1.47241140e-02],
        [1.16329364e-01, 9.73369718e-01, 1.24213293e-01, 2.08854815e-03,
         1.37415051e-03, 2.17872299e-03, 1.05316693e-10, 2.03450443e-03,
         2.18517110e-02],
        [1.43461958e-01, 9.73746896e-01, 1.32595122e-01, 1.95754762e-03,
         1.35891186e-03, 1.66276877e-03, 1.18944701e-10, 1.67520798e-03,
         3.07983086e-02],
        [1.72773182e-01, 9.73882556e-01, 1.39700025e-01, 1.89143454e-03,
         1.34339987e-03, 1.40265829e-03, 1.24888544e-10, 1.42533868e-03,
         3.93086150e-02],
        [2.11929142e-01, 9.72995937e-01, 1.54572979e-01, 2.02184403e-03,
         1.42852997e-03, 1.27358863e-03, 1.68561554e-10, 1.31744600e-03,
         5.16074039e-02],
        [2.51311362e-01, 9.71991897e-01, 1.72833189e-01, 2.23015388e-03,
         1.50096987e-03, 1.19754695e-03, 2.12552462e-10, 1.24463520e-03,
         6.45988584e-02],
        [2.87344873e-01, 9.70278203e-01, 1.90968901e-01, 2.52202246e-03,
         1.59290899e-03, 1.13807304e-03, 2.68628508e-10, 1.20295386e-03,
         7.76676685e-02],
        [3.20005447e-01, 9.67972994e-01, 2.12633505e-01, 2.84094736e-03,
         1.76460308e-03, 1.08255469e-03, 3.67157749e-10, 1.22171210e-03,
         9.08047631e-02],
        [3.39750051e-01, 9.66577232e-01, 2.28055179e-01, 3.02751781e-03,
         1.87133579e-03, 9.98822041e-04, 4.20377178e-10, 1.24468526e-03,
         9.67125669e-02],
        [3.44414979e-01, 9.66881335e-01, 2.39700779e-01, 3.19000101e-03,
         1.93116325e-03, 9.18465958e-04, 4.27650831e-10, 1.24905410e-03,
         9.74395722e-02],
        [3.44801813e-01, 9.67627645e-01, 2.58803308e-01, 3.47590609e-03,
         2.08946248e-03, 8.59523716e-04, 4.91967855e-10, 1.31376064e-03,
         9.98097062e-02],
        [3.34406257e-01, 9.69352484e-01, 2.78560430e-01, 3.80753959e-03,
         2.28832010e-03, 8.04894604e-04, 5.24854271e-10, 1.37280277e-03,
         1.00488305e-01],
        [3.12029749e-01, 9.72013295e-01, 2.92293370e-01, 4.12964867e-03,
         2.47563585e-03, 7.58424925e-04, 5.00699093e-10, 1.38362497e-03,
         9.89121124e-02],
        [2.91869462e-01, 9.73641157e-01, 3.07110727e-01, 4.64028539e-03,
         2.83368328e-03, 7.55149056e-04, 5.69248426e-10, 1.43735739e-03,
         1.02586068e-01],
        [2.71263093e-01, 9.75434422e-01, 3.07659745e-01, 4.87345643e-03,
         2.96444749e-03, 7.48051098e-04, 5.36349798e-10, 1.42284564e-03,
         1.00840777e-01],
        [2.58618802e-01, 9.76432443e-01, 3.08523118e-01, 5.07373223e-03,
         3.06701567e-03, 7.45216035e-04, 5.37354328e-10, 1.42531644e-03,
         1.00247391e-01],
        [2.48965278e-01, 9.76994395e-01, 3.04635376e-01, 5.20663336e-03,
         3.12152295e-03, 7.45346770e-04, 5.33713851e-10, 1.42789958e-03,
         9.98301879e-02],
        [2.40604177e-01, 9.77637947e-01, 2.99369395e-01, 5.26038231e-03,
         3.09895934e-03, 7.36588321e-04, 4.96158725e-10, 1.41530938e-03,
         9.66209248e-02],
        [2.37953842e-01, 9.77303565e-01, 3.00498188e-01, 5.48233418e-03,
         3.23818438e-03, 7.50122417e-04, 5.60542723e-10, 1.45643111e-03,
         9.92917642e-02],
        [2.33763993e-01, 9.77176070e-01, 2.96418071e-01, 5.57162100e-03,
         3.29198479e-03, 7.56971305e-04, 5.72067393e-10, 1.47915166e-03,
         9.91093442e-02],
        [2.23949641e-01, 9.78169322e-01, 2.84666210e-01, 5.45996381e-03,
         3.10171116e-03, 7.24383222e-04, 4.59285832e-10, 1.41867041e-03,
         9.36796367e-02],
        [2.23694995e-01, 9.77748632e-01, 2.84827590e-01, 5.69101470e-03,
         3.24786711e-03, 7.33851281e-04, 5.28781074e-10, 1.45735871e-03,
         9.71530601e-02],
        [2.23122910e-01, 9.77186203e-01, 2.84600466e-01, 5.84583497e-03,
         3.39106726e-03, 7.48223800e-04, 5.81844628e-10, 1.50797958e-03,
         9.91500244e-02],
        [2.20900804e-01, 9.77162242e-01, 2.79692650e-01, 5.82871679e-03,
         3.36858793e-03, 7.43566721e-04, 5.60594959e-10, 1.50157907e-03,
         9.78730097e-02],
        [2.17573792e-01, 9.77097750e-01, 2.75740385e-01, 5.92859881e-03,
         3.42050614e-03, 7.48021295e-04, 5.71151459e-10, 1.51263329e-03,
         9.85954404e-02],
        [2.14684561e-01, 9.77275133e-01, 2.71965802e-01, 5.95123693e-03,
         3.39551037e-03, 7.37623719e-04, 5.49445878e-10, 1.50762044e-03,
         9.78706554e-02],
        [2.12055087e-01, 9.77381945e-01, 2.67161012e-01, 6.02137484e-03,
         3.41832545e-03, 7.33163848e-04, 5.38335820e-10, 1.50769739e-03,
         9.79364961e-02]]], dtype=float32), array([[[6.51910186e-01, 2.43436143e-01, 5.44799984e-01, 2.26217154e-02,
         2.21952088e-02, 7.92511627e-02, 4.44671332e-06, 5.98253906e-02,
         2.29119286e-01],
        [3.76940340e-01, 5.97635210e-01, 1.92389384e-01, 1.90968513e-02,
         6.50086161e-03, 7.79001042e-02, 1.21975730e-09, 7.58258859e-03,
         1.99661553e-02],
        [1.21706843e-01, 8.50932062e-01, 7.49172568e-02, 7.14093521e-02,
         5.42575261e-03, 4.67086025e-02, 4.00564831e-10, 2.71124556e-03,
         3.07757314e-03],
        [1.01754911e-01, 9.25252736e-01, 6.55477047e-02, 1.09750152e-01,
         4.00060322e-03, 2.62670517e-02, 4.87278551e-10, 2.10454036e-03,
         1.79753546e-03],
        [1.23556890e-01, 9.49807227e-01, 6.93180114e-02, 1.13017149e-01,
         3.22929746e-03, 1.86944120e-02, 6.60826172e-10, 2.01680278e-03,
         1.87802128e-03],
        [1.55088276e-01, 9.57187414e-01, 7.49113932e-02, 1.02617115e-01,
         2.78975605e-03, 1.58115290e-02, 8.86493101e-10, 1.96509366e-03,
         2.28530774e-03],
        [1.92256391e-01, 9.57101524e-01, 7.89482966e-02, 9.04255584e-02,
         2.49850657e-03, 1.42278550e-02, 1.12306919e-09, 1.88718748e-03,
         2.83799483e-03],
        [2.25193590e-01, 9.55534101e-01, 7.76918456e-02, 8.01886097e-02,
         2.31514755e-03, 1.33342128e-02, 1.20879029e-09, 1.78146083e-03,
         3.33920028e-03],
        [2.53596127e-01, 9.53596950e-01, 7.50414506e-02, 7.28761181e-02,
         2.25068489e-03, 1.28313694e-02, 1.22947064e-09, 1.70573010e-03,
         3.77899711e-03],
        [2.89053351e-01, 9.50286984e-01, 7.36716166e-02, 6.60188198e-02,
         2.25207210e-03, 1.24466792e-02, 1.33134370e-09, 1.67663279e-03,
         4.19094926e-03],
        [3.11925709e-01, 9.48125422e-01, 7.02336654e-02, 6.03044629e-02,
         2.24644644e-03, 1.22434227e-02, 1.28587374e-09, 1.60547928e-03,
         4.39708307e-03],
        [3.50402653e-01, 9.42710876e-01, 7.16632530e-02, 5.52505776e-02,
         2.30979221e-03, 1.23146083e-02, 1.58339963e-09, 1.65163795e-03,
         4.86503169e-03],
        [3.68641347e-01, 9.39843655e-01, 6.85362145e-02, 5.05452603e-02,
         2.30818964e-03, 1.24196960e-02, 1.56936419e-09, 1.61556771e-03,
         5.01760514e-03],
        [3.78307372e-01, 9.38051045e-01, 6.59882352e-02, 4.71690968e-02,
         2.30966718e-03, 1.25434417e-02, 1.53876611e-09, 1.56474998e-03,
         5.07137738e-03],
        [3.99109691e-01, 9.33697224e-01, 6.65132850e-02, 4.44839001e-02,
         2.34971708e-03, 1.28042307e-02, 1.82995308e-09, 1.59850088e-03,
         5.38862776e-03],
        [4.08107519e-01, 9.30939436e-01, 6.46630451e-02, 4.19829525e-02,
         2.37244042e-03, 1.30446376e-02, 1.86704963e-09, 1.59661763e-03,
         5.50522003e-03],
        [4.10099983e-01, 9.30098474e-01, 6.22134358e-02, 4.03524041e-02,
         2.37370213e-03, 1.32353436e-02, 1.85717219e-09, 1.57173572e-03,
         5.58019476e-03],
        [4.11774814e-01, 9.28888738e-01, 6.06971011e-02, 3.90371867e-02,
         2.40477966e-03, 1.34037770e-02, 1.89792404e-09, 1.56992557e-03,
         5.63149713e-03],
        [4.16368723e-01, 9.27118301e-01, 6.07245341e-02, 3.80999669e-02,
         2.45577260e-03, 1.35190645e-02, 2.03337325e-09, 1.59416138e-03,
         5.80076082e-03],
        [4.17708397e-01, 9.25593615e-01, 5.98232336e-02, 3.73163968e-02,
         2.48664082e-03, 1.36265820e-02, 2.05705986e-09, 1.61114871e-03,
         5.86356642e-03],
        [4.06551450e-01, 9.28235173e-01, 5.69298863e-02, 3.65767069e-02,
         2.44401721e-03, 1.36195542e-02, 1.76220638e-09, 1.55017292e-03,
         5.68516413e-03],
        [4.09337819e-01, 9.26183224e-01, 5.76824248e-02, 3.66938785e-02,
         2.53333151e-03, 1.38077131e-02, 2.01928962e-09, 1.59986806e-03,
         5.93723357e-03],
        [4.08797681e-01, 9.25559223e-01, 5.70374429e-02, 3.64949368e-02,
         2.55140499e-03, 1.39446529e-02, 2.00203232e-09, 1.62337383e-03,
         6.00672606e-03],
        [4.03684407e-01, 9.25371647e-01, 5.60388267e-02, 3.67350951e-02,
         2.57225474e-03, 1.40671888e-02, 1.97865524e-09, 1.63492269e-03,
         6.07397128e-03],
        [4.00223583e-01, 9.24091578e-01, 5.58429658e-02, 3.78164537e-02,
         2.63278163e-03, 1.44338300e-02, 2.07836903e-09, 1.67867984e-03,
         6.28499873e-03],
        [3.83641332e-01, 9.26395774e-01, 5.29102385e-02, 3.85140292e-02,
         2.58147647e-03, 1.44543694e-02, 1.76534243e-09, 1.62387919e-03,
         6.23537553e-03],
        [3.75105321e-01, 9.26218331e-01, 5.21914661e-02, 4.04908694e-02,
         2.61508022e-03, 1.48232356e-02, 1.81679372e-09, 1.63872924e-03,
         6.42484473e-03],
        [3.62005085e-01, 9.26184952e-01, 5.08908629e-02, 4.22608145e-02,
         2.65463465e-03, 1.51879182e-02, 1.77110659e-09, 1.65507838e-03,
         6.55402197e-03],
        [3.48161250e-01, 9.26977277e-01, 4.91887927e-02, 4.38134447e-02,
         2.68439343e-03, 1.55329527e-02, 1.71367442e-09, 1.64530543e-03,
         6.63563237e-03],
        [3.30659449e-01, 9.30008113e-01, 4.64514196e-02, 4.48280498e-02,
         2.67727068e-03, 1.55774010e-02, 1.49071278e-09, 1.59103004e-03,
         6.45742659e-03],
        [3.14728409e-01, 9.33501720e-01, 4.48257625e-02, 4.57910076e-02,
         2.65713129e-03, 1.54715022e-02, 1.29738609e-09, 1.51528220e-03,
         6.28589373e-03],
        [3.06237966e-01, 9.34253156e-01, 4.45418656e-02, 4.71772738e-02,
         2.74101552e-03, 1.54321464e-02, 1.32472966e-09, 1.49925204e-03,
         6.35948125e-03]]], dtype=float32), array([[[6.64824724e-01, 9.53350738e-02, 4.33645129e-01, 1.55465417e-02,
         2.51611471e-02, 6.88917562e-02, 1.52299890e-06, 6.23412356e-02,
         2.17565477e-01],
        [3.56479466e-01, 4.40072231e-02, 6.32634312e-02, 1.01613821e-02,
         1.35003719e-02, 3.03307492e-02, 1.72295189e-09, 1.98165625e-02,
         7.86844939e-02],
        [5.62133193e-02, 5.23310602e-02, 1.53627796e-02, 1.74864940e-02,
         1.35705722e-02, 1.39407571e-02, 6.77684409e-10, 9.53414571e-03,
         3.95990163e-02],
        [2.38991454e-02, 9.31115225e-02, 1.30241923e-02, 1.56290196e-02,
         1.08427284e-02, 9.20872856e-03, 8.66336336e-10, 5.84901357e-03,
         2.37152614e-02],
        [2.11273916e-02, 1.44810095e-01, 1.72004346e-02, 1.16415080e-02,
         8.47637840e-03, 8.10293388e-03, 1.20765753e-09, 4.14738990e-03,
         1.63060483e-02],
        [2.54162867e-02, 1.95531487e-01, 2.74075605e-02, 9.25084203e-03,
         6.82072481e-03, 8.24422203e-03, 1.85069338e-09, 3.46332253e-03,
         1.29716620e-02],
        [2.85394005e-02, 2.36579403e-01, 3.70002165e-02, 7.85977952e-03,
         5.82749676e-03, 8.62689875e-03, 2.03319384e-09, 3.10813822e-03,
         1.07876938e-02],
        [3.49910781e-02, 2.77893305e-01, 5.11254855e-02, 7.32518407e-03,
         5.26029337e-03, 9.09322686e-03, 2.58200505e-09, 2.97740172e-03,
         1.01270443e-02],
        [3.66708152e-02, 3.13257605e-01, 5.76337017e-02, 7.09115062e-03,
         5.00640972e-03, 9.35298949e-03, 2.42474596e-09, 2.83573638e-03,
         9.01278015e-03],
        [4.36444096e-02, 3.50377470e-01, 7.15974271e-02, 7.14287721e-03,
         4.82095359e-03, 9.75142792e-03, 2.81928081e-09, 2.81229080e-03,
         8.90657771e-03],
        [4.90892082e-02, 3.82255018e-01, 8.25135410e-02, 7.10760010e-03,
         4.71108966e-03, 1.00527685e-02, 2.84200508e-09, 2.78633833e-03,
         8.66739638e-03],
        [5.97479716e-02, 4.11202103e-01, 1.03808783e-01, 7.04251975e-03,
         4.69973218e-03, 1.03889862e-02, 3.33277717e-09, 2.85486062e-03,
         9.07938275e-03],
        [7.26047978e-02, 4.31227416e-01, 1.26769185e-01, 6.65792311e-03,
         4.72472655e-03, 1.07742501e-02, 3.64800301e-09, 2.93587940e-03,
         9.48214903e-03],
        [8.10983777e-02, 4.44535345e-01, 1.39235303e-01, 6.27199421e-03,
         4.66701249e-03, 1.11468500e-02, 3.35669403e-09, 2.95590865e-03,
         9.26414412e-03],
        [9.85043719e-02, 4.53316450e-01, 1.64398223e-01, 5.86041342e-03,
         4.73234244e-03, 1.18532646e-02, 3.89499233e-09, 3.09018139e-03,
         9.70059354e-03],
        [1.13836698e-01, 4.56984729e-01, 1.82548761e-01, 5.41894045e-03,
         4.76875063e-03, 1.27130104e-02, 3.98289002e-09, 3.17429472e-03,
         9.73448996e-03],
        [1.25125706e-01, 4.60369408e-01, 1.92267150e-01, 5.09204529e-03,
         4.74050641e-03, 1.34742232e-02, 3.85821464e-09, 3.19111906e-03,
         9.43210162e-03],
        [1.58254266e-01, 4.56806064e-01, 2.40698591e-01, 4.69614333e-03,
         4.80953278e-03, 1.45398127e-02, 5.26067456e-09, 3.43655841e-03,
         1.04966406e-02],
        [1.85932338e-01, 4.48513299e-01, 2.79739141e-01, 4.21989383e-03,
         4.75795614e-03, 1.56175867e-02, 5.73676218e-09, 3.56823672e-03,
         1.07478360e-02],
        [2.18714058e-01, 4.41245198e-01, 3.30746651e-01, 3.86252557e-03,
         4.70613642e-03, 1.69437788e-02, 6.80414614e-09, 3.74907278e-03,
         1.10407677e-02],
        [2.57951170e-01, 4.34119016e-01, 3.91451031e-01, 3.52087687e-03,
         4.66895290e-03, 1.83416288e-02, 8.39479242e-09, 3.98845039e-03,
         1.13340300e-02],
        [2.87696481e-01, 4.30649161e-01, 4.39828396e-01, 3.21216253e-03,
         4.58479440e-03, 1.96820088e-02, 9.25889232e-09, 4.15026024e-03,
         1.08233150e-02],
        [2.99110562e-01, 4.35319245e-01, 4.68280584e-01, 2.95244786e-03,
         4.52770898e-03, 2.08090767e-02, 9.19437682e-09, 4.17626975e-03,
         9.72994324e-03],
        [2.92474002e-01, 4.49998409e-01, 4.77269351e-01, 2.81153200e-03,
         4.56533814e-03, 2.18226295e-02, 8.69291572e-09, 4.16295184e-03,
         8.53203889e-03],
        [2.89652973e-01, 4.63350177e-01, 4.98150826e-01, 2.73717404e-03,
         4.76615829e-03, 2.33049896e-02, 9.82657067e-09, 4.36167559e-03,
         8.08914378e-03],
        [2.76312083e-01, 4.78342593e-01, 5.01353860e-01, 2.69925268e-03,
         4.95750690e-03, 2.47652512e-02, 9.82869075e-09, 4.49639838e-03,
         7.58875208e-03],
        [2.31891021e-01, 5.01374483e-01, 4.55702811e-01, 2.77304137e-03,
         5.01861889e-03, 2.53769122e-02, 7.27236715e-09, 4.36726538e-03,
         6.28864719e-03],
        [2.08235428e-01, 5.23559809e-01, 4.39265817e-01, 2.99720373e-03,
         5.27191581e-03, 2.61578728e-02, 7.41966399e-09, 4.57695965e-03,
         5.87201817e-03],
        [1.71285257e-01, 5.46047151e-01, 3.85413110e-01, 3.30818282e-03,
         5.33252349e-03, 2.67342534e-02, 5.68774716e-09, 4.51525487e-03,
         5.09409793e-03],
        [1.30132183e-01, 5.71809530e-01, 3.09211701e-01, 3.93394334e-03,
         5.53064561e-03, 2.68061403e-02, 4.31120073e-09, 4.35273722e-03,
         4.34405683e-03],
        [1.02776214e-01, 5.93450367e-01, 2.51074255e-01, 4.72961552e-03,
         5.72681567e-03, 2.66500264e-02, 3.75078990e-09, 4.21747426e-03,
         3.98511812e-03],
        [7.13921338e-02, 6.09349847e-01, 1.72922522e-01, 5.86071936e-03,
         5.91770792e-03, 2.60437746e-02, 2.53188182e-09, 3.87869403e-03,
         3.41154356e-03]]], dtype=float32), array([[[6.52349651e-01, 2.23322153e-01, 6.15351915e-01, 2.20139530e-02,
         2.36355048e-02, 6.47676066e-02, 4.91883384e-06, 6.93141893e-02,
         1.43223628e-01],
        [2.77916312e-01, 5.47711015e-01, 7.50027120e-01, 1.93435512e-02,
         5.52416919e-03, 2.00975761e-02, 2.94224090e-09, 1.23560047e-02,
         9.86690726e-03],
        [1.11305594e-01, 7.76718259e-01, 8.65453005e-01, 6.45426586e-02,
         3.59142851e-03, 5.71232196e-03, 1.10031906e-09, 6.81220880e-03,
         2.49303132e-03],
        [1.01623617e-01, 8.30064774e-01, 8.90373111e-01, 1.14161916e-01,
         2.84219836e-03, 2.38325400e-03, 1.04992148e-09, 5.78751927e-03,
         1.87181530e-03],
        [1.08570136e-01, 8.01088452e-01, 8.40466559e-01, 1.67543232e-01,
         2.76726205e-03, 1.37044070e-03, 1.29304500e-09, 5.43050701e-03,
         2.31910194e-03],
        [1.22129157e-01, 6.99618578e-01, 7.07226396e-01, 2.14490980e-01,
         3.27262841e-03, 9.81017132e-04, 1.87219351e-09, 5.25855552e-03,
         3.50166461e-03],
        [1.46521255e-01, 5.47890961e-01, 5.26880682e-01, 2.38720179e-01,
         4.39480459e-03, 8.39790446e-04, 2.85482438e-09, 5.40748052e-03,
         5.21231024e-03],
        [1.60387963e-01, 4.19018179e-01, 3.56836885e-01, 2.47106522e-01,
         5.89313079e-03, 8.02608498e-04, 3.49509599e-09, 5.61583275e-03,
         6.06912374e-03],
        [1.67770728e-01, 3.32616210e-01, 2.39874363e-01, 2.47528136e-01,
         7.38220057e-03, 7.96599663e-04, 4.22712221e-09, 5.89361414e-03,
         6.06002985e-03],
        [1.98789418e-01, 2.63584405e-01, 1.89634845e-01, 2.31232584e-01,
         8.31724051e-03, 8.43810150e-04, 6.31017860e-09, 6.14892133e-03,
         6.76050736e-03],
        [2.45877355e-01, 2.15700462e-01, 1.73642665e-01, 2.06623077e-01,
         8.70227348e-03, 9.32676776e-04, 9.35463085e-09, 6.31728442e-03,
         8.00830778e-03],
        [2.73104489e-01, 1.89865932e-01, 1.58115000e-01, 1.87763989e-01,
         8.82976037e-03, 9.69381595e-04, 1.03868949e-08, 6.20317971e-03,
         8.45968165e-03],
        [3.09641361e-01, 1.70415163e-01, 1.60932451e-01, 1.74963981e-01,
         8.97904113e-03, 1.02464552e-03, 1.28955984e-08, 6.19525556e-03,
         9.69963055e-03],
        [3.40391517e-01, 1.58345163e-01, 1.66174874e-01, 1.64426088e-01,
         9.04092938e-03, 1.07617048e-03, 1.50023887e-08, 6.17724517e-03,
         1.10047394e-02],
        [3.51888537e-01, 1.49695829e-01, 1.65292412e-01, 1.55817434e-01,
         8.90961289e-03, 1.08620536e-03, 1.49012909e-08, 5.97716309e-03,
         1.14175370e-02],
        [3.50049853e-01, 1.46107242e-01, 1.57470241e-01, 1.50923803e-01,
         8.74559954e-03, 1.07502157e-03, 1.40590464e-08, 5.83201647e-03,
         1.10185286e-02],
        [3.59999627e-01, 1.42481655e-01, 1.59572124e-01, 1.48186594e-01,
         8.67586583e-03, 1.09973061e-03, 1.53047317e-08, 5.84291480e-03,
         1.15298126e-02],
        [3.72235149e-01, 1.40020192e-01, 1.66024387e-01, 1.44845918e-01,
         8.71738885e-03, 1.14117528e-03, 1.70148535e-08, 5.90084633e-03,
         1.23474328e-02],
        [3.85818720e-01, 1.37521356e-01, 1.76172748e-01, 1.41665056e-01,
         8.78226664e-03, 1.19868258e-03, 1.90712619e-08, 5.99018577e-03,
         1.34871742e-02],
        [3.81066769e-01, 1.36357665e-01, 1.75865486e-01, 1.37637541e-01,
         8.58931709e-03, 1.19960180e-03, 1.76657426e-08, 5.86445909e-03,
         1.31149702e-02],
        [3.71148318e-01, 1.36983305e-01, 1.70985103e-01, 1.37278259e-01,
         8.52916948e-03, 1.20338111e-03, 1.68007883e-08, 5.85365389e-03,
         1.24792848e-02],
        [3.64295244e-01, 1.37457669e-01, 1.69365495e-01, 1.36468038e-01,
         8.47254600e-03, 1.21664919e-03, 1.67380012e-08, 5.86965587e-03,
         1.21193789e-02],
        [3.61601681e-01, 1.37582481e-01, 1.71581686e-01, 1.35384992e-01,
         8.41992162e-03, 1.23642315e-03, 1.71430070e-08, 5.90854976e-03,
         1.20858159e-02],
        [3.64865690e-01, 1.37042880e-01, 1.77843183e-01, 1.34809271e-01,
         8.45386647e-03, 1.27551565e-03, 1.85388380e-08, 6.05737744e-03,
         1.25415083e-02],
        [3.38479459e-01, 1.39790773e-01, 1.65272191e-01, 1.32789344e-01,
         8.10518488e-03, 1.21732778e-03, 1.43493573e-08, 5.81447827e-03,
         1.08463932e-02],
        [3.23276907e-01, 1.42818153e-01, 1.57387182e-01, 1.35626644e-01,
         8.09185486e-03, 1.20495842e-03, 1.40047680e-08, 5.82471956e-03,
         1.01126358e-02],
        [2.90374607e-01, 1.48424804e-01, 1.37700871e-01, 1.38149902e-01,
         7.89089035e-03, 1.12954702e-03, 1.08177307e-08, 5.59941120e-03,
         8.28164443e-03],
        [2.70117730e-01, 1.53817445e-01, 1.24434009e-01, 1.42643407e-01,
         7.89704081e-03, 1.07347127e-03, 9.79061721e-09, 5.54622430e-03,
         7.23436289e-03],
        [2.69319713e-01, 1.54997855e-01, 1.21601619e-01, 1.45006493e-01,
         7.93728698e-03, 1.05829514e-03, 1.00878310e-08, 5.58657153e-03,
         7.12794065e-03],
        [2.65344977e-01, 1.56759530e-01, 1.16149679e-01, 1.46511912e-01,
         7.96592049e-03, 1.03741919e-03, 9.77634151e-09, 5.56089869e-03,
         6.91476464e-03],
        [2.29667187e-01, 1.65815324e-01, 9.56254974e-02, 1.50575906e-01,
         8.07668269e-03, 9.56178119e-04, 7.21994553e-09, 5.27911168e-03,
         5.44479489e-03],
        [2.04135269e-01, 1.76277339e-01, 8.13974589e-02, 1.59760326e-01,
         8.33187904e-03, 9.01479740e-04, 6.34642427e-09, 5.25455037e-03,
         4.47833538e-03]]], dtype=float32)]