tf.Tensor(
[[[6.50529385e-01 2.26498336e-01 6.19176924e-01 2.07446776e-02
   2.23085880e-02 6.30336627e-02 3.86395004e-06 6.62326887e-02
   1.33097559e-01]
  [2.78625429e-01 5.33525765e-01 7.50584722e-01 2.06835289e-02
   5.95538272e-03 1.84461195e-02 3.39933726e-09 1.24496287e-02
   1.10104010e-02]
  [9.64880809e-02 7.81511068e-01 8.58152986e-01 6.35276809e-02
   3.74285667e-03 5.68484236e-03 8.85278351e-10 6.62279176e-03
   2.02717423e-03]
  [1.02814794e-01 8.24185312e-01 8.87821138e-01 1.14152253e-01
   3.04818153e-03 2.29540071e-03 1.18783006e-09 5.72900986e-03
   1.89285551e-03]
  [1.16838045e-01 7.80201733e-01 8.29766512e-01 1.64818287e-01
   2.98563950e-03 1.31481467e-03 1.56086744e-09 5.36894891e-03
   2.61870283e-03]
  [1.22211218e-01 6.82045043e-01 6.74268305e-01 2.12369397e-01
   3.49143497e-03 9.48090164e-04 1.88898719e-09 5.18815313e-03
   3.47643578e-03]
  [1.14492416e-01 5.79741001e-01 4.57880586e-01 2.54638791e-01
   4.67294687e-03 8.05177726e-04 1.99869077e-09 5.16485237e-03
   3.74502130e-03]
  [1.19477339e-01 4.75097746e-01 3.05864155e-01 2.82357723e-01
   6.26874343e-03 7.60969473e-04 2.51862331e-09 5.40877599e-03
   4.11895849e-03]
  [1.38048530e-01 3.78146768e-01 2.27373928e-01 2.82876700e-01
   7.68270530e-03 7.65004894e-04 3.44743856e-09 5.74058341e-03
   4.76451917e-03]
  [1.62878186e-01 3.03683937e-01 1.82425022e-01 2.63648927e-01
   8.56819469e-03 7.91334256e-04 4.70060035e-09 6.04247488e-03
   5.48082544e-03]
  [1.95814028e-01 2.49532714e-01 1.55673400e-01 2.35934660e-01
   8.93186126e-03 8.41364090e-04 6.46052234e-09 6.25053234e-03
   6.19998854e-03]
  [2.22805321e-01 2.15618402e-01 1.38863713e-01 2.12862253e-01
   9.07168817e-03 8.80192209e-04 7.81298581e-09 6.26838207e-03
   6.65152259e-03]
  [2.46834412e-01 1.93243772e-01 1.29736170e-01 1.97086126e-01
   9.06585250e-03 9.07644397e-04 8.80860274e-09 6.20096875e-03
   7.02888658e-03]
  [2.78278410e-01 1.76354915e-01 1.32430360e-01 1.84650987e-01
   9.08949226e-03 9.36884724e-04 1.04761506e-08 6.17701979e-03
   7.96931330e-03]
  [2.99245685e-01 1.64905250e-01 1.33929893e-01 1.74286515e-01
   9.09647532e-03 9.56036674e-04 1.12241860e-08 6.06860593e-03
   8.62913951e-03]
  [3.16256523e-01 1.57291308e-01 1.35666400e-01 1.66296527e-01
   9.02964920e-03 9.71984642e-04 1.19838024e-08 5.98844141e-03
   9.17331781e-03]
  [3.36188465e-01 1.51005924e-01 1.41462535e-01 1.60252482e-01
   8.99954047e-03 1.00932620e-03 1.34287772e-08 5.93931274e-03
   1.01486351e-02]
  [3.54220152e-01 1.46214485e-01 1.48198590e-01 1.55009121e-01
   8.96769296e-03 1.04498048e-03 1.47811248e-08 5.90220327e-03
   1.11350156e-02]
  [3.69130105e-01 1.41853094e-01 1.53770804e-01 1.49716407e-01
   8.88964813e-03 1.06722151e-03 1.54922617e-08 5.84346335e-03
   1.18123945e-02]
  [3.84275883e-01 1.38894171e-01 1.63416654e-01 1.45984814e-01
   8.89348146e-03 1.11529452e-03 1.73688175e-08 5.89295989e-03
   1.28478799e-02]
  [3.79049510e-01 1.37107700e-01 1.60604507e-01 1.41560510e-01
   8.74097738e-03 1.11984380e-03 1.59816587e-08 5.73635660e-03
   1.24468077e-02]
  [3.74980390e-01 1.37133777e-01 1.59570515e-01 1.40482888e-01
   8.65988340e-03 1.11912412e-03 1.57588431e-08 5.70465485e-03
   1.21648135e-02]
  [3.61409366e-01 1.38801455e-01 1.52703390e-01 1.38877138e-01
   8.53376370e-03 1.10451074e-03 1.43307295e-08 5.61208511e-03
   1.12900902e-02]
  [3.47874939e-01 1.40082866e-01 1.45992965e-01 1.38880521e-01
   8.49388354e-03 1.08717009e-03 1.33528166e-08 5.56022394e-03
   1.04130553e-02]
  [3.47411484e-01 1.40321106e-01 1.47301793e-01 1.38862863e-01
   8.45329929e-03 1.09706237e-03 1.38360097e-08 5.59063116e-03
   1.04009658e-02]
  [3.46186250e-01 1.41207576e-01 1.47358999e-01 1.37978047e-01
   8.35550483e-03 1.09770359e-03 1.36524285e-08 5.60323475e-03
   1.02062738e-02]
  [3.59674603e-01 1.40373170e-01 1.57579958e-01 1.37461632e-01
   8.49974062e-03 1.14959187e-03 1.60648170e-08 5.75897098e-03
   1.12328175e-02]
  [3.36243808e-01 1.42975539e-01 1.47267908e-01 1.35299742e-01
   8.28804914e-03 1.10562670e-03 1.27880684e-08 5.56324609e-03
   9.95397288e-03]
  [3.03726941e-01 1.48216158e-01 1.29769504e-01 1.38238356e-01
   8.17027688e-03 1.04617095e-03 1.03472262e-08 5.38611226e-03
   8.21211748e-03]
  [3.04280847e-01 1.49778247e-01 1.30131319e-01 1.42282784e-01
   8.25028494e-03 1.04705791e-03 1.14990391e-08 5.50148496e-03
   8.23312998e-03]
  [2.52117723e-01 1.60222262e-01 1.01892002e-01 1.47119969e-01
   8.37993249e-03 9.56262636e-04 7.73707054e-09 5.22452453e-03
   6.09260798e-03]
  [2.16668621e-01 1.71272784e-01 8.41851681e-02 1.58049539e-01
   8.60387180e-03 8.95329344e-04 6.49142562e-09 5.19862724e-03
   4.76798415e-03]]], shape=(1, 32, 9), dtype=float32)