tf.Tensor(
[[[0.52279305]
  [0.52438915]
  [0.5252873 ]
  ...
  [0.5072517 ]
  [0.50370955]
  [0.50250435]]

 [[0.5150152 ]
  [0.5149067 ]
  [0.5151711 ]
  ...
  [0.49761778]
  [0.4977234 ]
  [0.49765378]]

 [[0.5211611 ]
  [0.5219329 ]
  [0.5213025 ]
  ...
  [0.49377364]
  [0.4965173 ]
  [0.49938026]]

 ...

 [[0.4763166 ]
  [0.47576085]
  [0.47486472]
  ...
  [0.49545875]
  [0.49767086]
  [0.4995284 ]]

 [[0.47632024]
  [0.4758221 ]
  [0.47497097]
  ...
  [0.49572068]
  [0.49793097]
  [0.49974224]]

 [[0.4762723 ]
  [0.4757556 ]
  [0.47490013]
  ...
  [0.4955789 ]
  [0.49777853]
  [0.49961114]]], shape=(105, 32, 1), dtype=float32)