tf.Tensor(
[[[0.28142855 0.28172964 0.2802362  0.28093046 0.2815693  0.28210112
   0.28116384 0.28069448 0.28180885]
  [0.31307733 0.26708633 0.33490187 0.2957076  0.28793025 0.32542422
   0.2947588  0.27128085 0.29649547]
  [0.330357   0.27857423 0.35645142 0.3096873  0.3020677  0.34875974
   0.31054866 0.28205866 0.3159719 ]
  [0.34164125 0.2856828  0.3718341  0.31804413 0.31254026 0.36435506
   0.31935656 0.28984186 0.32920387]
  [0.34950817 0.28998533 0.38255703 0.32402927 0.3202201  0.3764693
   0.32473877 0.29581526 0.33940685]
  [0.35674438 0.2938352  0.38956767 0.32890645 0.32659587 0.3856921
   0.32672095 0.30199447 0.34853625]
  [0.36109355 0.29495686 0.39535922 0.33271515 0.3308246  0.3924371
   0.32869217 0.30660945 0.35539997]
  [0.36372298 0.2971851  0.4005062  0.33495864 0.33505467 0.3982075
   0.32946897 0.31056866 0.36175886]
  [0.3652916  0.29743993 0.405344   0.3352084  0.33661157 0.40230253
   0.3308351  0.3135018  0.3663221 ]
  [0.36738074 0.29740766 0.4087018  0.33494237 0.33837655 0.40660217
   0.3321753  0.31539887 0.3703961 ]
  [0.3680481  0.29560238 0.41166925 0.3350021  0.33908758 0.41052166
   0.33242077 0.31673008 0.37277725]
  [0.36886692 0.29484475 0.4151041  0.33659518 0.33918738 0.41387066
   0.33287778 0.31725433 0.37317884]
  [0.36880577 0.29249135 0.41923815 0.33778766 0.33920383 0.41615215
   0.33507538 0.3164862  0.37296748]
  [0.36817202 0.29136294 0.4216076  0.33952624 0.33999893 0.4171385
   0.33672586 0.31602764 0.37301195]
  [0.3685795  0.2916214  0.42383024 0.33985865 0.34064826 0.41797343
   0.33720422 0.3166024  0.37269148]
  [0.36739355 0.2929433  0.42512533 0.33972046 0.3418549  0.41745213
   0.3366001  0.31864813 0.37169924]
  [0.36741832 0.29393864 0.4268664  0.33866704 0.3425703  0.41693953
   0.33594438 0.3190331  0.37030408]
  [0.3674365  0.29540247 0.42721087 0.3374111  0.3427774  0.4162587
   0.33571866 0.32024404 0.36833355]
  [0.3684012  0.29841095 0.4266794  0.33851856 0.34369862 0.41658688
   0.33611235 0.32220647 0.36723337]
  [0.3686373  0.29918668 0.4268138  0.33836082 0.3437268  0.41569406
   0.3366475  0.32281893 0.3667596 ]
  [0.36897385 0.2991954  0.42627507 0.33891374 0.34477407 0.4150568
   0.33715615 0.32272312 0.3662539 ]
  [0.3677613  0.29746923 0.42695156 0.3390624  0.34513432 0.41434932
   0.33704278 0.32293418 0.36610842]
  [0.36587194 0.29697776 0.42745787 0.33901024 0.34474385 0.413985
   0.3372426  0.32298145 0.3672295 ]
  [0.36515123 0.29529932 0.42873082 0.33985686 0.34374028 0.41324803
   0.33629    0.32313654 0.36850333]
  [0.362859   0.29382002 0.43033552 0.3389534  0.3434304  0.41320965
   0.33598816 0.32117495 0.3701059 ]
  [0.36102265 0.29212433 0.43231717 0.33862334 0.3440074  0.41408303
   0.33545738 0.32036936 0.3720807 ]
  [0.36062902 0.29217514 0.43378124 0.33836758 0.34422958 0.41496348
   0.33439675 0.320215   0.3750219 ]
  [0.36022538 0.29173067 0.43451762 0.3387509  0.34443927 0.41595614
   0.33457094 0.32014534 0.3763372 ]
  [0.36179546 0.29081145 0.43503684 0.33972752 0.34474048 0.41638535
   0.33414587 0.3204749  0.37728783]
  [0.36445442 0.29113898 0.43380126 0.34065354 0.3461964  0.4166111
   0.33412442 0.32249117 0.3767625 ]
  [0.36662892 0.2913525  0.43312383 0.34078348 0.34705806 0.4167742
   0.33458775 0.32411167 0.3758724 ]
  [0.36663252 0.29231656 0.43174306 0.33978346 0.34572825 0.41644937
   0.33545431 0.3259523  0.37647828]]], shape=(1, 32, 9), dtype=float32)