tf.Tensor(
[[[0.46950972]
  [0.44737524]
  [0.45545524]
  ...
  [0.666183  ]
  [0.6691477 ]
  [0.6685604 ]]

 [[0.4470944 ]
  [0.445275  ]
  [0.45460418]
  ...
  [0.6098753 ]
  [0.63242453]
  [0.63120204]]

 [[0.5232142 ]
  [0.54729354]
  [0.5745467 ]
  ...
  [0.67314875]
  [0.6697477 ]
  [0.66691303]]

 ...

 [[0.43831196]
  [0.40791285]
  [0.40784192]
  ...
  [0.5950571 ]
  [0.5988977 ]
  [0.60086304]]

 [[0.45020625]
  [0.421799  ]
  [0.41789865]
  ...
  [0.59529525]
  [0.59831667]
  [0.5994402 ]]

 [[0.46266097]
  [0.44930035]
  [0.4524383 ]
  ...
  [0.5775306 ]
  [0.5818257 ]
  [0.5855664 ]]], shape=(105, 32, 1), dtype=float32)