tf.Tensor(
[[[4.09620136e-01 5.01429975e-01 3.20223927e-01 4.85826790e-01
   4.39663825e-04 2.70460919e-03 1.41448072e-05 2.47290079e-02
   1.06992489e-02]
  [4.36983049e-01 5.06176651e-01 6.37554765e-01 4.98381585e-01
   4.04763887e-05 5.89527190e-04 6.84953761e-07 1.45486593e-02
   1.02614181e-03]
  [4.46889549e-01 5.07319272e-01 7.42276967e-01 4.97515410e-01
   2.45191550e-05 4.58048424e-04 4.19572586e-07 8.27753544e-03
   5.94776822e-04]
  [4.51245010e-01 5.08211970e-01 7.74381816e-01 4.96955782e-01
   2.10361504e-05 4.50522668e-04 3.72112993e-07 7.07750022e-03
   5.21019159e-04]
  [4.54098254e-01 5.09031355e-01 7.82262743e-01 4.96598125e-01
   2.13846779e-05 4.36515460e-04 3.68164791e-07 6.26452267e-03
   4.81700932e-04]
  [4.60176051e-01 5.09661257e-01 7.64425039e-01 4.95952934e-01
   2.44660187e-05 4.15951770e-04 3.77887886e-07 4.74013388e-03
   4.02087870e-04]
  [4.73914891e-01 5.09889305e-01 6.55514598e-01 4.94839281e-01
   3.09695388e-05 4.87700803e-04 4.33821242e-07 3.11565399e-03
   3.48931382e-04]
  [4.82920676e-01 5.11042416e-01 3.81098241e-01 4.94511902e-01
   3.55138727e-05 5.52341866e-04 5.27737541e-07 2.44687498e-03
   3.03757290e-04]
  [4.86146480e-01 5.15273392e-01 1.83967888e-01 4.94050950e-01
   3.27871858e-05 3.66926426e-04 4.95987933e-07 2.27355957e-03
   3.09732626e-04]
  [4.87746298e-01 5.25274158e-01 1.19139954e-01 4.93800581e-01
   2.77590407e-05 3.21507599e-04 5.52519282e-07 2.49113142e-03
   3.21945699e-04]
  [4.90359753e-01 5.44430971e-01 9.52784941e-02 4.93405044e-01
   2.57368920e-05 3.62441118e-04 7.55370650e-07 2.53263116e-03
   3.64642765e-04]
  [4.93138373e-01 5.89201689e-01 6.59318119e-02 4.93456662e-01
   3.14674471e-05 4.69938299e-04 1.10685414e-06 2.31096148e-03
   4.63722477e-04]
  [4.94934350e-01 6.74574435e-01 3.91816199e-02 4.93770242e-01
   4.43649624e-05 6.42449653e-04 1.81932990e-06 2.14149058e-03
   6.29231334e-04]
  [4.96429622e-01 7.80519605e-01 2.41469555e-02 4.94592756e-01
   5.84176523e-05 8.76309758e-04 3.67062921e-06 2.22776830e-03
   8.82229360e-04]
  [4.97597367e-01 8.71181428e-01 1.58966910e-02 4.94798839e-01
   6.69920846e-05 1.02712493e-03 6.22563084e-06 1.98988616e-03
   1.15814060e-03]
  [4.97948200e-01 9.29212391e-01 1.34043032e-02 4.95065808e-01
   6.97992000e-05 1.05850655e-03 7.36418451e-06 1.76295638e-03
   1.25150057e-03]
  [4.97971505e-01 9.62102473e-01 1.27370618e-02 4.95733976e-01
   7.57766757e-05 1.09121460e-03 8.49884600e-06 1.70579553e-03
   1.20577996e-03]
  [4.97922957e-01 9.79858279e-01 1.18491631e-02 4.96642143e-01
   8.68123025e-05 1.11845403e-03 1.07529595e-05 1.67442882e-03
   1.11265283e-03]
  [4.97896463e-01 9.89196241e-01 1.14349425e-02 4.97220546e-01
   9.19427912e-05 1.14482909e-03 1.21655194e-05 1.66916871e-03
   1.07545767e-03]
  [4.97896314e-01 9.94060695e-01 1.12278461e-02 4.97636229e-01
   9.39792953e-05 1.17147260e-03 1.27425474e-05 1.68439769e-03
   1.06700917e-03]
  [4.97900367e-01 9.96574461e-01 1.10770762e-02 4.97949541e-01
   9.57021257e-05 1.19626825e-03 1.31766637e-05 1.69888162e-03
   1.06723013e-03]
  [4.97911036e-01 9.97865558e-01 1.11515224e-02 4.98043239e-01
   9.56797667e-05 1.21352379e-03 1.32686037e-05 1.69554376e-03
   1.06989825e-03]
  [4.97917980e-01 9.98528779e-01 1.11194849e-02 4.98145789e-01
   9.60883335e-05 1.22455065e-03 1.34137736e-05 1.69655704e-03
   1.06933841e-03]
  [4.97921407e-01 9.98871148e-01 1.10580325e-02 4.98223573e-01
   9.69267348e-05 1.23372988e-03 1.36500084e-05 1.69964158e-03
   1.07085845e-03]
  [4.97927606e-01 9.99049067e-01 1.09905899e-02 4.98314559e-01
   9.75341536e-05 1.24073320e-03 1.38620562e-05 1.70235359e-03
   1.07026368e-03]
  [4.97934312e-01 9.99142110e-01 1.09037459e-02 4.98446107e-01
   9.83671343e-05 1.24986772e-03 1.40686743e-05 1.70998299e-03
   1.06952095e-03]
  [4.97941852e-01 9.99191165e-01 1.09166503e-02 4.98487025e-01
   9.82481943e-05 1.25569408e-03 1.41457231e-05 1.70819485e-03
   1.07082550e-03]
  [4.97949988e-01 9.99216318e-01 1.09135211e-02 4.98486131e-01
   9.80263139e-05 1.25666265e-03 1.41997880e-05 1.70353078e-03
   1.07174541e-03]
  [4.97958511e-01 9.99229848e-01 1.08520091e-02 4.98527974e-01
   9.87129897e-05 1.26371090e-03 1.44026462e-05 1.70420134e-03
   1.07654533e-03]
  [4.97974277e-01 9.99237120e-01 1.07574463e-02 4.98603195e-01
   9.90641274e-05 1.26895611e-03 1.45811637e-05 1.70710706e-03
   1.07979355e-03]
  [4.97999042e-01 9.99240994e-01 1.06507838e-02 4.98737156e-01
   9.94522779e-05 1.28186052e-03 1.48068302e-05 1.71318674e-03
   1.08648720e-03]
  [4.98028308e-01 9.99243498e-01 1.06109977e-02 4.98830199e-01
   9.93113863e-05 1.29287248e-03 1.49465759e-05 1.71469175e-03
   1.09558448e-03]]], shape=(1, 32, 9), dtype=float32)