[array([[[0.28209576, 0.28044328, 0.2815851 , 0.28094774, 0.28129622,
         0.28101343, 0.28128114, 0.28144184, 0.28118777],
        [0.31597233, 0.32209092, 0.34147128, 0.3239232 , 0.33708256,
         0.30881062, 0.2515682 , 0.332216  , 0.2707483 ],
        [0.33843246, 0.34278432, 0.3674523 , 0.3474568 , 0.3582786 ,
         0.32746807, 0.25573444, 0.35188425, 0.28044572],
        [0.3543222 , 0.35785404, 0.38412243, 0.36305   , 0.37306556,
         0.33977175, 0.2575045 , 0.36669332, 0.28614962],
        [0.36574447, 0.36935592, 0.39725006, 0.37513268, 0.38364625,
         0.34919623, 0.2581626 , 0.3781551 , 0.28923523],
        [0.37369376, 0.37842843, 0.4081636 , 0.384251  , 0.39183173,
         0.35660598, 0.25783798, 0.38548428, 0.29242352],
        [0.37866226, 0.38466   , 0.41583583, 0.3924783 , 0.39692304,
         0.36143515, 0.25709552, 0.39078683, 0.2926234 ],
        [0.3820341 , 0.3911996 , 0.42215654, 0.39814052, 0.40136716,
         0.36495826, 0.255636  , 0.3944674 , 0.29282206],
        [0.38461804, 0.3960522 , 0.427317  , 0.4022131 , 0.4053056 ,
         0.36864468, 0.25466645, 0.3971192 , 0.29362643],
        [0.3860906 , 0.4002322 , 0.4314466 , 0.40579507, 0.40786994,
         0.37199017, 0.25453523, 0.4000784 , 0.29357666],
        [0.38715574, 0.40299737, 0.4332723 , 0.40740538, 0.41000572,
         0.37429148, 0.25353685, 0.40185162, 0.29329616],
        [0.38753316, 0.40572625, 0.43428317, 0.40894514, 0.41255593,
         0.37586993, 0.25339872, 0.40283263, 0.29290822],
        [0.38859817, 0.40664893, 0.434704  , 0.4105447 , 0.4144036 ,
         0.3757898 , 0.2533471 , 0.40464023, 0.29174832],
        [0.3899827 , 0.4086432 , 0.4359818 , 0.41371208, 0.4155971 ,
         0.3768009 , 0.25309473, 0.40462297, 0.29095325],
        [0.3906813 , 0.40910769, 0.43877032, 0.4169454 , 0.4156649 ,
         0.37650156, 0.25339204, 0.40557513, 0.29054752],
        [0.3921618 , 0.41145232, 0.438556  , 0.41946167, 0.41614363,
         0.37754354, 0.25342938, 0.40665942, 0.29051632],
        [0.39356473, 0.41563672, 0.4369099 , 0.41912806, 0.41648415,
         0.37873247, 0.25316298, 0.40791687, 0.2898183 ],
        [0.3939224 , 0.4170849 , 0.4359302 , 0.41734016, 0.41681665,
         0.37964898, 0.25255764, 0.40897974, 0.28946495],
        [0.39411855, 0.41787252, 0.43396482, 0.41547176, 0.41703403,
         0.3812894 , 0.25335437, 0.40975985, 0.29000962],
        [0.39403465, 0.41919973, 0.43313923, 0.41488332, 0.41616568,
         0.38298783, 0.2556157 , 0.40940917, 0.29006955],
        [0.39446703, 0.41900608, 0.43386468, 0.41485924, 0.41612965,
         0.3838095 , 0.2563009 , 0.40831923, 0.28957096],
        [0.39518365, 0.41808793, 0.4354178 , 0.41419742, 0.41542897,
         0.38403717, 0.25679904, 0.40781757, 0.28920367],
        [0.39601102, 0.41715154, 0.43566036, 0.41310364, 0.41511285,
         0.38359013, 0.25732672, 0.40756738, 0.28922805],
        [0.39630395, 0.4160174 , 0.43677977, 0.41352305, 0.41463643,
         0.3830609 , 0.25727275, 0.40757605, 0.28929394],
        [0.3962896 , 0.4153056 , 0.43714482, 0.41213483, 0.41543442,
         0.38175455, 0.2563958 , 0.4077558 , 0.28992233],
        [0.39636064, 0.4141345 , 0.43715748, 0.4123136 , 0.41532484,
         0.38017532, 0.2550167 , 0.40701228, 0.29030836],
        [0.39652923, 0.41304693, 0.43642744, 0.4138127 , 0.41489226,
         0.37996456, 0.2542634 , 0.4055308 , 0.2904481 ],
        [0.39619118, 0.4123668 , 0.43662778, 0.41399395, 0.4159241 ,
         0.37941957, 0.25478035, 0.40545225, 0.2897935 ],
        [0.39718884, 0.41178375, 0.4367982 , 0.41495416, 0.41697267,
         0.3786417 , 0.25466514, 0.4036682 , 0.28965914],
        [0.39796543, 0.41317558, 0.43660426, 0.4158437 , 0.4173876 ,
         0.380142  , 0.25424233, 0.40274674, 0.28998804],
        [0.39939934, 0.41560102, 0.4379648 , 0.4146342 , 0.41785756,
         0.38069472, 0.2535182 , 0.40384972, 0.2907529 ],
        [0.40113917, 0.41667727, 0.43884528, 0.41472805, 0.41874692,
         0.38123953, 0.25352398, 0.4044624 , 0.2901463 ]]], dtype=float32), array([[[0.28115776, 0.2812967 , 0.28140008, 0.2820918 , 0.28057656,
         0.28068793, 0.28093076, 0.28058743, 0.2808807 ],
        [0.31508037, 0.3227493 , 0.34177703, 0.32690123, 0.33569986,
         0.30859756, 0.25213093, 0.32989776, 0.26991802],
        [0.33676815, 0.34383452, 0.36829826, 0.35245463, 0.35732186,
         0.3272811 , 0.25669065, 0.34725586, 0.2787156 ],
        [0.35171166, 0.36096305, 0.3864072 , 0.36975795, 0.37265238,
         0.34088656, 0.25937   , 0.36119038, 0.28394037],
        [0.36197653, 0.3734906 , 0.39952523, 0.3809365 , 0.38399503,
         0.35151047, 0.26068634, 0.37187842, 0.28731087],
        [0.36904866, 0.38248438, 0.41068873, 0.39006156, 0.39132532,
         0.35892478, 0.26166064, 0.37871236, 0.28909054],
        [0.37583134, 0.38910902, 0.4188972 , 0.3964132 , 0.39718595,
         0.36325923, 0.26268542, 0.38489014, 0.2913057 ],
        [0.38159883, 0.39486444, 0.42501888, 0.40177086, 0.40197045,
         0.36645487, 0.2630506 , 0.3897984 , 0.29299673],
        [0.3848389 , 0.39991525, 0.429034  , 0.40664774, 0.4049789 ,
         0.36971852, 0.26250446, 0.3939508 , 0.29401276],
        [0.38680258, 0.40372485, 0.43202433, 0.40802366, 0.4067678 ,
         0.3711216 , 0.26250553, 0.39836803, 0.2952471 ],
        [0.38922912, 0.40738627, 0.43446904, 0.41013393, 0.40863857,
         0.3727147 , 0.26183718, 0.4003548 , 0.29555404],
        [0.3920976 , 0.40950492, 0.43724433, 0.41147038, 0.41066754,
         0.3743219 , 0.26069334, 0.40201184, 0.2966663 ],
        [0.39260885, 0.40976018, 0.43766978, 0.41294694, 0.4111756 ,
         0.37577713, 0.25942466, 0.40332606, 0.29625112],
        [0.39290264, 0.4099626 , 0.4391992 , 0.41386023, 0.41119707,
         0.37605116, 0.25826672, 0.40451047, 0.2956418 ],
        [0.39209384, 0.40999183, 0.44063553, 0.41382796, 0.4116604 ,
         0.37544435, 0.25658453, 0.40486333, 0.29469565],
        [0.39159277, 0.41090998, 0.44108304, 0.41422513, 0.41177344,
         0.37457082, 0.2558838 , 0.40415046, 0.29266673],
        [0.39163694, 0.41229433, 0.44077882, 0.41480276, 0.41200155,
         0.37332317, 0.25506148, 0.4038064 , 0.29078144],
        [0.3912094 , 0.4130244 , 0.43983033, 0.41523674, 0.4129517 ,
         0.37286133, 0.2547513 , 0.40352097, 0.2903319 ],
        [0.3908573 , 0.41329885, 0.43935907, 0.41469264, 0.4136006 ,
         0.37205228, 0.25474805, 0.40396363, 0.29043016],
        [0.39135447, 0.4140534 , 0.43981433, 0.41485143, 0.41437873,
         0.37211192, 0.25607172, 0.40439197, 0.29123443],
        [0.3919178 , 0.4167219 , 0.4396758 , 0.41429138, 0.41511047,
         0.37318063, 0.25735173, 0.4054509 , 0.29271778],
        [0.39351687, 0.41882762, 0.4396999 , 0.41301817, 0.41562027,
         0.3731124 , 0.2580586 , 0.40696877, 0.29348442],
        [0.39388525, 0.41909623, 0.43855757, 0.4113158 , 0.41511706,
         0.3728337 , 0.25812548, 0.40801048, 0.29394805],
        [0.39523798, 0.41881996, 0.43814573, 0.41047826, 0.41629022,
         0.37353787, 0.2581472 , 0.40845534, 0.29366103],
        [0.3955507 , 0.41883212, 0.43801674, 0.41135472, 0.41540536,
         0.3733585 , 0.2585728 , 0.40850586, 0.2935586 ],
        [0.39575106, 0.41966236, 0.43780777, 0.4122058 , 0.41465244,
         0.37350723, 0.25912398, 0.409002  , 0.29339612],
        [0.3961003 , 0.4208764 , 0.43703282, 0.41196132, 0.41509584,
         0.37473553, 0.2594828 , 0.409118  , 0.2946272 ],
        [0.39605755, 0.42163372, 0.43605888, 0.41251594, 0.41567114,
         0.37610546, 0.2592266 , 0.40882245, 0.29358944],
        [0.3958659 , 0.42191285, 0.4363146 , 0.4128464 , 0.41570422,
         0.377057  , 0.2591975 , 0.40795767, 0.29259533],
        [0.3969745 , 0.42131594, 0.43698892, 0.41411617, 0.4152894 ,
         0.37686577, 0.25852427, 0.4066714 , 0.29162547],
        [0.39695007, 0.4209043 , 0.43766525, 0.41489565, 0.4145052 ,
         0.3756694 , 0.25734213, 0.40542018, 0.29009712],
        [0.39611682, 0.41973484, 0.43818146, 0.41287228, 0.41399187,
         0.3749424 , 0.25760782, 0.40565872, 0.28872055]]], dtype=float32), array([[[0.28145325, 0.28209457, 0.28076535, 0.28076956, 0.28167403,
         0.2820497 , 0.2806632 , 0.28117698, 0.28067932],
        [0.31459704, 0.32425505, 0.34037575, 0.3266267 , 0.33727574,
         0.30851644, 0.25065362, 0.33063555, 0.2687676 ],
        [0.33611616, 0.34534532, 0.36692128, 0.35345662, 0.35881764,
         0.32546964, 0.25441232, 0.34822768, 0.27653286],
        [0.35110834, 0.3628686 , 0.38495463, 0.37238443, 0.3736779 ,
         0.33711594, 0.25755152, 0.36210313, 0.28077033],
        [0.36225697, 0.3754289 , 0.39959222, 0.38710722, 0.38473064,
         0.34649584, 0.25915563, 0.3721669 , 0.28324193],
        [0.37092143, 0.3851575 , 0.4104613 , 0.39787686, 0.39246714,
         0.35282218, 0.25943848, 0.38010454, 0.28505692],
        [0.37798953, 0.3923269 , 0.41791624, 0.40395027, 0.39857072,
         0.35774198, 0.2604912 , 0.38609996, 0.2872818 ],
        [0.38329142, 0.39699462, 0.42261004, 0.40759194, 0.40368974,
         0.3618509 , 0.2607945 , 0.3903003 , 0.28896937],
        [0.387679  , 0.39999577, 0.4258178 , 0.4114847 , 0.4072273 ,
         0.36464512, 0.26093298, 0.39221507, 0.2903186 ],
        [0.3899136 , 0.40227735, 0.427215  , 0.41514698, 0.40945405,
         0.36570853, 0.26065123, 0.39399868, 0.2914316 ],
        [0.39181697, 0.40546814, 0.42911285, 0.41796672, 0.411938  ,
         0.36766607, 0.259203  , 0.39444384, 0.29233032],
        [0.39277145, 0.40918908, 0.4307854 , 0.41940126, 0.41460055,
         0.36894524, 0.25800925, 0.39549837, 0.29233453],
        [0.3933799 , 0.41076878, 0.4323625 , 0.41999978, 0.41694027,
         0.37123802, 0.2574544 , 0.39651534, 0.29288366],
        [0.39303294, 0.41163495, 0.43290687, 0.42162967, 0.41844502,
         0.37245432, 0.25604123, 0.39821672, 0.2926332 ],
        [0.39162558, 0.41294438, 0.4348461 , 0.4222716 , 0.4194288 ,
         0.37319005, 0.2539763 , 0.39911887, 0.29136935],
        [0.39175737, 0.41422355, 0.43673322, 0.42250493, 0.41977727,
         0.37370118, 0.25235474, 0.39975166, 0.29058078],
        [0.3920811 , 0.41433322, 0.43817228, 0.4221314 , 0.42014673,
         0.3739873 , 0.25133106, 0.400769  , 0.28918353],
        [0.3913516 , 0.41445208, 0.4391883 , 0.42190078, 0.4196996 ,
         0.3740488 , 0.25104168, 0.40108582, 0.2881505 ],
        [0.39077628, 0.4152643 , 0.4400295 , 0.42224428, 0.4194714 ,
         0.37364134, 0.25092092, 0.4006673 , 0.2881337 ],
        [0.39081204, 0.41560906, 0.44122797, 0.42388165, 0.41808105,
         0.37264317, 0.2510551 , 0.39976907, 0.28751957],
        [0.3918814 , 0.41575524, 0.44180483, 0.425184  , 0.41799513,
         0.3735068 , 0.25206277, 0.3993528 , 0.2878883 ],
        [0.39237615, 0.41568956, 0.44095936, 0.4264836 , 0.41706094,
         0.37375787, 0.25278264, 0.39980194, 0.28745452],
        [0.39258888, 0.41500798, 0.4402283 , 0.42644134, 0.416666  ,
         0.3751114 , 0.25343123, 0.40007707, 0.287596  ],
        [0.39262316, 0.41503367, 0.43983293, 0.42576873, 0.41658902,
         0.37610698, 0.2534586 , 0.40042195, 0.28782663],
        [0.39176178, 0.4145261 , 0.44061047, 0.42444333, 0.41587505,
         0.3747678 , 0.2545504 , 0.40190485, 0.28901076],
        [0.39204746, 0.41617465, 0.4416423 , 0.4221154 , 0.4155856 ,
         0.37518606, 0.25532818, 0.402896  , 0.2911053 ],
        [0.39367115, 0.41709647, 0.4426696 , 0.42021558, 0.41659105,
         0.37527978, 0.25450778, 0.40330246, 0.29191184],
        [0.39468074, 0.41713524, 0.44279408, 0.41744485, 0.4184106 ,
         0.37714988, 0.25387648, 0.40403357, 0.29231548],
        [0.39458057, 0.416494  , 0.44321334, 0.41640684, 0.41913965,
         0.37792557, 0.25330836, 0.40407798, 0.29348665],
        [0.39483687, 0.41550335, 0.4435786 , 0.4162897 , 0.41931224,
         0.37769264, 0.25281104, 0.40380928, 0.29406723],
        [0.3951657 , 0.41523403, 0.4430324 , 0.41633937, 0.41981453,
         0.37785724, 0.25261366, 0.4037871 , 0.29562405],
        [0.39466012, 0.41475046, 0.4422538 , 0.41728202, 0.42028064,
         0.3765182 , 0.25250748, 0.40296337, 0.29560864]]], dtype=float32), array([[[0.28149316, 0.28169596, 0.2810021 , 0.28130993, 0.2810239 ,
         0.27972668, 0.279782  , 0.2802645 , 0.2805518 ],
        [0.31506225, 0.32404658, 0.34038338, 0.3266384 , 0.33615935,
         0.30567005, 0.24881105, 0.32969677, 0.26936382],
        [0.33693278, 0.3459719 , 0.3668245 , 0.3532805 , 0.35673088,
         0.32280853, 0.25293386, 0.34683853, 0.27819556],
        [0.35177657, 0.36405987, 0.38393077, 0.37108964, 0.37175453,
         0.33487606, 0.25649542, 0.36069104, 0.2834633 ],
        [0.36225048, 0.3769563 , 0.39667964, 0.38486934, 0.38276768,
         0.34398672, 0.25785   , 0.37037545, 0.2873312 ],
        [0.3696412 , 0.38712153, 0.40541297, 0.3919637 , 0.39112997,
         0.35066053, 0.2587259 , 0.3781292 , 0.29010722],
        [0.3754154 , 0.39417276, 0.4125856 , 0.39804474, 0.3961607 ,
         0.3539709 , 0.2577534 , 0.3833245 , 0.29241976],
        [0.3787965 , 0.39930862, 0.41714936, 0.40239003, 0.399648  ,
         0.35814393, 0.2563293 , 0.3868542 , 0.29418883],
        [0.38219035, 0.4038156 , 0.41848353, 0.40565404, 0.40434197,
         0.36169773, 0.25478816, 0.38945475, 0.29608425],
        [0.38459972, 0.4068613 , 0.4198602 , 0.40870032, 0.40841413,
         0.36456135, 0.25293252, 0.39217356, 0.29762834],
        [0.38601515, 0.41143304, 0.42165866, 0.41077515, 0.4121393 ,
         0.36739215, 0.25051492, 0.39406717, 0.29793128],
        [0.3877254 , 0.41356474, 0.42589125, 0.41288465, 0.41479614,
         0.36875188, 0.24881531, 0.39565772, 0.2967613 ],
        [0.38907558, 0.41407037, 0.42856148, 0.41439217, 0.41550127,
         0.36902395, 0.2470073 , 0.39705443, 0.29593134],
        [0.38903195, 0.4140304 , 0.42969665, 0.41692647, 0.41510424,
         0.3701201 , 0.24661623, 0.39785007, 0.29488507],
        [0.38966143, 0.41451705, 0.4307944 , 0.42003754, 0.4146519 ,
         0.37159988, 0.24638888, 0.3981262 , 0.29402685],
        [0.3899434 , 0.4148315 , 0.43187276, 0.42028028, 0.4141645 ,
         0.37307185, 0.24766617, 0.3996232 , 0.2938944 ],
        [0.39000946, 0.4149045 , 0.43199846, 0.4203941 , 0.41364598,
         0.37477076, 0.24856302, 0.40104365, 0.29299772],
        [0.38922113, 0.41393515, 0.43284094, 0.42027757, 0.41276136,
         0.3733804 , 0.24975863, 0.40149802, 0.29161403],
        [0.38956165, 0.41345552, 0.43350348, 0.42057225, 0.4132634 ,
         0.37235847, 0.25086617, 0.40181527, 0.29128692],
        [0.3910904 , 0.41287065, 0.4336989 , 0.42014167, 0.41385567,
         0.37085912, 0.25087124, 0.40197077, 0.29052252],
        [0.3920296 , 0.4136835 , 0.4346992 , 0.41849783, 0.41454095,
         0.3712713 , 0.25109634, 0.40294206, 0.29048288],
        [0.39313743, 0.4146545 , 0.43523416, 0.4164464 , 0.4157029 ,
         0.37242565, 0.25262016, 0.40334684, 0.29056075],
        [0.395575  , 0.41579324, 0.4352584 , 0.41712043, 0.41763803,
         0.37266442, 0.25187472, 0.40356293, 0.2911227 ],
        [0.39687982, 0.41792482, 0.4361611 , 0.41840786, 0.41984507,
         0.37283707, 0.2508305 , 0.40422273, 0.29140863],
        [0.39731488, 0.41918194, 0.43663496, 0.41873878, 0.42113546,
         0.37258863, 0.25052413, 0.4052157 , 0.29186702],
        [0.39640743, 0.42010647, 0.4364722 , 0.41816688, 0.42091072,
         0.3725681 , 0.2491277 , 0.40457323, 0.2920143 ],
        [0.39532062, 0.422175  , 0.43518728, 0.41835395, 0.41901597,
         0.37235498, 0.24882297, 0.4038971 , 0.29098815],
        [0.39431846, 0.42376179, 0.43463612, 0.41691813, 0.4170188 ,
         0.37307853, 0.24880002, 0.4046645 , 0.29072472],
        [0.39430827, 0.42545357, 0.43450114, 0.41732928, 0.41597787,
         0.37400666, 0.24898839, 0.4046001 , 0.29099062],
        [0.39408198, 0.426293  , 0.4348932 , 0.4176916 , 0.41589049,
         0.3738752 , 0.24894196, 0.40525597, 0.29183644],
        [0.3944755 , 0.42529023, 0.43611845, 0.4189374 , 0.41535294,
         0.37293476, 0.24849637, 0.4060743 , 0.29162803],
        [0.39479378, 0.4253162 , 0.43640086, 0.4205511 , 0.41385633,
         0.37108245, 0.24724653, 0.40699875, 0.29281887]]], dtype=float32), array([[[0.2811722 , 0.28194544, 0.2809269 , 0.2815409 , 0.28113696,
         0.28077072, 0.28066087, 0.28105295, 0.280337  ],
        [0.3145574 , 0.32515392, 0.3408077 , 0.3258114 , 0.3375977 ,
         0.3093771 , 0.2509827 , 0.330605  , 0.27035695],
        [0.33548105, 0.34756747, 0.3684769 , 0.35114375, 0.35937768,
         0.32795572, 0.2543749 , 0.34781688, 0.27882233],
        [0.34982023, 0.36512372, 0.38586992, 0.36840007, 0.37462136,
         0.3390239 , 0.25673962, 0.36056346, 0.28315327],
        [0.35989505, 0.37897328, 0.39851576, 0.38144955, 0.3859166 ,
         0.3487895 , 0.2579456 , 0.37039438, 0.28635275],
        [0.36654264, 0.38869542, 0.40804338, 0.39206785, 0.39300993,
         0.35509285, 0.25869995, 0.3775148 , 0.2874008 ],
        [0.37138   , 0.3962017 , 0.4146659 , 0.39892903, 0.39885718,
         0.36055702, 0.25908118, 0.38369954, 0.28997976],
        [0.37731802, 0.40017894, 0.4207872 , 0.40265226, 0.4031086 ,
         0.36421302, 0.25890788, 0.38961858, 0.2921201 ],
        [0.38208643, 0.40257576, 0.4254432 , 0.40590054, 0.4061312 ,
         0.36669096, 0.25869364, 0.39412296, 0.29356143],
        [0.38459143, 0.40467775, 0.42849636, 0.40797383, 0.40821818,
         0.36874497, 0.2583044 , 0.39719102, 0.2942379 ],
        [0.38628054, 0.40678683, 0.4289786 , 0.40942734, 0.4094374 ,
         0.37108806, 0.2587878 , 0.3990095 , 0.29447615],
        [0.38882792, 0.40948442, 0.42929682, 0.41027606, 0.4101903 ,
         0.37277696, 0.2584093 , 0.40063775, 0.29515594],
        [0.39054203, 0.40975395, 0.431336  , 0.41160667, 0.41070104,
         0.37484276, 0.2583639 , 0.40205768, 0.2961121 ],
        [0.39193577, 0.41036248, 0.43298703, 0.4125694 , 0.41133532,
         0.3761116 , 0.25699282, 0.4029384 , 0.29796818],
        [0.39284906, 0.410509  , 0.4336894 , 0.41435713, 0.4108259 ,
         0.37593028, 0.2567492 , 0.403003  , 0.29880202],
        [0.39304847, 0.4128117 , 0.4339526 , 0.41468766, 0.41124105,
         0.37617072, 0.25662985, 0.4024699 , 0.29994988],
        [0.39336947, 0.4153692 , 0.43409687, 0.41464177, 0.4121789 ,
         0.37601802, 0.25676808, 0.40343443, 0.30019674],
        [0.3934221 , 0.41705242, 0.4344374 , 0.41451415, 0.41148996,
         0.37583268, 0.25634006, 0.40385604, 0.30097288],
        [0.39389116, 0.41657585, 0.43357122, 0.41345826, 0.41203797,
         0.37609392, 0.25637028, 0.40553996, 0.3018395 ],
        [0.3931448 , 0.41650048, 0.43314627, 0.41254118, 0.41300014,
         0.3776174 , 0.2561119 , 0.40661916, 0.3014926 ],
        [0.39335477, 0.41665143, 0.43310922, 0.41322562, 0.41481146,
         0.37888262, 0.25513008, 0.40675932, 0.30142173],
        [0.39370695, 0.41579062, 0.43492383, 0.41568303, 0.41521287,
         0.38000098, 0.25546753, 0.40685883, 0.30024225],
        [0.39462548, 0.41668865, 0.43442488, 0.41821817, 0.41727188,
         0.3804459 , 0.2540691 , 0.40637428, 0.29950455],
        [0.3950799 , 0.41768482, 0.4351276 , 0.42040983, 0.4179866 ,
         0.38016787, 0.25282472, 0.4068036 , 0.29885733],
        [0.39568937, 0.41864365, 0.4370179 , 0.4214364 , 0.41732606,
         0.3799302 , 0.25107554, 0.40700743, 0.29839477],
        [0.395411  , 0.41869795, 0.43770066, 0.4222742 , 0.4167572 ,
         0.37994534, 0.24995363, 0.4058248 , 0.29771   ],
        [0.3955981 , 0.41938937, 0.4394267 , 0.42282125, 0.41695017,
         0.380482  , 0.24919838, 0.4061029 , 0.2976636 ],
        [0.39523622, 0.4211566 , 0.43882677, 0.42167276, 0.41804746,
         0.38074946, 0.24786112, 0.40619442, 0.29715756],
        [0.39645386, 0.42202976, 0.43818012, 0.42082742, 0.41902512,
         0.38070807, 0.24604228, 0.40628996, 0.2969094 ],
        [0.3963297 , 0.4231334 , 0.4374999 , 0.42106098, 0.4197905 ,
         0.38162628, 0.24472308, 0.40588468, 0.2977186 ],
        [0.39646617, 0.42244315, 0.43645355, 0.42059112, 0.41966012,
         0.38258022, 0.24444701, 0.40544742, 0.2977486 ],
        [0.39629093, 0.42114753, 0.43636355, 0.42141533, 0.41888994,
         0.3830736 , 0.24500023, 0.405828  , 0.2974083 ]]], dtype=float32), array([[[0.280027  , 0.28120667, 0.28083694, 0.2811455 , 0.27982718,
         0.28073117, 0.2814071 , 0.28016376, 0.2805493 ],
        [0.3132701 , 0.3230053 , 0.34059036, 0.3260201 , 0.33431736,
         0.3098079 , 0.25258693, 0.32950187, 0.26896983],
        [0.33467895, 0.34222722, 0.36734235, 0.3503688 , 0.35562524,
         0.32708123, 0.25790834, 0.34756467, 0.27687693],
        [0.35095048, 0.3562634 , 0.38458997, 0.36810347, 0.36999372,
         0.3406834 , 0.26233456, 0.3620363 , 0.2820445 ],
        [0.3634365 , 0.36730626, 0.3961994 , 0.3807896 , 0.3817821 ,
         0.35064328, 0.2637963 , 0.3730605 , 0.2857235 ],
        [0.37214693, 0.37647524, 0.40475842, 0.38865563, 0.3908081 ,
         0.35862535, 0.26467544, 0.38203508, 0.2891598 ],
        [0.3789657 , 0.38322988, 0.4105237 , 0.39540341, 0.39755878,
         0.3636361 , 0.26452842, 0.38918507, 0.29025096],
        [0.38377717, 0.38906282, 0.41492876, 0.40107298, 0.4020558 ,
         0.3668788 , 0.26391345, 0.39367455, 0.29163837],
        [0.38802925, 0.39520216, 0.41772506, 0.40605515, 0.40560484,
         0.370029  , 0.262759  , 0.39766663, 0.29357442],
        [0.39205682, 0.40041366, 0.4199968 , 0.41019025, 0.40920857,
         0.37341824, 0.2605079 , 0.4004711 , 0.29569164],
        [0.3945991 , 0.40362164, 0.42101964, 0.41199398, 0.41210145,
         0.3776234 , 0.2586569 , 0.40318197, 0.29702464],
        [0.39559928, 0.40578324, 0.42329854, 0.41440094, 0.41461122,
         0.3811463 , 0.2570485 , 0.4055416 , 0.29775602],
        [0.3962414 , 0.40713042, 0.42585528, 0.4164672 , 0.415385  ,
         0.38259047, 0.25591296, 0.40718836, 0.29737848],
        [0.39591235, 0.40981922, 0.42787844, 0.4171514 , 0.41517323,
         0.38151222, 0.2549419 , 0.40801126, 0.29704085],
        [0.3958202 , 0.4113166 , 0.4298429 , 0.41805848, 0.41574663,
         0.38114843, 0.2543918 , 0.40772277, 0.29634342],
        [0.39626172, 0.41316545, 0.4307545 , 0.4200304 , 0.41585612,
         0.38023168, 0.2544887 , 0.40712118, 0.29481277],
        [0.39632422, 0.41368645, 0.4311571 , 0.41912526, 0.41619813,
         0.37989825, 0.25534484, 0.40676537, 0.2930505 ],
        [0.39621592, 0.41391763, 0.4319633 , 0.41827738, 0.41634473,
         0.37991804, 0.25626782, 0.40671882, 0.29197595],
        [0.39613178, 0.41517282, 0.43262944, 0.41820955, 0.41554698,
         0.37984586, 0.2564201 , 0.40604967, 0.29173163],
        [0.39624435, 0.41647583, 0.4331731 , 0.41884074, 0.4153376 ,
         0.37887233, 0.25544792, 0.4051836 , 0.2917653 ],
        [0.3959622 , 0.4174229 , 0.43424368, 0.4189777 , 0.4143982 ,
         0.37881228, 0.25506476, 0.40497747, 0.29130116],
        [0.39574984, 0.4189392 , 0.4346695 , 0.41714185, 0.4146195 ,
         0.3795928 , 0.25469062, 0.40506428, 0.29219362],
        [0.39474583, 0.41957566, 0.43556294, 0.41642722, 0.4148121 ,
         0.38195592, 0.25454396, 0.4050062 , 0.29237762],
        [0.3942137 , 0.4194937 , 0.43567285, 0.41551733, 0.4152091 ,
         0.383148  , 0.25498897, 0.4049318 , 0.29339227],
        [0.3932954 , 0.41918108, 0.43457696, 0.4145558 , 0.41612592,
         0.38341284, 0.25536475, 0.4046447 , 0.2935931 ],
        [0.39220878, 0.41855094, 0.4343642 , 0.4141232 , 0.416268  ,
         0.3832536 , 0.2554751 , 0.40457726, 0.29372752],
        [0.39057428, 0.41749662, 0.43378353, 0.41420236, 0.41625473,
         0.38137093, 0.2564144 , 0.404288  , 0.29318437],
        [0.3901626 , 0.41564733, 0.43337923, 0.41485077, 0.41632804,
         0.3801177 , 0.25662568, 0.40472725, 0.29257825],
        [0.39024433, 0.41393718, 0.43475294, 0.4155255 , 0.41642404,
         0.37971014, 0.25779665, 0.40491858, 0.29264808],
        [0.39005798, 0.41350132, 0.43483463, 0.41658235, 0.41593018,
         0.37851143, 0.25881878, 0.4054504 , 0.2933929 ],
        [0.39033404, 0.41255006, 0.4356896 , 0.41870195, 0.41304436,
         0.3742338 , 0.258364  , 0.4046457 , 0.29266793],
        [0.3906519 , 0.4120805 , 0.43550846, 0.41838026, 0.41113266,
         0.37207767, 0.25813186, 0.40470663, 0.29355016]]], dtype=float32), array([[[0.28165114, 0.28072605, 0.28212306, 0.28093567, 0.28119177,
         0.28151706, 0.28145292, 0.28052685, 0.28117064],
        [0.31638038, 0.32191044, 0.34288967, 0.3246413 , 0.33742398,
         0.30910084, 0.25132778, 0.33102563, 0.2704077 ],
        [0.3384084 , 0.34088162, 0.37003496, 0.34981576, 0.35986772,
         0.32618037, 0.2551331 , 0.34963337, 0.2798433 ],
        [0.35321966, 0.35666654, 0.38599128, 0.36642417, 0.37585822,
         0.33829087, 0.25775313, 0.365154  , 0.28555277],
        [0.36341146, 0.36798528, 0.39757544, 0.3776436 , 0.38616487,
         0.34832248, 0.2588821 , 0.3769484 , 0.28874388],
        [0.371669  , 0.3762914 , 0.40646076, 0.38652912, 0.395298  ,
         0.35678193, 0.25828227, 0.3858631 , 0.2911189 ],
        [0.37733427, 0.38289455, 0.41281733, 0.39347887, 0.40214953,
         0.36410964, 0.25757396, 0.3927425 , 0.2918853 ],
        [0.3815078 , 0.3894876 , 0.41775542, 0.40032616, 0.4072315 ,
         0.3688039 , 0.2570977 , 0.3967756 , 0.29184437],
        [0.38411808, 0.39412516, 0.42012286, 0.40723407, 0.40940335,
         0.37064135, 0.2577223 , 0.3986606 , 0.291034  ],
        [0.38527486, 0.39995474, 0.42156565, 0.41052607, 0.41110447,
         0.3726045 , 0.25742865, 0.3996115 , 0.29069528],
        [0.38700742, 0.40401727, 0.4222579 , 0.4137204 , 0.41291118,
         0.374516  , 0.2567774 , 0.39959675, 0.29068917],
        [0.38813713, 0.4069367 , 0.42409366, 0.41568133, 0.41463608,
         0.3752865 , 0.25746152, 0.4004659 , 0.28978938],
        [0.38967663, 0.40923455, 0.42540035, 0.41591486, 0.4142066 ,
         0.3760637 , 0.25673681, 0.40104038, 0.28896013],
        [0.39071712, 0.41080242, 0.42645168, 0.41600397, 0.41467145,
         0.3771701 , 0.2570158 , 0.4022289 , 0.28903165],
        [0.3916819 , 0.41253385, 0.4268923 , 0.41579276, 0.41544974,
         0.3781614 , 0.25642478, 0.40345326, 0.28957596],
        [0.3921651 , 0.41335368, 0.42734128, 0.4151261 , 0.4152419 ,
         0.37923497, 0.25580373, 0.4056131 , 0.28943366],
        [0.39281523, 0.41435808, 0.429396  , 0.415151  , 0.41563484,
         0.38032612, 0.25554675, 0.4063954 , 0.28899315],
        [0.3938078 , 0.41628987, 0.4308055 , 0.4145129 , 0.4168044 ,
         0.38065422, 0.2533567 , 0.40565813, 0.29017714],
        [0.39540803, 0.41695917, 0.4323878 , 0.4143078 , 0.4185672 ,
         0.38147694, 0.25242   , 0.40588397, 0.2898361 ],
        [0.39585602, 0.41652563, 0.43368006, 0.41450688, 0.41860104,
         0.38052115, 0.25203502, 0.4064853 , 0.2905027 ],
        [0.3964304 , 0.41747722, 0.43633232, 0.413625  , 0.41905507,
         0.38010105, 0.25276726, 0.40762922, 0.29280245],
        [0.3964464 , 0.41892844, 0.43737108, 0.4132582 , 0.41827756,
         0.37952152, 0.25268948, 0.40796566, 0.29442936],
        [0.3972114 , 0.4195505 , 0.4371266 , 0.4131544 , 0.41875482,
         0.37799826, 0.2515867 , 0.40708897, 0.29428697],
        [0.3981374 , 0.41847834, 0.43737742, 0.41524786, 0.41799182,
         0.3755858 , 0.25006786, 0.40647146, 0.29388055],
        [0.39891544, 0.4181763 , 0.43800777, 0.4164614 , 0.41796213,
         0.3750968 , 0.24890876, 0.40575415, 0.29369828],
        [0.3989026 , 0.41943398, 0.43859047, 0.4183294 , 0.41643107,
         0.37614304, 0.24833477, 0.40587127, 0.29278022],
        [0.39973432, 0.42091414, 0.43926865, 0.41947955, 0.41591737,
         0.3772914 , 0.24784264, 0.40700147, 0.2927485 ],
        [0.40002295, 0.42130324, 0.4375382 , 0.41922614, 0.41588253,
         0.37851653, 0.24758545, 0.40729207, 0.2927035 ],
        [0.40002212, 0.4204405 , 0.4366429 , 0.41949221, 0.41627875,
         0.37947032, 0.24758053, 0.40730304, 0.29293802],
        [0.3992588 , 0.41855118, 0.43580985, 0.41975406, 0.4151206 ,
         0.37893483, 0.24878198, 0.40811428, 0.2920497 ],
        [0.40006557, 0.41730386, 0.43532363, 0.4200058 , 0.41439995,
         0.37936407, 0.25037715, 0.40857586, 0.29174536],
        [0.40028527, 0.41618878, 0.43442163, 0.41920957, 0.4134267 ,
         0.3791952 , 0.25188512, 0.40912098, 0.29113263]]], dtype=float32), array([[[0.2810433 , 0.28118578, 0.28078502, 0.28116813, 0.28125453,
         0.28130436, 0.28062066, 0.28040734, 0.2817197 ],
        [0.31380048, 0.3222918 , 0.34124103, 0.3262139 , 0.33624965,
         0.30897158, 0.25103605, 0.32964498, 0.27078545],
        [0.33524573, 0.34228277, 0.36979014, 0.3517802 , 0.35665503,
         0.32712042, 0.25609946, 0.34756222, 0.27972725],
        [0.35009664, 0.35895315, 0.38874936, 0.36947995, 0.37130868,
         0.33942494, 0.25956303, 0.3615341 , 0.28451067],
        [0.36053783, 0.37108296, 0.40331498, 0.38246247, 0.38156825,
         0.34777817, 0.26156235, 0.37202042, 0.28785864],
        [0.3684567 , 0.38064378, 0.41228625, 0.39139536, 0.38996047,
         0.3547233 , 0.26129156, 0.38010186, 0.29072228],
        [0.3740504 , 0.38654992, 0.41866753, 0.39756158, 0.3960368 ,
         0.35922202, 0.26050535, 0.38590044, 0.2915322 ],
        [0.37899926, 0.39088482, 0.4238232 , 0.40203783, 0.40015095,
         0.36159474, 0.2592458 , 0.39025986, 0.29192433],
        [0.38283116, 0.39374802, 0.42831028, 0.40641105, 0.40364215,
         0.3640394 , 0.25791386, 0.39432895, 0.29222164],
        [0.3856635 , 0.39621824, 0.43317127, 0.4095598 , 0.40704885,
         0.3664163 , 0.25668776, 0.39693227, 0.2926877 ],
        [0.38855824, 0.39905053, 0.43568248, 0.41307637, 0.4096948 ,
         0.36880413, 0.25490364, 0.39889345, 0.29344016],
        [0.39136156, 0.40211096, 0.43727374, 0.41589928, 0.4129342 ,
         0.37049434, 0.25136837, 0.39982405, 0.29362243],
        [0.39358616, 0.40531617, 0.43715486, 0.41880864, 0.41525987,
         0.37242585, 0.2480218 , 0.40047312, 0.29318002],
        [0.39393058, 0.40735155, 0.43742537, 0.4208365 , 0.41487172,
         0.37287447, 0.24596433, 0.4010021 , 0.29179153],
        [0.39360306, 0.40816802, 0.43773893, 0.41960308, 0.4146224 ,
         0.37418577, 0.24475522, 0.40286022, 0.29130983],
        [0.3928827 , 0.40895793, 0.43760997, 0.41961792, 0.4136029 ,
         0.3743877 , 0.24427256, 0.40272743, 0.29030752],
        [0.392448  , 0.4099885 , 0.43749747, 0.41817838, 0.41442224,
         0.37637937, 0.24536991, 0.40299064, 0.28996184],
        [0.39262202, 0.4124809 , 0.4367519 , 0.41713533, 0.41637328,
         0.37975642, 0.24617869, 0.40366822, 0.29005525],
        [0.39337504, 0.41424748, 0.43635932, 0.41615108, 0.41833755,
         0.38282698, 0.2474472 , 0.4043541 , 0.290407  ],
        [0.39368427, 0.41489598, 0.43685004, 0.4153374 , 0.41927204,
         0.38380712, 0.24886088, 0.40502504, 0.2897189 ],
        [0.39376375, 0.41551775, 0.43642202, 0.4154149 , 0.42026788,
         0.38467938, 0.24918409, 0.40557864, 0.28883162],
        [0.39339924, 0.41589245, 0.43742052, 0.41651848, 0.42047662,
         0.38520467, 0.2499274 , 0.40552282, 0.28762984],
        [0.39365903, 0.4166048 , 0.4375559 , 0.41755193, 0.42122346,
         0.38463193, 0.24923323, 0.40437773, 0.2872819 ],
        [0.39404395, 0.41780776, 0.43793812, 0.4182568 , 0.4219544 ,
         0.38394278, 0.24844965, 0.40457898, 0.28687522],
        [0.39546013, 0.41902745, 0.43736637, 0.41933495, 0.42102557,
         0.38280857, 0.24842022, 0.40533942, 0.28658855],
        [0.39636612, 0.41931316, 0.43796545, 0.41975018, 0.41964254,
         0.38200048, 0.24836399, 0.4051516 , 0.28751713],
        [0.39727485, 0.4187873 , 0.43950567, 0.41923672, 0.41915578,
         0.38071346, 0.24897549, 0.40552065, 0.28773984],
        [0.39778492, 0.41854843, 0.4407248 , 0.41968372, 0.41725597,
         0.38034767, 0.24951313, 0.40617877, 0.28746843],
        [0.39866182, 0.41774404, 0.44058117, 0.418994  , 0.4168254 ,
         0.3809876 , 0.25032505, 0.40662152, 0.28691086],
        [0.40001562, 0.417859  , 0.44152126, 0.41809583, 0.41729498,
         0.38203558, 0.25042665, 0.40631053, 0.2873233 ],
        [0.40056467, 0.41681042, 0.44134185, 0.41682082, 0.41733083,
         0.38082883, 0.25096017, 0.4064527 , 0.28744796],
        [0.40057874, 0.4159206 , 0.44079757, 0.41559106, 0.41710672,
         0.38082778, 0.25053447, 0.40524125, 0.28883275]]], dtype=float32), array([[[0.28122488, 0.2821404 , 0.281131  , 0.28091443, 0.28185087,
         0.28151527, 0.28050157, 0.28030783, 0.28161833],
        [0.31584173, 0.32391205, 0.34194422, 0.3250855 , 0.33729   ,
         0.30973807, 0.25101626, 0.32988027, 0.2717289 ],
        [0.33845606, 0.3447487 , 0.3697175 , 0.3503183 , 0.35860696,
         0.32846785, 0.25524697, 0.3479068 , 0.2811162 ],
        [0.35425153, 0.36123317, 0.38925785, 0.36862582, 0.37327868,
         0.34146208, 0.25773254, 0.36232424, 0.28680754],
        [0.3663125 , 0.37233984, 0.403824  , 0.3829127 , 0.38389474,
         0.35053346, 0.25809777, 0.3730497 , 0.2904044 ],
        [0.37537616, 0.38055423, 0.4136881 , 0.39430216, 0.39124534,
         0.35726234, 0.25780773, 0.38049307, 0.29230505],
        [0.3821975 , 0.38747025, 0.42048708, 0.40336302, 0.3967616 ,
         0.3615649 , 0.25816298, 0.38581952, 0.29237735],
        [0.38637385, 0.39387423, 0.42491564, 0.40796256, 0.40071607,
         0.3649961 , 0.2583574 , 0.3904622 , 0.2929688 ],
        [0.3902295 , 0.3985299 , 0.42765838, 0.41191566, 0.40373263,
         0.36801562, 0.25841567, 0.39297542, 0.29336637],
        [0.3933418 , 0.40187246, 0.42993107, 0.41481578, 0.40633482,
         0.37050816, 0.258658  , 0.39569417, 0.2933596 ],
        [0.39482367, 0.4053228 , 0.43139315, 0.41619992, 0.4084163 ,
         0.3724493 , 0.2578351 , 0.39904618, 0.29381746],
        [0.39502805, 0.40805128, 0.43279576, 0.41674167, 0.41219872,
         0.37420595, 0.25597966, 0.40113503, 0.2934022 ],
        [0.39465883, 0.40947652, 0.43254358, 0.41597   , 0.41481164,
         0.37468955, 0.2553634 , 0.40385282, 0.29282647],
        [0.39436835, 0.4110333 , 0.43180838, 0.4150238 , 0.41628563,
         0.37568915, 0.2555548 , 0.4061332 , 0.2926992 ],
        [0.39391625, 0.41184464, 0.43157485, 0.4153272 , 0.41730356,
         0.37716147, 0.25600561, 0.40767306, 0.2926439 ],
        [0.39304504, 0.41356903, 0.4311845 , 0.4163129 , 0.41710222,
         0.3769662 , 0.2556898 , 0.40784574, 0.2918317 ],
        [0.3933052 , 0.41549155, 0.43055922, 0.4177208 , 0.4170226 ,
         0.3781044 , 0.25568274, 0.40756747, 0.29100195],
        [0.3932142 , 0.41775733, 0.43114755, 0.41853958, 0.4161596 ,
         0.3781939 , 0.25633237, 0.40721518, 0.28982434],
        [0.39308918, 0.42058358, 0.4323434 , 0.42027152, 0.4155448 ,
         0.37787244, 0.25495142, 0.40638494, 0.29025325],
        [0.39284575, 0.42202806, 0.43339664, 0.42175928, 0.4144398 ,
         0.37708545, 0.25365496, 0.40574428, 0.29085448],
        [0.39165217, 0.42308718, 0.43435696, 0.42050493, 0.41279453,
         0.37641296, 0.25374937, 0.40555063, 0.29083866],
        [0.39228794, 0.42423764, 0.43512115, 0.42012367, 0.41221103,
         0.37608856, 0.25388923, 0.40536827, 0.2914141 ],
        [0.3919927 , 0.42470545, 0.4349575 , 0.4190184 , 0.4115891 ,
         0.37643108, 0.25410572, 0.4056293 , 0.29145157],
        [0.39186117, 0.4227569 , 0.43550637, 0.41933116, 0.4098734 ,
         0.37486985, 0.2547753 , 0.40435764, 0.28969967],
        [0.39116016, 0.42135626, 0.4352696 , 0.41839862, 0.41029158,
         0.3741405 , 0.2552067 , 0.40383166, 0.28920764],
        [0.39022934, 0.42029777, 0.43452263, 0.41690338, 0.4104181 ,
         0.37450704, 0.2556849 , 0.4039004 , 0.28983638],
        [0.38970262, 0.41943902, 0.43284962, 0.41557696, 0.4098397 ,
         0.37507582, 0.2564224 , 0.40389913, 0.28987977],
        [0.38913533, 0.41834453, 0.4329627 , 0.41388577, 0.40977135,
         0.37420574, 0.25591254, 0.4035319 , 0.28949448],
        [0.39031544, 0.41719562, 0.4337391 , 0.41408253, 0.41049117,
         0.37411907, 0.25537506, 0.40228638, 0.28949264],
        [0.39336854, 0.416383  , 0.43547097, 0.4143349 , 0.4126855 ,
         0.37383538, 0.25586453, 0.40099946, 0.28964612],
        [0.3954871 , 0.41627932, 0.43797472, 0.41419917, 0.41567272,
         0.3735186 , 0.2555328 , 0.3993363 , 0.29007345],
        [0.3972256 , 0.41682097, 0.4391163 , 0.4146357 , 0.41808406,
         0.37380174, 0.25473154, 0.39812547, 0.29047382]]], dtype=float32), array([[[0.2810817 , 0.28153646, 0.2816705 , 0.2812079 , 0.28152397,
         0.2827775 , 0.2809842 , 0.28101242, 0.2807736 ],
        [0.3143211 , 0.3233612 , 0.3430361 , 0.32628584, 0.33798093,
         0.31204197, 0.25216815, 0.33082575, 0.26971495],
        [0.33575794, 0.34344375, 0.37039796, 0.35105553, 0.35985255,
         0.33034915, 0.25699893, 0.34835783, 0.2774882 ],
        [0.34998143, 0.3609353 , 0.38668996, 0.3678915 , 0.3750488 ,
         0.34435683, 0.26034412, 0.36236438, 0.28202176],
        [0.36171702, 0.37491596, 0.39825416, 0.38076884, 0.38691285,
         0.35237488, 0.26052302, 0.37192228, 0.2856541 ],
        [0.36996636, 0.38563475, 0.4080058 , 0.39198387, 0.39327064,
         0.35537243, 0.25947076, 0.37778956, 0.28695798],
        [0.37637892, 0.39264446, 0.41577518, 0.39921683, 0.39813456,
         0.35893226, 0.25931263, 0.38310492, 0.287154  ],
        [0.3802684 , 0.3968752 , 0.42097586, 0.40347555, 0.40185532,
         0.36238867, 0.2599449 , 0.38660008, 0.28721216],
        [0.3837165 , 0.40186352, 0.4252004 , 0.40501997, 0.40585825,
         0.3656465 , 0.26060742, 0.39050904, 0.28884992],
        [0.3870097 , 0.40507224, 0.4280955 , 0.40686142, 0.40871418,
         0.368524  , 0.26058754, 0.39363745, 0.2898083 ],
        [0.39047936, 0.40767196, 0.43193236, 0.40712416, 0.41035965,
         0.36973098, 0.26035357, 0.3959269 , 0.29015225],
        [0.39293966, 0.40985262, 0.43454298, 0.40855944, 0.4123316 ,
         0.37059483, 0.26024395, 0.39757824, 0.28934982],
        [0.39533052, 0.4123353 , 0.43698615, 0.41039214, 0.41399187,
         0.37184864, 0.25831732, 0.39817348, 0.28957596],
        [0.39674646, 0.41380468, 0.4399859 , 0.41193596, 0.41462454,
         0.37244216, 0.25583082, 0.3994374 , 0.28995237],
        [0.39844024, 0.4143842 , 0.44326302, 0.41430128, 0.41646835,
         0.37212235, 0.25430077, 0.40045616, 0.29018384],
        [0.3991543 , 0.41539106, 0.44482973, 0.41671926, 0.4173202 ,
         0.37164313, 0.25320604, 0.40064928, 0.29011598],
        [0.3980839 , 0.4163244 , 0.44545585, 0.41912645, 0.41512227,
         0.36854032, 0.25242966, 0.4001667 , 0.290145  ],
        [0.39668155, 0.41627392, 0.4458902 , 0.42219993, 0.41213012,
         0.36524487, 0.25176564, 0.39820963, 0.28930697],
        [0.3956931 , 0.41818264, 0.44495925, 0.4239028 , 0.4107368 ,
         0.3652612 , 0.2510977 , 0.39688402, 0.290092  ],
        [0.39522624, 0.41838095, 0.44405976, 0.42477643, 0.4107086 ,
         0.36624813, 0.25064763, 0.39706331, 0.29213074],
        [0.39548835, 0.417911  , 0.44294378, 0.42429456, 0.4108912 ,
         0.36759132, 0.25023326, 0.3964044 , 0.2936444 ],
        [0.39543045, 0.41758364, 0.44251025, 0.42383948, 0.41116202,
         0.36945504, 0.249806  , 0.39731055, 0.29408127],
        [0.39503506, 0.41783842, 0.44038492, 0.42491525, 0.41278356,
         0.37080792, 0.24975656, 0.3979852 , 0.29352942],
        [0.3946723 , 0.41893098, 0.43855348, 0.42288643, 0.4136312 ,
         0.37178454, 0.24888708, 0.40044862, 0.29355204],
        [0.39400283, 0.41866693, 0.43767744, 0.42155677, 0.41411173,
         0.37287202, 0.24853997, 0.4018846 , 0.29429415],
        [0.3930294 , 0.4191768 , 0.43733612, 0.42029527, 0.4136337 ,
         0.37392187, 0.2486411 , 0.40370288, 0.29442692],
        [0.3925807 , 0.42027354, 0.43757066, 0.41802996, 0.41281706,
         0.37419924, 0.24853517, 0.40435666, 0.29403237],
        [0.39304516, 0.42038807, 0.43690866, 0.4165314 , 0.41245428,
         0.37492764, 0.2479308 , 0.40442297, 0.2943499 ],
        [0.39488006, 0.42006174, 0.4386256 , 0.41681263, 0.4128969 ,
         0.3758598 , 0.24792755, 0.4036464 , 0.29546   ],
        [0.3960119 , 0.42168576, 0.4397794 , 0.41668412, 0.41316715,
         0.37708595, 0.24757245, 0.40335482, 0.2959975 ],
        [0.39548326, 0.42328343, 0.4394491 , 0.41685823, 0.41305462,
         0.37915897, 0.24758705, 0.40263438, 0.29764122],
        [0.39486933, 0.42243132, 0.43903938, 0.4177884 , 0.41296157,
         0.37910846, 0.24823868, 0.40190795, 0.2973858 ]]], dtype=float32)]