tf.Tensor(
[[[0.28117117 0.28119475 0.28077897 0.28138018 0.28157884 0.28080255
   0.2817214  0.28112486 0.2812804 ]
  [0.31520185 0.32294157 0.34008005 0.3258516  0.33799577 0.30848542
   0.25174484 0.33155838 0.27013883]
  [0.33727676 0.34338334 0.36747977 0.35019475 0.35854506 0.3262961
   0.2560547  0.3508037  0.2789426 ]
  [0.35252416 0.3599037  0.38463733 0.36834177 0.37259308 0.3386689
   0.25845042 0.36594227 0.28443676]
  [0.36377868 0.3721331  0.3963607  0.3824552  0.38181877 0.3469782
   0.25888538 0.37634036 0.28741717]
  [0.3726045  0.38179514 0.40516657 0.3932276  0.3897747  0.35461032
   0.2581149  0.3843708  0.28939286]
  [0.37901506 0.38958973 0.41217417 0.4014705  0.39514592 0.36134923
   0.25710094 0.38984057 0.29046097]
  [0.38459975 0.39651787 0.41650763 0.40808782 0.40037164 0.36780646
   0.25500435 0.39315972 0.29170123]
  [0.38820472 0.4017259  0.41965663 0.41318858 0.4028079  0.37329942
   0.254154   0.39594835 0.29219478]
  [0.39069647 0.40514985 0.4217486  0.41730332 0.4050009  0.37702215
   0.2531214  0.39761227 0.29278532]
  [0.39122972 0.4068004  0.42337418 0.42191675 0.40584612 0.37931773
   0.2526208  0.398791   0.29244328]
  [0.39080667 0.40796924 0.4235888  0.42540398 0.4070974  0.3809578
   0.25250694 0.39959258 0.2926313 ]
  [0.389736   0.40911174 0.42475465 0.42625463 0.40758747 0.38209453
   0.2539367  0.40036893 0.29148942]
  [0.38981733 0.41125026 0.4250964  0.42760378 0.40823463 0.38244268
   0.25429714 0.4005112  0.29071385]
  [0.3898215  0.41297874 0.42547154 0.42622453 0.409847   0.38195038
   0.2543369  0.40144604 0.29024598]
  [0.39007422 0.4131053  0.42605335 0.42583275 0.4107494  0.38066733
   0.25382808 0.40198615 0.28967324]
  [0.39102787 0.41432038 0.4275657  0.42449266 0.41225767 0.38114783
   0.25404882 0.4031931  0.2892472 ]
  [0.39249045 0.41645545 0.42931175 0.42382464 0.41309717 0.38203716
   0.25293148 0.40410218 0.2894407 ]
  [0.39309147 0.4175149  0.43102157 0.42575118 0.4126616  0.38099468
   0.2527586  0.40345952 0.2885441 ]
  [0.3935804  0.42022705 0.4322564  0.4261979  0.413051   0.38008362
   0.25043985 0.40219364 0.28795508]
  [0.39469847 0.42045206 0.43389678 0.42505285 0.4130342  0.37978998
   0.24928994 0.40243268 0.28738463]
  [0.395919   0.4198443  0.43497658 0.4244614  0.41319257 0.3784977
   0.24710742 0.40239093 0.28751674]
  [0.3964448  0.4201407  0.43564224 0.42364764 0.41189316 0.37719545
   0.24525328 0.4031044  0.28813586]
  [0.3961724  0.4204484  0.43732736 0.42191285 0.4113494  0.37704283
   0.24384484 0.4034722  0.28961116]
  [0.39690426 0.42203438 0.4366405  0.4209609  0.41271582 0.3788691
   0.24307616 0.40378165 0.29093486]
  [0.39746472 0.42305797 0.43706352 0.4205022  0.41391194 0.38098925
   0.24241541 0.40440562 0.2916205 ]
  [0.39631325 0.4220606  0.4367236  0.41997308 0.41400337 0.38130134
   0.24277544 0.40531322 0.29127166]
  [0.39630938 0.42117703 0.43454298 0.4190999  0.41534677 0.38274708
   0.24347873 0.40641835 0.29233587]
  [0.39609498 0.42099997 0.43197155 0.41941866 0.41607657 0.3846913
   0.2450758  0.40766087 0.29277608]
  [0.39454713 0.4207113  0.43193698 0.42018187 0.41678107 0.38603485
   0.24664557 0.40852746 0.29313293]
  [0.39402008 0.41983098 0.43265188 0.42138368 0.4173906  0.38572165
   0.24804485 0.4091426  0.29291716]
  [0.39484963 0.418715   0.432715   0.42216212 0.41790017 0.38546523
   0.24863924 0.40862697 0.29329088]]], shape=(1, 32, 9), dtype=float32)