[array([[[0.2806188 , 0.28089324, 0.2806914 , 0.2815128 , 0.28079718,
         0.28239644, 0.28079447, 0.28094524, 0.28190446],
        [0.2831813 , 0.35042912, 0.2909692 , 0.30444562, 0.29801795,
         0.29739246, 0.30700114, 0.329073  , 0.2738225 ],
        [0.2934315 , 0.37746695, 0.30132848, 0.320673  , 0.31572184,
         0.31029692, 0.3211946 , 0.35193968, 0.2826097 ],
        [0.301329  , 0.39713827, 0.3100385 , 0.33194566, 0.32855156,
         0.32064176, 0.33094892, 0.36828798, 0.28786257],
        [0.3072521 , 0.41165316, 0.31637576, 0.3390796 , 0.3379389 ,
         0.3278842 , 0.3378105 , 0.37951425, 0.2909048 ],
        [0.311875  , 0.42253256, 0.32082337, 0.34348762, 0.3459776 ,
         0.33224443, 0.34248576, 0.38888797, 0.29349968],
        [0.31500024, 0.4307547 , 0.3234194 , 0.3470837 , 0.35207367,
         0.33502722, 0.34541157, 0.39690658, 0.2955232 ],
        [0.31706598, 0.43615156, 0.3251217 , 0.3504984 , 0.35607606,
         0.3374315 , 0.34811133, 0.40252188, 0.29690722],
        [0.3181468 , 0.4392383 , 0.32626066, 0.35303774, 0.35987088,
         0.33901253, 0.35013178, 0.40674132, 0.29826167],
        [0.31866226, 0.4416541 , 0.32715374, 0.355169  , 0.36226055,
         0.3395827 , 0.3519835 , 0.40961343, 0.29915535],
        [0.3194592 , 0.4437237 , 0.32601976, 0.35735813, 0.36328703,
         0.33891445, 0.3533543 , 0.411549  , 0.29934922],
        [0.32152286, 0.44592306, 0.3251251 , 0.35910618, 0.3645947 ,
         0.33855602, 0.3542365 , 0.41321963, 0.29890144],
        [0.3220864 , 0.44810563, 0.3241094 , 0.36138284, 0.36488405,
         0.3392457 , 0.35489193, 0.4157777 , 0.298728  ],
        [0.32282746, 0.4493519 , 0.32256564, 0.3631558 , 0.36459187,
         0.33920738, 0.35533258, 0.41769534, 0.29738653],
        [0.32302293, 0.4496815 , 0.32107583, 0.36438838, 0.36373925,
         0.33811176, 0.35609922, 0.41897622, 0.29670775],
        [0.3235773 , 0.44911155, 0.32040396, 0.36402288, 0.36466974,
         0.33767077, 0.35640278, 0.41962805, 0.29490945],
        [0.3241698 , 0.44867265, 0.32187495, 0.36368734, 0.36613712,
         0.3378253 , 0.35591224, 0.42129955, 0.2931767 ],
        [0.3237836 , 0.44899216, 0.3217941 , 0.36197466, 0.36743164,
         0.33807057, 0.35594016, 0.42274517, 0.29261318],
        [0.32308114, 0.4487321 , 0.32155424, 0.36119395, 0.36788294,
         0.3377265 , 0.35595745, 0.4229472 , 0.29313478],
        [0.32340547, 0.44870162, 0.3211914 , 0.36050624, 0.36774874,
         0.3379244 , 0.35427615, 0.42226988, 0.29418278],
        [0.32318455, 0.44790974, 0.32182366, 0.3597527 , 0.36711052,
         0.33762112, 0.3536191 , 0.42131788, 0.29448354],
        [0.32339832, 0.44777626, 0.3215008 , 0.35890266, 0.36740014,
         0.33830646, 0.35361087, 0.41999176, 0.29492408],
        [0.32293797, 0.44808677, 0.3220319 , 0.3597568 , 0.36702478,
         0.339043  , 0.3543187 , 0.41858748, 0.29670513],
        [0.32215455, 0.44889623, 0.32196322, 0.3600171 , 0.3668425 ,
         0.33963022, 0.35559937, 0.4183427 , 0.29756668],
        [0.32151684, 0.4495637 , 0.3224919 , 0.3600694 , 0.36691535,
         0.33889073, 0.35613176, 0.41818967, 0.29912302],
        [0.32189867, 0.4498071 , 0.3225601 , 0.3601826 , 0.36669856,
         0.33878982, 0.3568923 , 0.41874877, 0.29839137],
        [0.32253772, 0.45094997, 0.32279253, 0.36013958, 0.36589164,
         0.33855253, 0.356687  , 0.41877434, 0.2978546 ],
        [0.3233093 , 0.45243964, 0.32283512, 0.36015168, 0.36544248,
         0.33694625, 0.3568472 , 0.4190815 , 0.29708117],
        [0.32384008, 0.4535697 , 0.32314456, 0.35987064, 0.36453992,
         0.3356882 , 0.3575093 , 0.4199798 , 0.2971243 ],
        [0.32373524, 0.454461  , 0.3227309 , 0.36079395, 0.36453792,
         0.3350586 , 0.35706767, 0.4211085 , 0.29686803],
        [0.3235212 , 0.45447922, 0.32286462, 0.36193848, 0.36459973,
         0.33479136, 0.35767812, 0.42064968, 0.29671803],
        [0.32276657, 0.45436007, 0.3227201 , 0.36288837, 0.36536756,
         0.33581918, 0.35863525, 0.42055473, 0.29645285]]], dtype=float32), array([[[0.2808105 , 0.279943  , 0.28136224, 0.2811303 , 0.28107467,
         0.28083935, 0.28170115, 0.28063488, 0.28139186],
        [0.28389087, 0.34874678, 0.29408094, 0.30472362, 0.29807916,
         0.2943709 , 0.3078177 , 0.32856306, 0.27348098],
        [0.29385856, 0.37366468, 0.3055606 , 0.32123566, 0.3153031 ,
         0.3070071 , 0.32257026, 0.35039574, 0.28240016],
        [0.29999265, 0.39122477, 0.31383246, 0.33147582, 0.3275736 ,
         0.3165859 , 0.33412123, 0.36629182, 0.28762248],
        [0.30547297, 0.40457416, 0.31854275, 0.33993974, 0.3366703 ,
         0.3233753 , 0.34110948, 0.3793066 , 0.2908806 ],
        [0.3097276 , 0.41359553, 0.32047307, 0.345721  , 0.34344518,
         0.32687157, 0.34564245, 0.3882141 , 0.2933646 ],
        [0.31378466, 0.42079258, 0.32218862, 0.35067356, 0.34871283,
         0.32944855, 0.34766218, 0.39562032, 0.2953269 ],
        [0.31567582, 0.42543027, 0.3248347 , 0.35380393, 0.3534673 ,
         0.33116624, 0.3490567 , 0.40019846, 0.29703856],
        [0.3166598 , 0.43081483, 0.3258912 , 0.35660008, 0.35734063,
         0.33304167, 0.34955218, 0.40392682, 0.29847533],
        [0.3170757 , 0.4363432 , 0.3252851 , 0.35894173, 0.35961226,
         0.33410296, 0.3507379 , 0.4066782 , 0.30009326],
        [0.31746072, 0.4397234 , 0.3251216 , 0.36016622, 0.36054298,
         0.33431244, 0.35190195, 0.40943575, 0.30070162],
        [0.3191544 , 0.4423956 , 0.3248286 , 0.36144742, 0.36131644,
         0.33468953, 0.35146096, 0.41228402, 0.30045477],
        [0.32015774, 0.44366384, 0.32407925, 0.361722  , 0.36168694,
         0.33496824, 0.351081  , 0.4147446 , 0.2996201 ],
        [0.32085472, 0.44456884, 0.32292715, 0.3616909 , 0.361324  ,
         0.33531097, 0.35133517, 0.41669312, 0.29923847],
        [0.3208888 , 0.4457927 , 0.32124382, 0.36188427, 0.36165226,
         0.33632317, 0.35227853, 0.41659424, 0.2994829 ],
        [0.3216271 , 0.4459703 , 0.32042232, 0.36296046, 0.36242443,
         0.33760375, 0.35289598, 0.41790038, 0.29873168],
        [0.32190308, 0.44755483, 0.3207945 , 0.36237532, 0.36335623,
         0.33728912, 0.3542028 , 0.41849962, 0.29819334],
        [0.32213488, 0.4486251 , 0.32051945, 0.36186823, 0.36438859,
         0.33759922, 0.3544108 , 0.41835812, 0.2982292 ],
        [0.32282358, 0.4489804 , 0.32024765, 0.36229002, 0.3644928 ,
         0.3383103 , 0.35329366, 0.41798076, 0.2980668 ],
        [0.32355335, 0.4487012 , 0.31993932, 0.3630102 , 0.36473694,
         0.33964872, 0.35322478, 0.4186583 , 0.29818407],
        [0.32396078, 0.44766966, 0.31961384, 0.36355963, 0.36480063,
         0.3408482 , 0.3532344 , 0.41962978, 0.29630816],
        [0.32443857, 0.4475035 , 0.31874895, 0.36427566, 0.36428022,
         0.34098616, 0.35323617, 0.42031157, 0.29731065],
        [0.3245541 , 0.44541553, 0.31787008, 0.36434817, 0.36288357,
         0.34045035, 0.35415715, 0.4207491 , 0.29670936],
        [0.3255414 , 0.4445846 , 0.31842616, 0.36530477, 0.36234334,
         0.3400819 , 0.35510448, 0.4212932 , 0.2974131 ],
        [0.32636672, 0.44456407, 0.32016522, 0.3670231 , 0.3618708 ,
         0.33975455, 0.35595322, 0.42187735, 0.2980518 ],
        [0.32573995, 0.44551024, 0.32162517, 0.36872503, 0.36152425,
         0.33879256, 0.35646108, 0.42186216, 0.298939  ],
        [0.32615408, 0.44602555, 0.32321718, 0.37063235, 0.36091623,
         0.33722657, 0.35622057, 0.42221078, 0.2999816 ],
        [0.32595804, 0.44742724, 0.32452855, 0.37053668, 0.36087993,
         0.3362001 , 0.35615802, 0.42200613, 0.29927284],
        [0.32506195, 0.44923913, 0.3248283 , 0.36983767, 0.36051935,
         0.33591038, 0.35654086, 0.42210054, 0.2988475 ],
        [0.32481024, 0.45075354, 0.32510355, 0.36789906, 0.36083037,
         0.33506936, 0.35636976, 0.42185694, 0.29796177],
        [0.32468593, 0.45155933, 0.32429227, 0.36553872, 0.3607563 ,
         0.33482742, 0.35584798, 0.4217537 , 0.29660508],
        [0.32458815, 0.45268005, 0.3238765 , 0.36408392, 0.36108214,
         0.33420682, 0.35533315, 0.4218225 , 0.29545712]]], dtype=float32), array([[[0.28122082, 0.28080755, 0.2811632 , 0.28131214, 0.2814788 ,
         0.2836155 , 0.28133386, 0.27992243, 0.2808893 ],
        [0.2842014 , 0.34988084, 0.2927339 , 0.3037447 , 0.29909027,
         0.29908663, 0.3073158 , 0.32745153, 0.27148202],
        [0.2945482 , 0.3755958 , 0.30442008, 0.32042918, 0.31643534,
         0.31303427, 0.32264212, 0.34984377, 0.27932256],
        [0.30252895, 0.39485583, 0.3123122 , 0.33165324, 0.32951325,
         0.32241273, 0.3338757 , 0.36625743, 0.2847122 ],
        [0.30840632, 0.40845448, 0.31720296, 0.3402806 , 0.33878323,
         0.32908946, 0.34204948, 0.37802365, 0.28898203],
        [0.31294924, 0.41864258, 0.31962088, 0.34544063, 0.34552863,
         0.334652  , 0.3477034 , 0.3865377 , 0.29102865],
        [0.3157116 , 0.42816567, 0.32040006, 0.34952185, 0.35010126,
         0.33820993, 0.3512943 , 0.39557412, 0.2929346 ],
        [0.31826586, 0.43567395, 0.32025898, 0.35184053, 0.35319954,
         0.3400655 , 0.35376802, 0.40192536, 0.29346085],
        [0.3201122 , 0.441161  , 0.32074547, 0.35423294, 0.35571587,
         0.33994964, 0.35526022, 0.40740153, 0.29338935],
        [0.32211936, 0.44453454, 0.321197  , 0.35628396, 0.3579184 ,
         0.33897492, 0.35685074, 0.4113592 , 0.29345366],
        [0.32349133, 0.44724682, 0.32141992, 0.35771543, 0.35927132,
         0.3389042 , 0.35811743, 0.41353732, 0.29369774],
        [0.3243053 , 0.44871143, 0.3220442 , 0.35839072, 0.36048332,
         0.33857685, 0.35909745, 0.41410792, 0.294394  ],
        [0.3248487 , 0.44962987, 0.32277948, 0.3605072 , 0.36091405,
         0.33814725, 0.35890013, 0.41599014, 0.2951073 ],
        [0.32527798, 0.45007345, 0.32393897, 0.3621198 , 0.36150703,
         0.33766022, 0.359014  , 0.41738525, 0.29482356],
        [0.3250816 , 0.45117852, 0.3239259 , 0.36255547, 0.36147782,
         0.33695737, 0.3594254 , 0.41771203, 0.29517284],
        [0.3248771 , 0.4513687 , 0.32421553, 0.36328107, 0.3621019 ,
         0.33670765, 0.35905886, 0.4183055 , 0.29475188],
        [0.323972  , 0.45169228, 0.32328779, 0.36429903, 0.36299902,
         0.3375448 , 0.35756624, 0.41836327, 0.29596356],
        [0.32310262, 0.45193014, 0.32226777, 0.36481574, 0.36420432,
         0.3391548 , 0.356241  , 0.41855472, 0.29632482],
        [0.32217675, 0.45144513, 0.32215613, 0.36411145, 0.36470568,
         0.33992234, 0.35580406, 0.4183429 , 0.29657373],
        [0.3215144 , 0.45168054, 0.3220109 , 0.36370343, 0.3648126 ,
         0.3414941 , 0.3548732 , 0.41762093, 0.29724786],
        [0.32188866, 0.45164606, 0.3220784 , 0.3636154 , 0.36557394,
         0.34333092, 0.35382614, 0.41687128, 0.2967723 ],
        [0.32189256, 0.45208305, 0.32263097, 0.3630936 , 0.36583424,
         0.3441095 , 0.35363883, 0.41652802, 0.29682437],
        [0.32165703, 0.45188686, 0.32304785, 0.3629514 , 0.36485347,
         0.34408382, 0.35449123, 0.41679752, 0.29699618],
        [0.32085842, 0.45330507, 0.32271287, 0.3622584 , 0.36450532,
         0.34384823, 0.3551837 , 0.41717917, 0.2985468 ],
        [0.32040635, 0.4548197 , 0.32240435, 0.36167186, 0.36416683,
         0.34285116, 0.35517806, 0.41839024, 0.29932204],
        [0.32039976, 0.45469803, 0.321088  , 0.36207148, 0.3626241 ,
         0.3422937 , 0.35482278, 0.41896132, 0.29913428],
        [0.32147646, 0.45399413, 0.3203684 , 0.36313123, 0.36084276,
         0.34109688, 0.3547112 , 0.41938552, 0.29930836],
        [0.32233328, 0.4524661 , 0.32101452, 0.3639996 , 0.3603712 ,
         0.3398482 , 0.35466215, 0.42166704, 0.29883838],
        [0.32291338, 0.45158592, 0.32069674, 0.3644829 , 0.36045915,
         0.33843565, 0.35435876, 0.42218882, 0.2994832 ],
        [0.32278526, 0.4498809 , 0.32050043, 0.36431423, 0.35978955,
         0.3375703 , 0.3549294 , 0.42247787, 0.300074  ],
        [0.32306364, 0.4477106 , 0.32120797, 0.36491475, 0.3596091 ,
         0.33732143, 0.35563722, 0.42307204, 0.2998421 ],
        [0.32452425, 0.4486434 , 0.32144144, 0.36552906, 0.35972506,
         0.33618915, 0.3563916 , 0.4222689 , 0.29928574]]], dtype=float32), array([[[0.28141892, 0.28118604, 0.28164342, 0.28030393, 0.2819011 ,
         0.2816156 , 0.28154856, 0.28121197, 0.2809193 ],
        [0.28419688, 0.35092166, 0.29265398, 0.301841  , 0.29895058,
         0.2964386 , 0.3076238 , 0.32915327, 0.27124915],
        [0.29355997, 0.3760345 , 0.30354112, 0.31732622, 0.31661782,
         0.31090233, 0.32219467, 0.35011628, 0.2791814 ],
        [0.3007389 , 0.3941867 , 0.31143868, 0.32849634, 0.32975668,
         0.3219703 , 0.3329157 , 0.36554903, 0.28526902],
        [0.30633244, 0.4090514 , 0.31617293, 0.33633003, 0.33965188,
         0.33107805, 0.33993477, 0.3770987 , 0.28968698],
        [0.30967206, 0.41938823, 0.31845462, 0.34144926, 0.3463091 ,
         0.33693373, 0.345088  , 0.38640657, 0.29248077],
        [0.31221998, 0.42632505, 0.32006097, 0.34596932, 0.3506752 ,
         0.34155712, 0.34853828, 0.39417115, 0.29403126],
        [0.3126988 , 0.4298255 , 0.31935704, 0.34908962, 0.35369506,
         0.34371835, 0.351488  , 0.40058076, 0.29419136],
        [0.3124428 , 0.43222535, 0.31928495, 0.35258955, 0.3554491 ,
         0.34481606, 0.35237288, 0.40641552, 0.29393995],
        [0.3118515 , 0.43477708, 0.31986672, 0.3536987 , 0.35707733,
         0.3443114 , 0.35282433, 0.41019115, 0.2940497 ],
        [0.31259295, 0.43729472, 0.31992483, 0.35442245, 0.3580271 ,
         0.34256724, 0.35310903, 0.4126358 , 0.29422015],
        [0.31391943, 0.4393926 , 0.32055318, 0.356146  , 0.35901853,
         0.34174773, 0.35200593, 0.4146485 , 0.29599145],
        [0.31487042, 0.4415415 , 0.3193914 , 0.35785887, 0.35949227,
         0.34140316, 0.3519727 , 0.417591  , 0.29735556],
        [0.3160279 , 0.44351396, 0.3171873 , 0.35915908, 0.35892907,
         0.34014603, 0.35225978, 0.41861647, 0.2988331 ],
        [0.31758282, 0.44457942, 0.31617022, 0.36075604, 0.35798222,
         0.33971116, 0.35277325, 0.4187783 , 0.30065414],
        [0.31932297, 0.44567624, 0.31654897, 0.3627806 , 0.35814306,
         0.34018317, 0.35259423, 0.4189065 , 0.30167997],
        [0.32023418, 0.44669688, 0.31632942, 0.36407366, 0.35820198,
         0.34073412, 0.35252687, 0.41875032, 0.3022151 ],
        [0.32062063, 0.44654977, 0.31681553, 0.3646547 , 0.35788956,
         0.34147495, 0.35344613, 0.418183  , 0.3023621 ],
        [0.32083094, 0.4454671 , 0.31767657, 0.365261  , 0.35903713,
         0.34164467, 0.35363078, 0.4195091 , 0.30191502],
        [0.3212909 , 0.44486305, 0.31824458, 0.36450708, 0.36062682,
         0.34101427, 0.35368013, 0.41940418, 0.3018681 ],
        [0.32167864, 0.4451102 , 0.31849205, 0.36427206, 0.36148074,
         0.33994925, 0.35256723, 0.41993654, 0.30188617],
        [0.3221999 , 0.444369  , 0.3197506 , 0.363329  , 0.36209574,
         0.33807698, 0.35203266, 0.42054808, 0.30057675],
        [0.3211056 , 0.44287035, 0.32116178, 0.36180785, 0.3621275 ,
         0.33703122, 0.35199523, 0.42030418, 0.29961187],
        [0.32028583, 0.44023308, 0.32281402, 0.3599826 , 0.3626126 ,
         0.33646837, 0.3515577 , 0.41960466, 0.29836693],
        [0.32034597, 0.439874  , 0.32352906, 0.35947478, 0.36150712,
         0.3359173 , 0.3506976 , 0.41891605, 0.29823217],
        [0.32069355, 0.43947512, 0.3236148 , 0.35941958, 0.36034924,
         0.33668694, 0.34938467, 0.4182897 , 0.2983029 ],
        [0.32163072, 0.43985778, 0.32429308, 0.35986495, 0.35957888,
         0.33838975, 0.34816983, 0.41887745, 0.29861796],
        [0.3215324 , 0.44034296, 0.32494444, 0.3597383 , 0.35922676,
         0.33914694, 0.34809408, 0.41863632, 0.29868165],
        [0.32101056, 0.4402571 , 0.32568932, 0.35966137, 0.3597879 ,
         0.33851013, 0.34773174, 0.4185568 , 0.29914075],
        [0.31974357, 0.4409381 , 0.3259711 , 0.35987526, 0.36030418,
         0.3380237 , 0.34811774, 0.41809314, 0.29949158],
        [0.31946948, 0.44146183, 0.32611954, 0.36097506, 0.36081782,
         0.3381159 , 0.34756494, 0.41725656, 0.30077687],
        [0.32029715, 0.44350764, 0.32748675, 0.36141148, 0.36178446,
         0.3392484 , 0.34776905, 0.4157553 , 0.30093262]]], dtype=float32), array([[[0.28102937, 0.28123173, 0.28093907, 0.28088972, 0.28125843,
         0.2822093 , 0.28117   , 0.27993998, 0.2808326 ],
        [0.28348586, 0.35139424, 0.29227984, 0.30314904, 0.29898804,
         0.29774147, 0.30688664, 0.32672215, 0.27087134],
        [0.29281312, 0.37778568, 0.30333322, 0.31852293, 0.3173118 ,
         0.3109806 , 0.32116032, 0.34829548, 0.27860457],
        [0.29952905, 0.39656398, 0.31193197, 0.32811722, 0.33090284,
         0.3218293 , 0.33168137, 0.36352605, 0.28335   ],
        [0.30488893, 0.41145563, 0.31643796, 0.335137  , 0.33987218,
         0.3303472 , 0.33941776, 0.37567553, 0.28833342],
        [0.30872297, 0.42288354, 0.31860593, 0.34068188, 0.3459071 ,
         0.33557376, 0.34458408, 0.38491145, 0.29182538],
        [0.31064686, 0.43036616, 0.31944233, 0.34493288, 0.3504174 ,
         0.33976498, 0.34944245, 0.39214742, 0.29401627],
        [0.3123662 , 0.43401375, 0.32069483, 0.34934676, 0.35358313,
         0.3409131 , 0.35377702, 0.39893293, 0.29533765],
        [0.31369728, 0.43595052, 0.3221191 , 0.35213476, 0.35522383,
         0.33989063, 0.35670763, 0.40342268, 0.29571795],
        [0.3150916 , 0.43789053, 0.32317117, 0.35408908, 0.35588378,
         0.339422  , 0.3580002 , 0.4064551 , 0.29681852],
        [0.31518194, 0.44095   , 0.32454842, 0.35667074, 0.35621893,
         0.33913386, 0.35945517, 0.40833896, 0.29791996],
        [0.31528676, 0.44313678, 0.32593596, 0.3583332 , 0.35695088,
         0.33857974, 0.360037  , 0.41030604, 0.29818222],
        [0.31538814, 0.44441703, 0.3256443 , 0.35824838, 0.35790792,
         0.3382235 , 0.36100096, 0.4119581 , 0.2976798 ],
        [0.31681168, 0.44550654, 0.32596633, 0.3578385 , 0.35873714,
         0.34011328, 0.36009097, 0.41105825, 0.2971942 ],
        [0.31845272, 0.4454587 , 0.32632393, 0.35914308, 0.36016795,
         0.34188393, 0.35944086, 0.41281754, 0.29704207],
        [0.3190629 , 0.44572183, 0.3263588 , 0.35981786, 0.36146984,
         0.3429336 , 0.35821155, 0.41487554, 0.2959989 ],
        [0.32042435, 0.44614863, 0.32572037, 0.36011952, 0.3629382 ,
         0.34278354, 0.35756496, 0.4173469 , 0.29556358],
        [0.32091978, 0.44696972, 0.32553497, 0.36081097, 0.36393994,
         0.3439214 , 0.3574808 , 0.4186222 , 0.29467407],
        [0.32147053, 0.44780296, 0.32482004, 0.3610819 , 0.3642803 ,
         0.3438444 , 0.35763592, 0.42006624, 0.29472733],
        [0.32141557, 0.44795856, 0.32570243, 0.3593605 , 0.36496255,
         0.3441575 , 0.35764655, 0.4192864 , 0.2939079 ],
        [0.32204407, 0.44682112, 0.32690698, 0.35830814, 0.3640835 ,
         0.34510574, 0.35847506, 0.4172121 , 0.29446623],
        [0.32170346, 0.4453099 , 0.32861876, 0.3578833 , 0.3632809 ,
         0.3448664 , 0.35975218, 0.41642037, 0.29491606],
        [0.32230774, 0.4449538 , 0.33005717, 0.35801122, 0.36213145,
         0.3454556 , 0.35907418, 0.4159342 , 0.2949529 ],
        [0.32299575, 0.44504207, 0.33141628, 0.35768467, 0.3618486 ,
         0.34650606, 0.3580594 , 0.41523692, 0.29411885],
        [0.3238711 , 0.445331  , 0.33232123, 0.35776   , 0.36141953,
         0.34769592, 0.3574658 , 0.4163292 , 0.29288432],
        [0.32446098, 0.44618014, 0.33325386, 0.3570352 , 0.36132133,
         0.3475587 , 0.3571398 , 0.41666892, 0.2913785 ],
        [0.3251123 , 0.44748372, 0.3339546 , 0.35681435, 0.36204752,
         0.34753823, 0.35590005, 0.41791818, 0.29175222],
        [0.32565328, 0.44916004, 0.33324757, 0.35661513, 0.36281082,
         0.34638035, 0.35508084, 0.41796824, 0.29260668],
        [0.32771575, 0.45111322, 0.33291343, 0.35647902, 0.36545864,
         0.34553134, 0.35437185, 0.41885278, 0.29307622],
        [0.32878816, 0.45236626, 0.33183432, 0.35603794, 0.3678126 ,
         0.34417358, 0.35364813, 0.42037812, 0.2937946 ],
        [0.3291455 , 0.45204923, 0.33156744, 0.35626915, 0.36973447,
         0.34328613, 0.3533163 , 0.42042676, 0.29467615],
        [0.32844788, 0.45110947, 0.33196574, 0.35702416, 0.37129948,
         0.34277946, 0.35410002, 0.41969043, 0.2951485 ]]], dtype=float32), array([[[0.28197247, 0.2818319 , 0.28050032, 0.2817855 , 0.2811872 ,
         0.2806798 , 0.2805004 , 0.28102553, 0.28181797],
        [0.28563115, 0.35328096, 0.29024512, 0.3055127 , 0.29745868,
         0.29465365, 0.30642   , 0.32922316, 0.27388927],
        [0.29671478, 0.3798751 , 0.30050987, 0.32199743, 0.31401414,
         0.30652523, 0.3213771 , 0.3516221 , 0.28242534],
        [0.30476493, 0.39903235, 0.3088005 , 0.3329431 , 0.32732087,
         0.31563503, 0.3317745 , 0.36927748, 0.28616816],
        [0.30945048, 0.41155517, 0.31424004, 0.33943313, 0.3373648 ,
         0.32255325, 0.33973625, 0.3821907 , 0.28856695],
        [0.31299475, 0.4206051 , 0.3194869 , 0.34432426, 0.34455088,
         0.3281799 , 0.34569892, 0.39070404, 0.28854725],
        [0.31502184, 0.42675126, 0.32288414, 0.34680784, 0.34999588,
         0.33142346, 0.34988222, 0.3962939 , 0.28850588],
        [0.31657332, 0.4313716 , 0.32544088, 0.34882966, 0.35396102,
         0.33420956, 0.3530905 , 0.40047243, 0.2877411 ],
        [0.31800506, 0.43479145, 0.32774013, 0.35131976, 0.3566505 ,
         0.33654487, 0.35520723, 0.40249497, 0.289106  ],
        [0.31877235, 0.43762156, 0.32835507, 0.35376576, 0.35856068,
         0.33776802, 0.35578513, 0.40523857, 0.29001352],
        [0.31945494, 0.43953043, 0.3294674 , 0.3549425 , 0.3596182 ,
         0.33891982, 0.35619363, 0.4056061 , 0.29043674],
        [0.31996796, 0.4413674 , 0.3310169 , 0.3548919 , 0.35963342,
         0.3389963 , 0.35630396, 0.4065279 , 0.290712  ],
        [0.32080722, 0.44150838, 0.33321357, 0.35423338, 0.3602395 ,
         0.33964086, 0.35618633, 0.4066457 , 0.29147983],
        [0.32105866, 0.44137025, 0.3342872 , 0.35413715, 0.36072975,
         0.34050176, 0.35555932, 0.40792447, 0.29255667],
        [0.32058483, 0.44145414, 0.33561206, 0.35422608, 0.36211184,
         0.34225318, 0.3546717 , 0.40841767, 0.293686  ],
        [0.32025075, 0.44216153, 0.33511314, 0.3542178 , 0.36253273,
         0.34322453, 0.35436332, 0.40986606, 0.29500803],
        [0.3201235 , 0.44399962, 0.33371183, 0.3540154 , 0.3629165 ,
         0.3425291 , 0.35423625, 0.41199803, 0.29641035],
        [0.31957167, 0.4461272 , 0.33239746, 0.35404512, 0.36249897,
         0.3414558 , 0.35377684, 0.41336378, 0.29660013],
        [0.3195835 , 0.44855693, 0.32997647, 0.35382497, 0.36172998,
         0.3403903 , 0.35388103, 0.41396976, 0.29660568],
        [0.3196006 , 0.44954205, 0.32869598, 0.35368156, 0.36144686,
         0.34053984, 0.3540328 , 0.4145745 , 0.2953999 ],
        [0.31925407, 0.45049018, 0.32756937, 0.35344124, 0.36067066,
         0.34007695, 0.35469082, 0.41476932, 0.29528376],
        [0.3193808 , 0.45154974, 0.32555524, 0.35580838, 0.3604272 ,
         0.34058335, 0.35451266, 0.41474673, 0.29537842],
        [0.32031068, 0.45220116, 0.32362574, 0.35780117, 0.35985115,
         0.33941954, 0.35517725, 0.414554  , 0.29514208],
        [0.32169697, 0.45231533, 0.3218145 , 0.3594594 , 0.3591668 ,
         0.3398263 , 0.35619548, 0.41512573, 0.2948884 ],
        [0.32174838, 0.45264715, 0.32004282, 0.36096603, 0.35990283,
         0.3398736 , 0.35670778, 0.41657105, 0.29581282],
        [0.3209479 , 0.45195404, 0.31806663, 0.36179072, 0.36040744,
         0.3399595 , 0.3577149 , 0.41689253, 0.29617962],
        [0.32086706, 0.4519904 , 0.3169201 , 0.36257586, 0.36096618,
         0.33988515, 0.35775596, 0.4174476 , 0.2956998 ],
        [0.321168  , 0.4518194 , 0.3175843 , 0.36179513, 0.36193046,
         0.3392687 , 0.3569176 , 0.4181544 , 0.29498047],
        [0.3211087 , 0.45195588, 0.31899223, 0.35989782, 0.36186194,
         0.33798942, 0.356415  , 0.41781121, 0.2948734 ],
        [0.32122654, 0.45096734, 0.32084855, 0.35744616, 0.36206806,
         0.3372205 , 0.35627997, 0.41817403, 0.29362857],
        [0.32116663, 0.4489402 , 0.3231906 , 0.35563278, 0.36234033,
         0.33608764, 0.35667396, 0.41771245, 0.29430917],
        [0.3205504 , 0.4467953 , 0.32412556, 0.35485196, 0.36198163,
         0.33563152, 0.35660332, 0.41702032, 0.2950361 ]]], dtype=float32), array([[[0.28228447, 0.2814018 , 0.28132707, 0.28139263, 0.28117388,
         0.28106365, 0.28106174, 0.28158268, 0.28172985],
        [0.2858444 , 0.35055435, 0.29298303, 0.30333632, 0.2989781 ,
         0.29384288, 0.30655658, 0.32981965, 0.27316892],
        [0.29676676, 0.37559915, 0.30522102, 0.31859463, 0.3163577 ,
         0.30501246, 0.32090655, 0.35196623, 0.2819128 ],
        [0.30558607, 0.39308226, 0.31529373, 0.3287739 , 0.3291493 ,
         0.3146583 , 0.3319299 , 0.36717153, 0.28789195],
        [0.31092307, 0.4048761 , 0.32189938, 0.33595997, 0.33724642,
         0.32300085, 0.33882162, 0.37851512, 0.29107624],
        [0.3150353 , 0.4139182 , 0.3268272 , 0.34256595, 0.34298557,
         0.3284139 , 0.34387147, 0.38723415, 0.29504582],
        [0.3177666 , 0.42182538, 0.32836583, 0.34778625, 0.3467362 ,
         0.3322951 , 0.3476223 , 0.39336392, 0.2969552 ],
        [0.3203984 , 0.42728403, 0.33060622, 0.35149738, 0.3493179 ,
         0.3351329 , 0.34993184, 0.39967212, 0.29689246],
        [0.32229578, 0.43153065, 0.33128157, 0.35350567, 0.35297534,
         0.33766237, 0.3509416 , 0.405519  , 0.29592544],
        [0.3222055 , 0.4347356 , 0.3325664 , 0.3543985 , 0.35577598,
         0.34025496, 0.351397  , 0.40851635, 0.29546994],
        [0.32252026, 0.43797383, 0.33159715, 0.35524446, 0.35779056,
         0.3420206 , 0.35112557, 0.4108229 , 0.29613498],
        [0.32322618, 0.44050398, 0.33025232, 0.3553864 , 0.35936126,
         0.3430904 , 0.35108694, 0.41326606, 0.29644078],
        [0.32422182, 0.44279382, 0.32899246, 0.3550348 , 0.36125073,
         0.34296864, 0.35156167, 0.41562885, 0.29698223],
        [0.3246692 , 0.44503596, 0.328815  , 0.3542222 , 0.3626665 ,
         0.3439929 , 0.35187685, 0.4150592 , 0.29828206],
        [0.32557097, 0.4457272 , 0.3271301 , 0.35538825, 0.36361113,
         0.3451517 , 0.3516664 , 0.41590348, 0.30012792],
        [0.3258141 , 0.44543427, 0.32556912, 0.3559817 , 0.3641919 ,
         0.3451291 , 0.35271716, 0.4169838 , 0.30075023],
        [0.3263549 , 0.44539115, 0.3248249 , 0.35678467, 0.36488196,
         0.34505308, 0.35346416, 0.41882434, 0.30132717],
        [0.32640055, 0.4445541 , 0.32447445, 0.35719413, 0.36545247,
         0.3441511 , 0.35339665, 0.42087358, 0.30101386],
        [0.3256207 , 0.44630107, 0.32436928, 0.35920963, 0.36669832,
         0.34449995, 0.35261974, 0.42153656, 0.30095467],
        [0.32560122, 0.4493428 , 0.32411337, 0.36081272, 0.36764702,
         0.34518954, 0.35246095, 0.42167172, 0.3018983 ],
        [0.32621127, 0.45335963, 0.32314166, 0.36161086, 0.36805502,
         0.34438607, 0.35261476, 0.42104423, 0.30394426],
        [0.32580012, 0.45547685, 0.32207975, 0.36191398, 0.36841112,
         0.34471217, 0.35409695, 0.41957462, 0.3054098 ],
        [0.3254823 , 0.45643464, 0.32199398, 0.36188522, 0.3682523 ,
         0.34531504, 0.3567929 , 0.4180479 , 0.3054716 ],
        [0.3244966 , 0.45582652, 0.3220217 , 0.3612619 , 0.36784977,
         0.3456561 , 0.35767406, 0.41754484, 0.3050058 ],
        [0.32317287, 0.45349818, 0.32335216, 0.3610211 , 0.36660293,
         0.34471336, 0.35911325, 0.4164067 , 0.30444792],
        [0.32217503, 0.45268646, 0.3231825 , 0.36145192, 0.36450845,
         0.34419343, 0.35904753, 0.41538757, 0.30395576],
        [0.32229152, 0.45222318, 0.32308787, 0.36240706, 0.36348736,
         0.34526512, 0.3585124 , 0.4154207 , 0.30484328],
        [0.32257837, 0.45081067, 0.32286352, 0.36193648, 0.36289808,
         0.34619266, 0.35883176, 0.41555884, 0.30480576],
        [0.32324564, 0.44904563, 0.3225363 , 0.3606524 , 0.3622128 ,
         0.34592715, 0.35975382, 0.41513622, 0.3041602 ],
        [0.3217907 , 0.44890943, 0.32242227, 0.35938007, 0.36277297,
         0.34558254, 0.35980636, 0.41504437, 0.30443755],
        [0.32103682, 0.44749835, 0.3219306 , 0.35877138, 0.3624693 ,
         0.34467003, 0.36104378, 0.4163726 , 0.30362788],
        [0.32166138, 0.44746634, 0.32246378, 0.35984734, 0.3622769 ,
         0.34461984, 0.3615973 , 0.41690663, 0.30439615]]], dtype=float32), array([[[0.28113335, 0.28070194, 0.2816699 , 0.28046   , 0.28115997,
         0.28160486, 0.28045663, 0.28113094, 0.28202662],
        [0.28376308, 0.34920052, 0.29299402, 0.30288112, 0.29764357,
         0.29496524, 0.30572706, 0.32935333, 0.2736798 ],
        [0.29454684, 0.3753915 , 0.30409664, 0.31960744, 0.3140575 ,
         0.3068805 , 0.32033142, 0.35108992, 0.2823017 ],
        [0.30271128, 0.39573404, 0.31203687, 0.33141807, 0.32583266,
         0.31596312, 0.33060104, 0.36711797, 0.2893251 ],
        [0.30902386, 0.4103776 , 0.31747976, 0.33998063, 0.33493778,
         0.32222933, 0.33841255, 0.37913114, 0.29347306],
        [0.31313697, 0.42046267, 0.32165354, 0.3465124 , 0.34207457,
         0.32686087, 0.34456056, 0.38930017, 0.29509118],
        [0.31703356, 0.42793128, 0.32428864, 0.35046637, 0.3486927 ,
         0.33072558, 0.34853083, 0.39699203, 0.29481986],
        [0.32006583, 0.43155947, 0.32548732, 0.35283512, 0.35361484,
         0.33314475, 0.3505537 , 0.40340894, 0.29305515],
        [0.3229789 , 0.43470713, 0.32614478, 0.3545288 , 0.35793278,
         0.3341536 , 0.35094124, 0.40855134, 0.29297364],
        [0.32416287, 0.4376371 , 0.32611868, 0.35565838, 0.36207113,
         0.3349985 , 0.3512975 , 0.4128675 , 0.29261923],
        [0.3245528 , 0.44098237, 0.3255399 , 0.35698697, 0.36501384,
         0.33582273, 0.35299686, 0.41656476, 0.292545  ],
        [0.32512683, 0.44411975, 0.3244904 , 0.35770816, 0.36758843,
         0.33633232, 0.35495722, 0.4192381 , 0.2922126 ],
        [0.32593143, 0.4473766 , 0.32383376, 0.35944647, 0.36969134,
         0.33691522, 0.35582528, 0.42203888, 0.292133  ],
        [0.32607776, 0.44983667, 0.32353726, 0.36119685, 0.37123722,
         0.33827862, 0.3555595 , 0.42254397, 0.29286873],
        [0.32610267, 0.45088953, 0.32332525, 0.3620769 , 0.372131  ,
         0.33887187, 0.3565207 , 0.42172727, 0.2927532 ],
        [0.32551485, 0.45083213, 0.32408804, 0.36123052, 0.3730566 ,
         0.33952612, 0.35760614, 0.41965887, 0.29193556],
        [0.3248761 , 0.44985515, 0.32503873, 0.36074877, 0.3726806 ,
         0.3396523 , 0.358957  , 0.4173423 , 0.2917171 ],
        [0.3232509 , 0.44785392, 0.3264878 , 0.36049786, 0.37146324,
         0.3393574 , 0.36026776, 0.41611698, 0.29130238],
        [0.32321036, 0.44636902, 0.32739535, 0.36050424, 0.370495  ,
         0.3399799 , 0.36037642, 0.41558892, 0.29042965],
        [0.32429126, 0.44530472, 0.3302904 , 0.3598098 , 0.37039295,
         0.34185717, 0.36022362, 0.41363367, 0.28935528],
        [0.32450798, 0.44535127, 0.33251247, 0.35992485, 0.37050948,
         0.34270707, 0.3602025 , 0.41217273, 0.29014856],
        [0.32407364, 0.44643244, 0.33408692, 0.358513  , 0.37021255,
         0.34263468, 0.36069378, 0.4118344 , 0.290552  ],
        [0.32364509, 0.4466401 , 0.3340941 , 0.35782325, 0.36937892,
         0.3422699 , 0.35932595, 0.4121898 , 0.2916315 ],
        [0.3222578 , 0.44701847, 0.33394572, 0.35764313, 0.36870885,
         0.34151062, 0.3589847 , 0.41144854, 0.29304504],
        [0.3212698 , 0.44719008, 0.33315873, 0.3572462 , 0.3667565 ,
         0.34051624, 0.35840857, 0.4120446 , 0.29418305],
        [0.32081622, 0.44751972, 0.33176917, 0.3567342 , 0.36444685,
         0.33966762, 0.35763308, 0.41318062, 0.2949875 ],
        [0.3203368 , 0.44816375, 0.3304805 , 0.35634455, 0.36277574,
         0.33963236, 0.356892  , 0.413248  , 0.29676303],
        [0.32133672, 0.44895837, 0.329937  , 0.3579656 , 0.36203584,
         0.3404373 , 0.3561855 , 0.41379303, 0.298463  ],
        [0.32294127, 0.45091793, 0.32841504, 0.35971266, 0.36172792,
         0.3416437 , 0.35582379, 0.41547963, 0.29928052],
        [0.324472  , 0.45171595, 0.3276275 , 0.3608586 , 0.36265534,
         0.3433869 , 0.3562319 , 0.4166165 , 0.29920834],
        [0.32524917, 0.4531026 , 0.32686317, 0.3610361 , 0.36256364,
         0.3438486 , 0.35757056, 0.4163572 , 0.29947984],
        [0.3252207 , 0.45368704, 0.32727888, 0.3605779 , 0.36248663,
         0.34332073, 0.3583736 , 0.4159654 , 0.30056947]]], dtype=float32), array([[[0.2808976 , 0.2811474 , 0.2818084 , 0.28074598, 0.2810894 ,
         0.28087097, 0.28171185, 0.28109497, 0.28162965],
        [0.28329623, 0.35058093, 0.29311457, 0.30269414, 0.29782116,
         0.29587215, 0.3075949 , 0.32816467, 0.2724445 ],
        [0.29215005, 0.3768814 , 0.30326188, 0.31849012, 0.3153205 ,
         0.30976656, 0.32186773, 0.35030228, 0.28090706],
        [0.30040616, 0.39630303, 0.30988917, 0.3299162 , 0.32783535,
         0.3199216 , 0.33181423, 0.36736456, 0.28716552],
        [0.3061812 , 0.4115671 , 0.31358367, 0.33754814, 0.3370744 ,
         0.32585758, 0.3391174 , 0.3808271 , 0.29169327],
        [0.31008923, 0.42143983, 0.31627625, 0.34294188, 0.34449443,
         0.3304567 , 0.34424007, 0.39131   , 0.29395658],
        [0.31374088, 0.4280898 , 0.31813806, 0.3463455 , 0.35075608,
         0.33343652, 0.34814885, 0.3984938 , 0.29614344],
        [0.31735182, 0.43363318, 0.318607  , 0.34991446, 0.35519296,
         0.3357781 , 0.3493999 , 0.4050449 , 0.29788783],
        [0.32126728, 0.4379775 , 0.3189956 , 0.35261035, 0.3584316 ,
         0.3380829 , 0.3499191 , 0.40866795, 0.29830125],
        [0.3234357 , 0.43999353, 0.31907967, 0.35439214, 0.36086106,
         0.3397955 , 0.349625  , 0.41090268, 0.29799363],
        [0.32453886, 0.44060525, 0.3190014 , 0.35712346, 0.36188355,
         0.3410451 , 0.34963915, 0.41269335, 0.2979153 ],
        [0.32532328, 0.44167343, 0.31928504, 0.35975558, 0.36330676,
         0.34226182, 0.35083097, 0.41343376, 0.29757383],
        [0.32581586, 0.4425389 , 0.31961408, 0.36122522, 0.36478263,
         0.34192416, 0.3519542 , 0.41435578, 0.29776347],
        [0.32673934, 0.44411337, 0.31972712, 0.36277077, 0.3659726 ,
         0.34149924, 0.3528157 , 0.4162287 , 0.29790458],
        [0.32787782, 0.44641805, 0.31997898, 0.3631909 , 0.36661965,
         0.33967197, 0.35451448, 0.41744542, 0.29834446],
        [0.32864606, 0.44989935, 0.32058543, 0.36439568, 0.36547408,
         0.33997062, 0.35667193, 0.41892827, 0.299082  ],
        [0.3300574 , 0.45231315, 0.31982115, 0.36580968, 0.3638408 ,
         0.3403001 , 0.3571186 , 0.42003343, 0.29781237],
        [0.3319544 , 0.453628  , 0.3187116 , 0.3660124 , 0.36138186,
         0.34044695, 0.35772374, 0.4207213 , 0.2963319 ],
        [0.33350644, 0.45408553, 0.31855148, 0.3650363 , 0.36037418,
         0.3403312 , 0.35783815, 0.42282447, 0.295269  ],
        [0.3352589 , 0.4534757 , 0.3195074 , 0.36501476, 0.36012828,
         0.33968273, 0.35809603, 0.42367512, 0.29494   ],
        [0.3347264 , 0.4547575 , 0.32016438, 0.36420873, 0.3612767 ,
         0.33919093, 0.35719386, 0.42328393, 0.29578024],
        [0.33329496, 0.45364994, 0.32109696, 0.36330506, 0.36326513,
         0.33778635, 0.3568751 , 0.42284867, 0.29657656],
        [0.33064005, 0.4528802 , 0.32184514, 0.36305308, 0.3650559 ,
         0.33751214, 0.35682532, 0.4213168 , 0.29932606],
        [0.3288221 , 0.45144346, 0.32300675, 0.36310852, 0.3660704 ,
         0.33692315, 0.35708377, 0.41951936, 0.3000598 ],
        [0.32741815, 0.44998306, 0.32363737, 0.3630458 , 0.36650944,
         0.33668512, 0.35655323, 0.41829485, 0.30069327],
        [0.3268044 , 0.4496462 , 0.32361978, 0.36294165, 0.36666784,
         0.33618587, 0.356234  , 0.4169518 , 0.30211562],
        [0.32639417, 0.44864222, 0.3243378 , 0.36197183, 0.3669444 ,
         0.33519644, 0.35678563, 0.41749382, 0.3015548 ],
        [0.32600474, 0.44892743, 0.32467866, 0.36096898, 0.36733687,
         0.33494386, 0.35627812, 0.41649562, 0.30179146],
        [0.32596284, 0.44976202, 0.3247991 , 0.36100814, 0.36700895,
         0.3358876 , 0.3557906 , 0.41649833, 0.30218792],
        [0.325553  , 0.45152807, 0.32549357, 0.36016858, 0.3663215 ,
         0.33647043, 0.35594845, 0.4152448 , 0.30203673],
        [0.32612982, 0.4538245 , 0.32665327, 0.35990092, 0.36649492,
         0.3375905 , 0.3554222 , 0.41342813, 0.30288824],
        [0.32660457, 0.45501792, 0.3272459 , 0.3596161 , 0.36565465,
         0.33865154, 0.35493794, 0.41267127, 0.30239955]]], dtype=float32), array([[[0.28118932, 0.28078428, 0.2816502 , 0.2809888 , 0.28116074,
         0.28172666, 0.28140455, 0.281342  , 0.28126767],
        [0.28435636, 0.3497704 , 0.29441354, 0.30381927, 0.29805887,
         0.29554197, 0.30786243, 0.329358  , 0.27353173],
        [0.29486766, 0.37516665, 0.30623633, 0.32047835, 0.31516033,
         0.30910966, 0.32350823, 0.35079598, 0.28163776],
        [0.30306634, 0.39296982, 0.31487954, 0.3322052 , 0.32768655,
         0.31802055, 0.3351018 , 0.3666887 , 0.28755116],
        [0.3083124 , 0.4068306 , 0.31865385, 0.34044984, 0.33717358,
         0.32297006, 0.3431983 , 0.37921825, 0.29154536],
        [0.31183293, 0.4163722 , 0.3217964 , 0.3451373 , 0.34393167,
         0.32657498, 0.34889156, 0.38769007, 0.2941807 ],
        [0.31482163, 0.42480993, 0.32325384, 0.34869447, 0.34928343,
         0.33086026, 0.35256162, 0.39321166, 0.29657403],
        [0.31743667, 0.4307908 , 0.3238707 , 0.35155123, 0.35333568,
         0.3338787 , 0.354754  , 0.39762795, 0.29791877],
        [0.31991312, 0.43417573, 0.32280076, 0.3537955 , 0.35579225,
         0.33650166, 0.3561468 , 0.401354  , 0.29838714],
        [0.32123008, 0.43542382, 0.32244617, 0.35502386, 0.3572228 ,
         0.33875334, 0.35902584, 0.40308025, 0.29855692],
        [0.32239658, 0.4352537 , 0.32430604, 0.35663554, 0.3576332 ,
         0.34083733, 0.3619877 , 0.40453988, 0.29662728],
        [0.32401413, 0.43760395, 0.3255266 , 0.35818112, 0.3583796 ,
         0.34126472, 0.36207223, 0.40657726, 0.29647076],
        [0.32415208, 0.44048148, 0.32575774, 0.35915658, 0.3595541 ,
         0.34264666, 0.36163846, 0.40824136, 0.2963257 ],
        [0.32486305, 0.44325653, 0.32567495, 0.35970438, 0.36111203,
         0.34334603, 0.36099434, 0.40974462, 0.2965517 ],
        [0.3250813 , 0.4455671 , 0.3261681 , 0.3595122 , 0.36299342,
         0.34403804, 0.35978535, 0.41055787, 0.29680777],
        [0.32515484, 0.4483238 , 0.32656735, 0.35979998, 0.36535546,
         0.34645134, 0.35806754, 0.41254362, 0.29776728],
        [0.32556015, 0.45131132, 0.3260533 , 0.36029056, 0.36652464,
         0.34691924, 0.3571772 , 0.41341767, 0.297694  ],
        [0.3265004 , 0.4519318 , 0.32653612, 0.36121303, 0.36654603,
         0.34759453, 0.35686132, 0.41238812, 0.29714522],
        [0.3271777 , 0.45134714, 0.3278617 , 0.36193478, 0.3666845 ,
         0.34681997, 0.3568007 , 0.4128424 , 0.29668152],
        [0.32705256, 0.4499029 , 0.32804713, 0.36182737, 0.3662954 ,
         0.34572574, 0.35674554, 0.41237223, 0.29697958],
        [0.3268021 , 0.44789314, 0.32902238, 0.361273  , 0.36632183,
         0.34357736, 0.35646284, 0.4125229 , 0.29792872],
        [0.3265613 , 0.4455237 , 0.32978556, 0.3611853 , 0.36558452,
         0.34208205, 0.35609028, 0.41454962, 0.29772383],
        [0.3265658 , 0.44340244, 0.32961765, 0.3617787 , 0.36513117,
         0.34191823, 0.35339606, 0.41620544, 0.29678404],
        [0.32638758, 0.4438021 , 0.32996997, 0.36227822, 0.36506206,
         0.34140682, 0.3516111 , 0.41701558, 0.29678383],
        [0.32592636, 0.44353524, 0.3303194 , 0.3631083 , 0.36498794,
         0.34119523, 0.35186693, 0.4181969 , 0.29818425],
        [0.32604805, 0.44406542, 0.33055353, 0.36265483, 0.36548603,
         0.34128144, 0.35199636, 0.41756403, 0.29919916],
        [0.32581094, 0.44568667, 0.32995647, 0.36194053, 0.36639974,
         0.34041008, 0.35187304, 0.41899884, 0.2997396 ],
        [0.32629484, 0.44750643, 0.32941285, 0.3613685 , 0.36663622,
         0.33940506, 0.35155252, 0.4183797 , 0.29945374],
        [0.32667446, 0.44853595, 0.3288516 , 0.36211613, 0.36604184,
         0.33947545, 0.35150632, 0.4197082 , 0.29829365],
        [0.32628977, 0.44979993, 0.3280666 , 0.36229876, 0.36601317,
         0.33981642, 0.35089317, 0.41927594, 0.29818222],
        [0.32672954, 0.44986752, 0.3268928 , 0.36214617, 0.3654164 ,
         0.33920196, 0.3514208 , 0.41850057, 0.2978454 ],
        [0.32716832, 0.45065972, 0.32578582, 0.36164096, 0.36530542,
         0.338805  , 0.3530118 , 0.41812834, 0.29709876]]], dtype=float32)]