tf.Tensor(
[[[0.28099775 0.28074557 0.28161553 0.281505   0.2808979  0.283742
   0.281106   0.27975714 0.28036922]
  [0.28404078 0.3489397  0.29475492 0.3042937  0.29803994 0.29910883
   0.30691737 0.3272608  0.27277473]
  [0.29469946 0.37406787 0.30790386 0.32030943 0.31602234 0.31340995
   0.3212835  0.34804183 0.2821263 ]
  [0.3026179  0.3922922  0.31872487 0.3309558  0.33013213 0.32543677
   0.3316459  0.3617971  0.2884184 ]
  [0.30837506 0.40584034 0.3258458  0.33881247 0.34050605 0.33554208
   0.33686697 0.37329796 0.29162267]
  [0.31233025 0.41612712 0.32934397 0.34416494 0.34845132 0.3425734
   0.34137326 0.383444   0.29211584]
  [0.31589884 0.42379785 0.3317455  0.34877998 0.35407832 0.34592196
   0.34497848 0.390667   0.29261813]
  [0.31763455 0.42853057 0.33223417 0.35169852 0.3576396  0.34772468
   0.34679222 0.39623836 0.29361308]
  [0.31800407 0.433023   0.3322878  0.35429272 0.36088663 0.3492067
   0.3483539  0.40169382 0.2948674 ]
  [0.3190486  0.4373079  0.33332306 0.35558668 0.36403292 0.348986
   0.348849   0.40605137 0.29582265]
  [0.31968614 0.4400597  0.3335198  0.3560748  0.36603364 0.34772405
   0.34875518 0.40923783 0.29646674]
  [0.31952253 0.44306162 0.33289436 0.35686478 0.36803785 0.34720954
   0.34928522 0.4126651  0.29721117]
  [0.31918898 0.44443014 0.33287507 0.3582615  0.3692412  0.34764934
   0.35040668 0.41432694 0.29788864]
  [0.31876606 0.4449304  0.33305147 0.3597943  0.36929053 0.34669715
   0.35117084 0.41515988 0.29909474]
  [0.32033652 0.44491807 0.33232158 0.36172867 0.36945108 0.3475397
   0.3507396  0.41634595 0.29970202]
  [0.32155237 0.44389346 0.3313623  0.36247483 0.3700032  0.34844393
   0.3518491  0.4185871  0.30090255]
  [0.3216316  0.44253916 0.33028895 0.36380595 0.3691633  0.34826836
   0.35419154 0.4203522  0.30136117]
  [0.32213476 0.44120377 0.32874587 0.36529064 0.36793888 0.34624186
   0.3564243  0.42077377 0.30160183]
  [0.3212695  0.4408983  0.32743397 0.36548093 0.3671163  0.3437839
   0.35723966 0.4209789  0.30197805]
  [0.32134777 0.44222543 0.32586104 0.36512145 0.36728442 0.34123084
   0.35796943 0.42212725 0.30245966]
  [0.3215295  0.44315377 0.32500026 0.3651442  0.36700132 0.33920422
   0.35850117 0.4220289  0.30328035]
  [0.32207572 0.4453014  0.32350135 0.36558628 0.3667103  0.33890483
   0.35851687 0.42250454 0.30346525]
  [0.32217392 0.44582817 0.32316658 0.36633754 0.36667702 0.33980078
   0.35935336 0.4221678  0.3020499 ]
  [0.32361487 0.446131   0.32193258 0.36549118 0.36735624 0.34030417
   0.36008945 0.42035347 0.30080703]
  [0.3242067  0.44556168 0.32293457 0.363929   0.36732236 0.34105504
   0.36069712 0.41874778 0.29928777]
  [0.32347274 0.44611466 0.3240595  0.36146754 0.36780983 0.34091425
   0.36057135 0.4186359  0.29768285]
  [0.32348034 0.4459056  0.3249955  0.36035728 0.36702248 0.3415061
   0.36023045 0.41731697 0.2975603 ]
  [0.32439578 0.44683138 0.32584023 0.35871425 0.3657907  0.3412634
   0.3598976  0.4163903  0.29846767]
  [0.3245495  0.44577768 0.3282783  0.35759404 0.3642874  0.34139407
   0.35922655 0.41473064 0.29927957]
  [0.32475576 0.44402853 0.33061725 0.35828152 0.36271104 0.3420525
   0.3583148  0.41458297 0.30022112]
  [0.3251715  0.4439459  0.33190352 0.35906747 0.36064413 0.34320888
   0.3560459  0.4147182  0.30106294]
  [0.32427165 0.4442762  0.33272722 0.35878208 0.3586164  0.34450445
   0.35507426 0.41448477 0.3004963 ]]], shape=(1, 32, 9), dtype=float32)