[array([[[7.26708412e-01, 1.06100738e-02, 1.39958903e-01, 9.72350221e-03,
         3.21055274e-03, 6.93873595e-03, 3.95421218e-03, 1.63123605e-03,
         6.97275579e-01],
        [8.79357994e-01, 1.35447327e-02, 2.92062527e-03, 1.03992375e-03,
         8.94788769e-04, 2.30178516e-03, 1.16196672e-04, 1.33709749e-04,
         8.33847702e-01],
        [9.51941490e-01, 2.32235119e-01, 2.91499100e-03, 8.43608228e-04,
         4.75193316e-04, 3.01023305e-04, 3.03222769e-05, 2.50902631e-05,
         8.27781022e-01],
        [9.81756389e-01, 3.69928449e-01, 4.41088900e-03, 9.44607949e-04,
         3.82773927e-04, 1.91557454e-04, 2.52965638e-05, 1.68912138e-05,
         7.19868124e-01],
        [9.93202806e-01, 4.36845034e-01, 6.95352117e-03, 1.30398327e-03,
         3.58202204e-04, 1.74624234e-04, 2.29291927e-05, 2.31573395e-05,
         5.09747982e-01],
        [9.97483432e-01, 4.66509908e-01, 8.39070696e-03, 1.65695604e-03,
         3.10059026e-04, 1.37794559e-04, 2.07838348e-05, 2.93449975e-05,
         3.28432828e-01],
        [9.99069095e-01, 4.77686077e-01, 7.65408156e-03, 2.07274919e-03,
         2.92237819e-04, 1.08540946e-04, 2.03907803e-05, 3.83115112e-05,
         1.82136297e-01],
        [9.99654055e-01, 4.83453423e-01, 6.52649580e-03, 2.60439608e-03,
         2.80998705e-04, 8.05076634e-05, 2.08868896e-05, 4.97982874e-05,
         6.96290508e-02],
        [9.99868989e-01, 4.86410439e-01, 6.12014020e-03, 3.12232412e-03,
         2.58442131e-04, 5.27012671e-05, 2.14444426e-05, 5.27336924e-05,
         2.93924008e-02],
        [9.99948382e-01, 4.83855754e-01, 5.65632386e-03, 3.10584251e-03,
         4.29458742e-04, 7.92335632e-05, 2.72402758e-05, 6.92344402e-05,
         2.74875835e-02],
        [9.99981880e-01, 2.97800273e-01, 2.51832651e-03, 7.59129878e-04,
         5.36174048e-04, 1.78843722e-04, 1.55817452e-05, 5.46199590e-05,
         3.72082949e-01],
        [9.99993384e-01, 9.77545306e-02, 1.11305085e-03, 3.57422454e-04,
         2.21317372e-04, 1.63707664e-04, 1.61033331e-05, 3.00552001e-05,
         8.73570025e-01],
        [9.99997318e-01, 2.42793396e-01, 1.59373169e-03, 4.52943990e-04,
         2.28876743e-04, 1.39136857e-04, 1.78949449e-05, 1.66693371e-05,
         8.72512698e-01],
        [9.99998569e-01, 3.61202121e-01, 3.13585298e-03, 7.34572939e-04,
         2.84417969e-04, 1.52856315e-04, 2.10107410e-05, 1.38774758e-05,
         7.86728978e-01],
        [9.99998987e-01, 4.22222555e-01, 4.90755215e-03, 1.11026689e-03,
         3.02842644e-04, 1.40096148e-04, 2.12418963e-05, 1.57214181e-05,
         6.21427894e-01],
        [9.99998927e-01, 4.53426570e-01, 6.73898077e-03, 1.49280881e-03,
         3.10552889e-04, 1.37052688e-04, 1.98286980e-05, 2.20315978e-05,
         4.59757000e-01],
        [9.99998629e-01, 4.70020056e-01, 7.53534446e-03, 1.75427680e-03,
         2.92092125e-04, 1.19723190e-04, 1.84352557e-05, 2.91564465e-05,
         3.04701537e-01],
        [9.99998331e-01, 4.78205085e-01, 7.01293722e-03, 1.90002681e-03,
         2.79139873e-04, 9.93527501e-05, 1.73422159e-05, 3.80188249e-05,
         1.67680353e-01],
        [9.99997854e-01, 4.82639015e-01, 6.27774699e-03, 2.25565210e-03,
         2.81071290e-04, 8.42104128e-05, 1.78229711e-05, 4.80129820e-05,
         8.42998251e-02],
        [9.99996960e-01, 4.85880852e-01, 5.94556378e-03, 2.79881130e-03,
         2.61942856e-04, 6.14888631e-05, 1.84676264e-05, 5.09843776e-05,
         4.05950695e-02],
        [9.99995232e-01, 4.87766474e-01, 5.85287903e-03, 3.31010856e-03,
         2.37687855e-04, 4.24009813e-05, 1.98495363e-05, 4.74326953e-05,
         2.27113590e-02],
        [9.99995530e-01, 4.84170347e-01, 5.25703002e-03, 2.95627047e-03,
         4.39720665e-04, 7.83037685e-05, 2.50007633e-05, 6.51211740e-05,
         2.62966659e-02],
        [9.99999285e-01, 2.97767907e-01, 2.36579310e-03, 7.32247543e-04,
         5.16142230e-04, 1.76115849e-04, 1.49343587e-05, 5.18334818e-05,
         3.74662489e-01],
        [9.99999642e-01, 1.17100805e-01, 1.06860884e-03, 3.70477617e-04,
         2.48302124e-04, 1.55682268e-04, 1.45130116e-05, 3.44068794e-05,
         8.37769687e-01],
        [9.99999642e-01, 2.69758195e-01, 1.52193871e-03, 4.49149753e-04,
         2.30785881e-04, 1.26431827e-04, 1.66759055e-05, 1.97784448e-05,
         8.02982926e-01],
        [9.99999404e-01, 3.79787236e-01, 3.05077294e-03, 7.44845078e-04,
         2.70146207e-04, 1.40310265e-04, 1.99829119e-05, 1.63638688e-05,
         6.97552443e-01],
        [9.99999225e-01, 4.31615591e-01, 4.69846046e-03, 1.12294068e-03,
         2.89415068e-04, 1.29348962e-04, 1.97504014e-05, 1.86682446e-05,
         5.20954013e-01],
        [9.99998987e-01, 4.58720982e-01, 6.12514326e-03, 1.47995015e-03,
         2.93717079e-04, 1.20414996e-04, 1.79018680e-05, 2.74652539e-05,
         3.32762390e-01],
        [9.99998689e-01, 4.73188668e-01, 6.77421736e-03, 1.75737357e-03,
         2.81438493e-04, 1.06142936e-04, 1.65464189e-05, 3.57120807e-05,
         2.05705941e-01],
        [9.99998271e-01, 4.79733109e-01, 6.62602251e-03, 1.97042106e-03,
         2.72445322e-04, 9.36440192e-05, 1.63934219e-05, 4.19630560e-05,
         1.31677240e-01],
        [9.99997795e-01, 4.83394206e-01, 6.17453596e-03, 2.32474273e-03,
         2.68694945e-04, 8.11796417e-05, 1.73590779e-05, 4.86986937e-05,
         7.55667090e-02],
        [9.99996901e-01, 4.86342281e-01, 5.88503014e-03, 2.84070289e-03,
         2.44612718e-04, 5.87874529e-05, 1.77423753e-05, 4.95530949e-05,
         3.75117622e-02]]], dtype=float32), array([[[2.67345225e-03, 2.92601110e-03, 5.04191127e-03, 2.33007348e-04,
         5.95363963e-04, 3.55841802e-03, 6.53992756e-04, 8.02336447e-03,
         1.99971143e-02],
        [2.95808568e-04, 2.94550118e-04, 3.61063954e-04, 4.57316946e-06,
         4.34366484e-07, 2.52372934e-06, 4.90523280e-06, 3.64235166e-05,
         5.22351980e-01],
        [1.78302696e-04, 2.09393475e-04, 2.70944467e-04, 1.90365381e-06,
         1.31453504e-07, 7.08723064e-07, 3.15539933e-06, 2.47143616e-05,
         6.15059197e-01],
        [1.59788993e-04, 1.78859584e-04, 2.28653764e-04, 1.88750494e-06,
         1.11785305e-07, 5.90745060e-07, 2.84083148e-06, 2.53207618e-05,
         7.18825161e-01],
        [1.61248186e-04, 1.72811531e-04, 2.13343534e-04, 1.84402870e-06,
         1.01200555e-07, 5.38018526e-07, 2.78206448e-06, 2.47218286e-05,
         8.07100415e-01],
        [1.62320692e-04, 1.71198335e-04, 2.05774501e-04, 1.80573716e-06,
         9.66140519e-08, 5.15316970e-07, 2.79809547e-06, 2.42260994e-05,
         8.73294115e-01],
        [1.62857046e-04, 1.70785788e-04, 2.02061885e-04, 1.78063522e-06,
         9.45473317e-08, 5.04166110e-07, 2.81626490e-06, 2.37154418e-05,
         9.19001400e-01],
        [1.62946424e-04, 1.70522428e-04, 1.99832168e-04, 1.76631647e-06,
         9.35027842e-08, 4.97684539e-07, 2.82849464e-06, 2.33001010e-05,
         9.49041128e-01],
        [1.62231052e-04, 1.70696730e-04, 1.98769980e-04, 1.75790547e-06,
         9.27909838e-08, 4.94235508e-07, 2.85489273e-06, 2.31864087e-05,
         9.68306899e-01],
        [1.61888282e-04, 1.70769810e-04, 1.98008172e-04, 1.75561013e-06,
         9.24034893e-08, 4.92024242e-07, 2.86793716e-06, 2.30345886e-05,
         9.80398536e-01],
        [1.61694508e-04, 1.70829080e-04, 1.97603978e-04, 1.75647585e-06,
         9.21281611e-08, 4.90548871e-07, 2.87783973e-06, 2.29279030e-05,
         9.87905920e-01],
        [1.61634889e-04, 1.70784493e-04, 1.97215573e-04, 1.75908337e-06,
         9.19762044e-08, 4.89460490e-07, 2.88308865e-06, 2.28347835e-05,
         9.92537439e-01],
        [1.61679593e-04, 1.70830303e-04, 1.97075875e-04, 1.76245146e-06,
         9.18732823e-08, 4.88929118e-07, 2.88538035e-06, 2.27334785e-05,
         9.95385706e-01],
        [1.61873351e-04, 1.70876257e-04, 1.97056303e-04, 1.76538413e-06,
         9.17531509e-08, 4.88226931e-07, 2.88571050e-06, 2.26386346e-05,
         9.97135937e-01],
        [1.61560383e-04, 1.70920423e-04, 1.96985289e-04, 1.76824892e-06,
         9.17084435e-08, 4.88192484e-07, 2.89444733e-06, 2.26695047e-05,
         9.98214245e-01],
        [1.61649790e-04, 1.70965519e-04, 1.97039495e-04, 1.77138816e-06,
         9.16799365e-08, 4.87996033e-07, 2.89657032e-06, 2.26254488e-05,
         9.98877347e-01],
        [1.61307005e-04, 1.71054227e-04, 1.96985347e-04, 1.77344612e-06,
         9.16330833e-08, 4.87936518e-07, 2.90239313e-06, 2.26545162e-05,
         9.99286234e-01],
        [1.61202697e-04, 1.71098640e-04, 1.97010479e-04, 1.77575316e-06,
         9.15937690e-08, 4.87808563e-07, 2.90538605e-06, 2.26515785e-05,
         9.99538064e-01],
        [1.61068543e-04, 1.71262334e-04, 1.97149246e-04, 1.77682011e-06,
         9.15350924e-08, 4.87709940e-07, 2.90944217e-06, 2.26637003e-05,
         9.99693811e-01],
        [1.61023840e-04, 1.71276930e-04, 1.97203553e-04, 1.77823858e-06,
         9.15116942e-08, 4.87550892e-07, 2.91166521e-06, 2.26574120e-05,
         9.99789834e-01],
        [1.61202668e-04, 1.71128660e-04, 1.97007423e-04, 1.78101516e-06,
         9.15774407e-08, 4.87742000e-07, 2.90716366e-06, 2.26025295e-05,
         9.99849081e-01],
        [1.61038741e-04, 1.71292530e-04, 1.97077607e-04, 1.78111202e-06,
         9.15295928e-08, 4.87577381e-07, 2.91165588e-06, 2.26237062e-05,
         9.99886036e-01],
        [1.61143063e-04, 1.71203443e-04, 1.97090762e-04, 1.78273274e-06,
         9.15528986e-08, 4.87447664e-07, 2.90891330e-06, 2.25810909e-05,
         9.99908686e-01],
        [1.61366625e-04, 1.71188949e-04, 1.97119283e-04, 1.78302184e-06,
         9.15394551e-08, 4.87330567e-07, 2.90832622e-06, 2.25598887e-05,
         9.99922991e-01],
        [1.61366625e-04, 1.71174863e-04, 1.97017202e-04, 1.78399500e-06,
         9.15868696e-08, 4.87537875e-07, 2.90529647e-06, 2.25228505e-05,
         9.99931693e-01],
        [1.61128162e-04, 1.71233900e-04, 1.97102738e-04, 1.78423193e-06,
         9.15521170e-08, 4.87502518e-07, 2.90920843e-06, 2.25620643e-05,
         9.99937415e-01],
        [1.61143063e-04, 1.71278531e-04, 1.97204048e-04, 1.78473238e-06,
         9.15409402e-08, 4.87446300e-07, 2.91045376e-06, 2.25588792e-05,
         9.99940872e-01],
        [1.60994037e-04, 1.71322754e-04, 1.97210917e-04, 1.78492576e-06,
         9.15323000e-08, 4.87390992e-07, 2.91216406e-06, 2.25782496e-05,
         9.99942958e-01],
        [1.60979136e-04, 1.71381966e-04, 1.97280853e-04, 1.78448443e-06,
         9.14976468e-08, 4.87337957e-07, 2.91372680e-06, 2.25894055e-05,
         9.99944448e-01],
        [1.61038741e-04, 1.71352498e-04, 1.97166388e-04, 1.78529126e-06,
         9.15291594e-08, 4.87344494e-07, 2.91039055e-06, 2.25579097e-05,
         9.99945283e-01],
        [1.61038741e-04, 1.71337801e-04, 1.97167523e-04, 1.78576329e-06,
         9.15523799e-08, 4.87309137e-07, 2.90990056e-06, 2.25476288e-05,
         9.99945641e-01],
        [1.61143063e-04, 1.71368141e-04, 1.97212561e-04, 1.78588709e-06,
         9.15385812e-08, 4.87313343e-07, 2.90782236e-06, 2.25225485e-05,
         9.99946117e-01]]], dtype=float32), array([[[4.90299642e-01, 1.19513767e-04, 1.81335192e-02, 3.58097896e-04,
         3.77794611e-03, 1.54617112e-02, 8.36082036e-04, 6.58657751e-04,
         3.31972151e-05],
        [5.00084221e-01, 7.39107127e-05, 7.42600337e-02, 3.23971217e-05,
         5.25173164e-05, 2.50846671e-04, 5.85773960e-05, 1.49193656e-05,
         1.79687340e-05],
        [5.00022829e-01, 7.78342801e-05, 1.06117517e-01, 2.80377353e-05,
         3.91229332e-05, 1.71512656e-04, 4.30627115e-05, 7.92633818e-06,
         2.25255299e-05],
        [4.99968737e-01, 7.54770881e-05, 1.10104427e-01, 2.80452368e-05,
         3.78888399e-05, 1.67534017e-04, 4.00316640e-05, 7.23490803e-06,
         2.18890909e-05],
        [4.99951750e-01, 7.60676339e-05, 1.10679805e-01, 2.82171295e-05,
         3.79130215e-05, 1.67191291e-04, 3.95699171e-05, 7.25386462e-06,
         2.18377572e-05],
        [4.99946654e-01, 7.65213263e-05, 1.10730879e-01, 2.83310801e-05,
         3.80190722e-05, 1.67414808e-04, 3.95100833e-05, 7.30932697e-06,
         2.18387577e-05],
        [4.99945134e-01, 7.67588645e-05, 1.10711567e-01, 2.84128637e-05,
         3.80796337e-05, 1.67504215e-04, 3.95001116e-05, 7.34302148e-06,
         2.18465866e-05],
        [4.99944687e-01, 7.68666141e-05, 1.10694423e-01, 2.84657544e-05,
         3.81116770e-05, 1.67578721e-04, 3.95000607e-05, 7.36071252e-06,
         2.18504829e-05],
        [4.99944597e-01, 7.69056569e-05, 1.10689163e-01, 2.84974631e-05,
         3.81250575e-05, 1.67548918e-04, 3.95010793e-05, 7.36895845e-06,
         2.18513997e-05],
        [4.99944508e-01, 7.69310791e-05, 1.10686697e-01, 2.85209298e-05,
         3.81251666e-05, 1.67534017e-04, 3.94949311e-05, 7.37264872e-06,
         2.18540263e-05],
        [4.99944478e-01, 7.69349354e-05, 1.10681675e-01, 2.85379501e-05,
         3.81436403e-05, 1.67638325e-04, 3.95079842e-05, 7.37693290e-06,
         2.18491914e-05],
        [4.99944478e-01, 7.69339094e-05, 1.10683605e-01, 2.85486767e-05,
         3.81428035e-05, 1.67638325e-04, 3.95064308e-05, 7.37796699e-06,
         2.18479618e-05],
        [4.99944448e-01, 7.69387116e-05, 1.10691383e-01, 2.85504066e-05,
         3.81388381e-05, 1.67593622e-04, 3.95016432e-05, 7.37643313e-06,
         2.18493169e-05],
        [4.99944538e-01, 7.69444814e-05, 1.10691562e-01, 2.85556707e-05,
         3.81345817e-05, 1.67578721e-04, 3.94985145e-05, 7.37629398e-06,
         2.18507557e-05],
        [4.99944448e-01, 7.69374819e-05, 1.10691659e-01, 2.85584447e-05,
         3.81414939e-05, 1.67623424e-04, 3.95055504e-05, 7.37707796e-06,
         2.18476707e-05],
        [4.99944478e-01, 7.69411781e-05, 1.10678665e-01, 2.85672922e-05,
         3.81468781e-05, 1.67638325e-04, 3.95103343e-05, 7.37887649e-06,
         2.18467540e-05],
        [4.99944478e-01, 7.69433100e-05, 1.10673487e-01, 2.85713922e-05,
         3.81502978e-05, 1.67653227e-04, 3.95130446e-05, 7.38005156e-06,
         2.18452551e-05],
        [4.99944538e-01, 7.69471226e-05, 1.10678643e-01, 2.85708411e-05,
         3.81413847e-05, 1.67563820e-04, 3.95056268e-05, 7.37919117e-06,
         2.18470450e-05],
        [4.99944508e-01, 7.69539474e-05, 1.10670395e-01, 2.85757815e-05,
         3.81397840e-05, 1.67563820e-04, 3.95048410e-05, 7.37963956e-06,
         2.18485475e-05],
        [4.99944478e-01, 7.69437465e-05, 1.10674582e-01, 2.85726201e-05,
         3.81433856e-05, 1.67623424e-04, 3.95086790e-05, 7.37989558e-06,
         2.18450259e-05],
        [4.99944478e-01, 7.69447724e-05, 1.10683165e-01, 2.85690803e-05,
         3.81369100e-05, 1.67578721e-04, 3.95028765e-05, 7.37849905e-06,
         2.18458172e-05],
        [4.99944478e-01, 7.69473409e-05, 1.10679805e-01, 2.85704064e-05,
         3.81385471e-05, 1.67578721e-04, 3.95040843e-05, 7.37885193e-06,
         2.18455243e-05],
        [4.99944419e-01, 7.69438921e-05, 1.10672578e-01, 2.85720671e-05,
         3.81485152e-05, 1.67638325e-04, 3.95120587e-05, 7.38000472e-06,
         2.18421301e-05],
        [4.99944478e-01, 7.69433100e-05, 1.10679291e-01, 2.85686492e-05,
         3.81424761e-05, 1.67623424e-04, 3.95075404e-05, 7.37909386e-06,
         2.18428377e-05],
        [4.99944478e-01, 7.69530670e-05, 1.10671915e-01, 2.85719962e-05,
         3.81371283e-05, 1.67548918e-04, 3.95037787e-05, 7.37939217e-06,
         2.18454406e-05],
        [4.99944538e-01, 7.69504986e-05, 1.10672824e-01, 2.85702390e-05,
         3.81384743e-05, 1.67593622e-04, 3.95047937e-05, 7.37930895e-06,
         2.18440036e-05],
        [4.99944478e-01, 7.69459512e-05, 1.10673532e-01, 2.85690567e-05,
         3.81415666e-05, 1.67593622e-04, 3.95079514e-05, 7.37955634e-06,
         2.18421083e-05],
        [4.99944478e-01, 7.69471226e-05, 1.10679284e-01, 2.85666683e-05,
         3.81404752e-05, 1.67593622e-04, 3.95063362e-05, 7.37924847e-06,
         2.18416499e-05],
        [4.99944538e-01, 7.69509352e-05, 1.10679843e-01, 2.85647111e-05,
         3.81326936e-05, 1.67563820e-04, 3.95017851e-05, 7.37858772e-06,
         2.18437126e-05],
        [4.99944538e-01, 7.69459512e-05, 1.10682033e-01, 2.85627302e-05,
         3.81391656e-05, 1.67563820e-04, 3.95061834e-05, 7.37882010e-06,
         2.18406713e-05],
        [4.99944478e-01, 7.69460239e-05, 1.10680915e-01, 2.85637398e-05,
         3.81414939e-05, 1.67623424e-04, 3.95078423e-05, 7.37910977e-06,
         2.18398163e-05],
        [4.99944478e-01, 7.69474136e-05, 1.10677823e-01, 2.85642273e-05,
         3.81412028e-05, 1.67593622e-04, 3.95080242e-05, 7.37963046e-06,
         2.18395671e-05]]], dtype=float32), array([[[7.27440834e-01, 3.07989831e-04, 4.97042894e-01, 4.66294041e-05,
         5.00775397e-01, 5.00370562e-01, 2.32812235e-04, 1.43356447e-04,
         8.59797074e-05],
        [5.01417041e-01, 1.04909559e-04, 4.97752607e-01, 3.63034378e-05,
         4.99995738e-01, 4.99964952e-01, 1.03475613e-04, 2.15811342e-05,
         3.21574589e-05],
        [4.99850243e-01, 1.09945839e-04, 4.98571336e-01, 3.49563961e-05,
         4.99991894e-01, 4.99965370e-01, 9.00923696e-05, 1.18851340e-05,
         4.14601491e-05],
        [4.99832124e-01, 1.10285706e-04, 4.98711735e-01, 3.56790115e-05,
         4.99992132e-01, 4.99968529e-01, 8.58200583e-05, 1.11009940e-05,
         3.99704404e-05],
        [4.99831468e-01, 1.11446920e-04, 4.98731494e-01, 3.59055048e-05,
         4.99992132e-01, 4.99969125e-01, 8.53155434e-05, 1.11711252e-05,
         3.96841315e-05],
        [4.99831378e-01, 1.12044101e-04, 4.98734117e-01, 3.60124213e-05,
         4.99992192e-01, 4.99969244e-01, 8.53013989e-05, 1.12813022e-05,
         3.96306532e-05],
        [4.99831527e-01, 1.12288843e-04, 4.98735160e-01, 3.60729646e-05,
         4.99992162e-01, 4.99969304e-01, 8.52717931e-05, 1.13323695e-05,
         3.96134237e-05],
        [4.99831408e-01, 1.12369751e-04, 4.98735338e-01, 3.61278835e-05,
         4.99992162e-01, 4.99969304e-01, 8.54060709e-05, 1.13732413e-05,
         3.96215837e-05],
        [4.99831349e-01, 1.12409478e-04, 4.98735309e-01, 3.61751481e-05,
         4.99992192e-01, 4.99969304e-01, 8.54657410e-05, 1.13929291e-05,
         3.96102878e-05],
        [4.99831289e-01, 1.12424910e-04, 4.98735666e-01, 3.62077881e-05,
         4.99992192e-01, 4.99969304e-01, 8.55253966e-05, 1.14063751e-05,
         3.96155774e-05],
        [4.99831289e-01, 1.12429392e-04, 4.98735905e-01, 3.62292376e-05,
         4.99992192e-01, 4.99969333e-01, 8.55104663e-05, 1.14121849e-05,
         3.96168616e-05],
        [4.99831259e-01, 1.12398506e-04, 4.98736382e-01, 3.62385763e-05,
         4.99992192e-01, 4.99969333e-01, 8.55253747e-05, 1.14126406e-05,
         3.96235846e-05],
        [4.99831229e-01, 1.12354493e-04, 4.98736858e-01, 3.62431165e-05,
         4.99992073e-01, 4.99969363e-01, 8.54806203e-05, 1.14106970e-05,
         3.96334508e-05],
        [4.99831229e-01, 1.12398593e-04, 4.98736858e-01, 3.62594510e-05,
         4.99992192e-01, 4.99969363e-01, 8.55551843e-05, 1.14171862e-05,
         3.96207906e-05],
        [4.99831170e-01, 1.12399408e-04, 4.98736918e-01, 3.62699284e-05,
         4.99992132e-01, 4.99969363e-01, 8.55701001e-05, 1.14211434e-05,
         3.96201103e-05],
        [4.99831259e-01, 1.12410169e-04, 4.98737454e-01, 3.62683095e-05,
         4.99992192e-01, 4.99969363e-01, 8.55104299e-05, 1.14166705e-05,
         3.96133473e-05],
        [4.99831289e-01, 1.12397203e-04, 4.98737782e-01, 3.62695610e-05,
         4.99992162e-01, 4.99969363e-01, 8.55253456e-05, 1.14158893e-05,
         3.96115720e-05],
        [4.99831408e-01, 1.12386268e-04, 4.98738348e-01, 3.62658684e-05,
         4.99992192e-01, 4.99969363e-01, 8.54954997e-05, 1.14127752e-05,
         3.96114956e-05],
        [4.99831289e-01, 1.12367190e-04, 4.98738438e-01, 3.62669598e-05,
         4.99992192e-01, 4.99969363e-01, 8.54954924e-05, 1.14172080e-05,
         3.96155010e-05],
        [4.99831289e-01, 1.12386697e-04, 4.98738617e-01, 3.62679530e-05,
         4.99992192e-01, 4.99969393e-01, 8.55402395e-05, 1.14173799e-05,
         3.96081741e-05],
        [4.99831289e-01, 1.12390873e-04, 4.98738647e-01, 3.62702413e-05,
         4.99992192e-01, 4.99969393e-01, 8.55104081e-05, 1.14185923e-05,
         3.96026189e-05],
        [4.99831289e-01, 1.12373833e-04, 4.98738885e-01, 3.62668070e-05,
         4.99992192e-01, 4.99969393e-01, 8.55104081e-05, 1.14178711e-05,
         3.95982024e-05],
        [4.99831349e-01, 1.12352296e-04, 4.98739481e-01, 3.62567953e-05,
         4.99992192e-01, 4.99969363e-01, 8.54656537e-05, 1.14076038e-05,
         3.95974093e-05],
        [4.99831289e-01, 1.12385838e-04, 4.98739451e-01, 3.62613828e-05,
         4.99992192e-01, 4.99969393e-01, 8.54805694e-05, 1.14144405e-05,
         3.95907264e-05],
        [4.99831408e-01, 1.12367619e-04, 4.98739958e-01, 3.62550090e-05,
         4.99992192e-01, 4.99969363e-01, 8.54656391e-05, 1.14105578e-05,
         3.95899697e-05],
        [4.99831349e-01, 1.12363443e-04, 4.98739958e-01, 3.62562168e-05,
         4.99992162e-01, 4.99969423e-01, 8.54507161e-05, 1.14138802e-05,
         3.95878924e-05],
        [4.99831289e-01, 1.12369868e-04, 4.98740047e-01, 3.62568317e-05,
         4.99992162e-01, 4.99969423e-01, 8.55252947e-05, 1.14152635e-05,
         3.95855895e-05],
        [4.99831259e-01, 1.12379945e-04, 4.98739958e-01, 3.62594656e-05,
         4.99992251e-01, 4.99969423e-01, 8.54805476e-05, 1.14175500e-05,
         3.95737370e-05],
        [4.99831349e-01, 1.12384339e-04, 4.98740435e-01, 3.62541941e-05,
         4.99992251e-01, 4.99969423e-01, 8.54805476e-05, 1.14140030e-05,
         3.95717761e-05],
        [4.99831349e-01, 1.12340298e-04, 4.98740882e-01, 3.62416285e-05,
         4.99992192e-01, 4.99969423e-01, 8.54358004e-05, 1.14078439e-05,
         3.95759271e-05],
        [4.99831408e-01, 1.12351117e-04, 4.98741210e-01, 3.62391875e-05,
         4.99992192e-01, 4.99969423e-01, 8.54357932e-05, 1.14063860e-05,
         3.95714742e-05],
        [4.99831378e-01, 1.12337511e-04, 4.98741269e-01, 3.62398168e-05,
         4.99992132e-01, 4.99969423e-01, 8.54357932e-05, 1.14071481e-05,
         3.95660390e-05]]], dtype=float32), array([[[7.15680659e-01, 1.50211377e-03, 4.98833299e-01, 2.07695793e-02,
         5.00964761e-01, 5.00182569e-01, 7.54919741e-03, 1.07355096e-04,
         1.62377968e-04],
        [1.79388449e-02, 5.38594730e-04, 4.85558689e-01, 8.73761714e-01,
         4.99977618e-01, 4.99954373e-01, 8.71088803e-01, 5.25169657e-04,
         5.76162056e-05],
        [1.27619654e-02, 9.38736950e-04, 4.86287773e-01, 9.49416578e-01,
         4.99966979e-01, 4.99925196e-01, 9.48349535e-01, 3.44204367e-04,
         9.84668950e-05],
        [1.17918225e-02, 9.52259870e-04, 4.86551225e-01, 9.80632007e-01,
         4.99967396e-01, 4.99925673e-01, 9.80346739e-01, 3.48266156e-04,
         9.75132207e-05],
        [1.15750367e-02, 9.75449802e-04, 4.86555427e-01, 9.92687345e-01,
         4.99967307e-01, 4.99925137e-01, 9.92673039e-01, 3.52796924e-04,
         9.83476857e-05],
        [1.15159964e-02, 9.86702391e-04, 4.86547053e-01, 9.97222960e-01,
         4.99967337e-01, 4.99924839e-01, 9.97288108e-01, 3.54964199e-04,
         9.88096217e-05],
        [1.14976233e-02, 9.91245150e-04, 4.86546665e-01, 9.98913944e-01,
         4.99967337e-01, 4.99924779e-01, 9.98997867e-01, 3.55890108e-04,
         9.90033368e-05],
        [1.14914393e-02, 9.92893474e-04, 4.86548990e-01, 9.99542832e-01,
         4.99967337e-01, 4.99924690e-01, 9.99628544e-01, 3.56208475e-04,
         9.90778426e-05],
        [1.14894276e-02, 9.93535854e-04, 4.86552685e-01, 9.99776721e-01,
         4.99967337e-01, 4.99924690e-01, 9.99861062e-01, 3.56329838e-04,
         9.91225461e-05],
        [1.14885485e-02, 9.93768685e-04, 4.86556560e-01, 9.99863744e-01,
         4.99967337e-01, 4.99924719e-01, 9.99946594e-01, 3.56435805e-04,
         9.91523484e-05],
        [1.14885336e-02, 9.93739930e-04, 4.86560076e-01, 9.99896169e-01,
         4.99967337e-01, 4.99924749e-01, 9.99978125e-01, 3.56483477e-04,
         9.91225461e-05],
        [1.14885336e-02, 9.93781374e-04, 4.86564219e-01, 9.99908268e-01,
         4.99967337e-01, 4.99924719e-01, 9.99989808e-01, 3.56445729e-04,
         9.91523484e-05],
        [1.14892935e-02, 9.93845286e-04, 4.86568511e-01, 9.99912739e-01,
         4.99967337e-01, 4.99924779e-01, 9.99994159e-01, 3.56366567e-04,
         9.91672496e-05],
        [1.14886975e-02, 9.93787311e-04, 4.86572117e-01, 9.99914587e-01,
         4.99967337e-01, 4.99924779e-01, 9.99995708e-01, 3.56371427e-04,
         9.91523484e-05],
        [1.14890402e-02, 9.93758091e-04, 4.86575931e-01, 9.99915123e-01,
         4.99967337e-01, 4.99924719e-01, 9.99996305e-01, 3.56433389e-04,
         9.91523484e-05],
        [1.14891296e-02, 9.93788242e-04, 4.86579508e-01, 9.99915481e-01,
         4.99967337e-01, 4.99924719e-01, 9.99996603e-01, 3.56434553e-04,
         9.91225461e-05],
        [1.14884740e-02, 9.93877649e-04, 4.86583233e-01, 9.99915481e-01,
         4.99967337e-01, 4.99924719e-01, 9.99996543e-01, 3.56435135e-04,
         9.91225461e-05],
        [1.14890402e-02, 9.93877649e-04, 4.86587495e-01, 9.99915481e-01,
         4.99967337e-01, 4.99924719e-01, 9.99996543e-01, 3.56346078e-04,
         9.91076449e-05],
        [1.14903515e-02, 9.93818045e-04, 4.86590177e-01, 9.99915421e-01,
         4.99967337e-01, 4.99924719e-01, 9.99996603e-01, 3.56375967e-04,
         9.91523484e-05],
        [1.14899194e-02, 9.93818045e-04, 4.86594021e-01, 9.99915481e-01,
         4.99967277e-01, 4.99924719e-01, 9.99996603e-01, 3.56405886e-04,
         9.91225461e-05],
        [1.14902025e-02, 9.93788242e-04, 4.86597061e-01, 9.99915481e-01,
         4.99967337e-01, 4.99924719e-01, 9.99996543e-01, 3.56405973e-04,
         9.91225461e-05],
        [1.14898002e-02, 9.93907452e-04, 4.86599952e-01, 9.99915481e-01,
         4.99967366e-01, 4.99924719e-01, 9.99996543e-01, 3.56376171e-04,
         9.91523484e-05],
        [1.14896065e-02, 9.93877649e-04, 4.86603439e-01, 9.99915481e-01,
         4.99967337e-01, 4.99924719e-01, 9.99996543e-01, 3.56405973e-04,
         9.91672496e-05],
        [1.14900684e-02, 9.93907452e-04, 4.86606807e-01, 9.99915481e-01,
         4.99967337e-01, 4.99924719e-01, 9.99996543e-01, 3.56286764e-04,
         9.91523484e-05],
        [1.14898449e-02, 9.93877649e-04, 4.86609578e-01, 9.99915481e-01,
         4.99967307e-01, 4.99924719e-01, 9.99996662e-01, 3.56346369e-04,
         9.91225461e-05],
        [1.14898002e-02, 9.93907452e-04, 4.86613274e-01, 9.99915481e-01,
         4.99967337e-01, 4.99924719e-01, 9.99996603e-01, 3.56346369e-04,
         9.91374473e-05],
        [1.14899939e-02, 9.93877649e-04, 4.86615747e-01, 9.99915481e-01,
         4.99967337e-01, 4.99924719e-01, 9.99996603e-01, 3.56405973e-04,
         9.91225461e-05],
        [1.14895469e-02, 9.93937254e-04, 4.86618936e-01, 9.99915481e-01,
         4.99967337e-01, 4.99924719e-01, 9.99996662e-01, 3.56286764e-04,
         9.91523484e-05],
        [1.14898002e-02, 9.93967056e-04, 4.86621946e-01, 9.99915481e-01,
         4.99967307e-01, 4.99924779e-01, 9.99996543e-01, 3.56376171e-04,
         9.91225461e-05],
        [1.14902472e-02, 9.93996859e-04, 4.86624688e-01, 9.99915481e-01,
         4.99967337e-01, 4.99924719e-01, 9.99996603e-01, 3.56256962e-04,
         9.91523484e-05],
        [1.14897108e-02, 9.93907452e-04, 4.86626953e-01, 9.99915481e-01,
         4.99967337e-01, 4.99924719e-01, 9.99996543e-01, 3.56346369e-04,
         9.91225461e-05],
        [1.14902472e-02, 9.93937254e-04, 4.86629754e-01, 9.99915481e-01,
         4.99967337e-01, 4.99924719e-01, 9.99996603e-01, 3.56316566e-04,
         9.91225461e-05]]], dtype=float32), array([[[7.2862077e-01, 7.2922522e-01, 4.9892521e-01, 6.7050909e-03,
         5.0021303e-01, 4.9511984e-01, 8.7288552e-04, 7.6966006e-03,
         3.0991438e-04],
        [5.0338067e-04, 8.7996340e-01, 4.5034108e-03, 5.0078088e-01,
         4.9966490e-01, 3.3072375e-02, 7.3104447e-01, 8.7911904e-01,
         7.5578726e-05],
        [1.9388663e-04, 9.5193726e-01, 1.4714901e-03, 5.0056994e-01,
         4.9958622e-01, 5.5622547e-03, 8.8069046e-01, 9.5166862e-01,
         9.1075948e-05],
        [1.5956060e-04, 9.8164064e-01, 1.2097030e-03, 5.0053042e-01,
         4.9959940e-01, 4.4755084e-03, 9.5246774e-01, 9.8143762e-01,
         8.9928559e-05],
        [1.5349478e-04, 9.9311382e-01, 1.1561920e-03, 5.0051296e-01,
         4.9960065e-01, 4.2159706e-03, 9.8193955e-01, 9.9293196e-01,
         9.0077585e-05],
        [1.5209391e-04, 9.9743295e-01, 1.1420093e-03, 5.0050598e-01,
         4.9960053e-01, 4.1352347e-03, 9.9326175e-01, 9.9726409e-01,
         9.0166992e-05],
        [1.5170644e-04, 9.9904406e-01, 1.1373784e-03, 5.0050342e-01,
         4.9960056e-01, 4.1087852e-03, 9.9750048e-01, 9.9888396e-01,
         9.0211695e-05],
        [1.5157233e-04, 9.9964303e-01, 1.1356972e-03, 5.0050259e-01,
         4.9960053e-01, 4.0994859e-03, 9.9907231e-01, 9.9948859e-01,
         9.0196794e-05],
        [1.5149781e-04, 9.9986565e-01, 1.1350729e-03, 5.0050223e-01,
         4.9960059e-01, 4.0965355e-03, 9.9965346e-01, 9.9971437e-01,
         9.0211695e-05],
        [1.5155744e-04, 9.9994850e-01, 1.1351776e-03, 5.0050199e-01,
         4.9960056e-01, 4.0937639e-03, 9.9986792e-01, 9.9979872e-01,
         9.0211695e-05],
        [1.5149782e-04, 9.9997926e-01, 1.1351020e-03, 5.0050205e-01,
         4.9960053e-01, 4.0932125e-03, 9.9994713e-01, 9.9983048e-01,
         9.0181893e-05],
        [1.5152765e-04, 9.9999070e-01, 1.1356662e-03, 5.0050181e-01,
         4.9960047e-01, 4.0904260e-03, 9.9997640e-01, 9.9984229e-01,
         9.0166992e-05],
        [1.5152764e-04, 9.9999499e-01, 1.1353644e-03, 5.0050193e-01,
         4.9960053e-01, 4.0916032e-03, 9.9998730e-01, 9.9984682e-01,
         9.0181893e-05],
        [1.5154255e-04, 9.9999654e-01, 1.1356575e-03, 5.0050187e-01,
         4.9960053e-01, 4.0908731e-03, 9.9999124e-01, 9.9984843e-01,
         9.0181893e-05],
        [1.5152764e-04, 9.9999726e-01, 1.1351593e-03, 5.0050211e-01,
         4.9960059e-01, 4.0926910e-03, 9.9999261e-01, 9.9984920e-01,
         9.0181893e-05],
        [1.5151275e-04, 9.9999750e-01, 1.1355692e-03, 5.0050193e-01,
         4.9960056e-01, 4.0907986e-03, 9.9999321e-01, 9.9984950e-01,
         9.0211695e-05],
        [1.5149782e-04, 9.9999750e-01, 1.1354265e-03, 5.0050211e-01,
         4.9960056e-01, 4.0917075e-03, 9.9999356e-01, 9.9984956e-01,
         9.0226597e-05],
        [1.5155745e-04, 9.9999750e-01, 1.1356105e-03, 5.0050205e-01,
         4.9960056e-01, 4.0912009e-03, 9.9999356e-01, 9.9984944e-01,
         9.0181893e-05],
        [1.5154255e-04, 9.9999750e-01, 1.1360171e-03, 5.0050199e-01,
         4.9960047e-01, 4.0891594e-03, 9.9999356e-01, 9.9984944e-01,
         9.0152091e-05],
        [1.5154255e-04, 9.9999762e-01, 1.1359752e-03, 5.0050193e-01,
         4.9960050e-01, 4.0895916e-03, 9.9999362e-01, 9.9984944e-01,
         9.0211695e-05],
        [1.5155745e-04, 9.9999750e-01, 1.1356787e-03, 5.0050199e-01,
         4.9960053e-01, 4.0906793e-03, 9.9999356e-01, 9.9984956e-01,
         9.0181893e-05],
        [1.5154255e-04, 9.9999750e-01, 1.1362163e-03, 5.0050193e-01,
         4.9960038e-01, 4.0881759e-03, 9.9999344e-01, 9.9984944e-01,
         9.0181893e-05],
        [1.5154255e-04, 9.9999756e-01, 1.1359922e-03, 5.0050205e-01,
         4.9960047e-01, 4.0891445e-03, 9.9999344e-01, 9.9984950e-01,
         9.0211695e-05],
        [1.5152765e-04, 9.9999756e-01, 1.1356925e-03, 5.0050217e-01,
         4.9960056e-01, 4.0907986e-03, 9.9999356e-01, 9.9984956e-01,
         9.0166992e-05],
        [1.5152765e-04, 9.9999750e-01, 1.1356900e-03, 5.0050217e-01,
         4.9960056e-01, 4.0907240e-03, 9.9999356e-01, 9.9984962e-01,
         9.0196794e-05],
        [1.5149782e-04, 9.9999762e-01, 1.1353735e-03, 5.0050235e-01,
         4.9960059e-01, 4.0920055e-03, 9.9999356e-01, 9.9984968e-01,
         9.0196794e-05],
        [1.5155744e-04, 9.9999744e-01, 1.1354736e-03, 5.0050241e-01,
         4.9960059e-01, 4.0916628e-03, 9.9999356e-01, 9.9984956e-01,
         9.0211695e-05],
        [1.5149782e-04, 9.9999750e-01, 1.1354088e-03, 5.0050241e-01,
         4.9960059e-01, 4.0917522e-03, 9.9999344e-01, 9.9984956e-01,
         9.0196794e-05],
        [1.5149781e-04, 9.9999750e-01, 1.1350295e-03, 5.0050259e-01,
         4.9960071e-01, 4.0938831e-03, 9.9999356e-01, 9.9984968e-01,
         9.0241498e-05],
        [1.5152764e-04, 9.9999756e-01, 1.1354105e-03, 5.0050247e-01,
         4.9960062e-01, 4.0920652e-03, 9.9999344e-01, 9.9984968e-01,
         9.0196794e-05],
        [1.5149782e-04, 9.9999750e-01, 1.1354473e-03, 5.0050247e-01,
         4.9960059e-01, 4.0920055e-03, 9.9999356e-01, 9.9984968e-01,
         9.0241498e-05],
        [1.5149782e-04, 9.9999750e-01, 1.1356773e-03, 5.0050241e-01,
         4.9960059e-01, 4.0906942e-03, 9.9999356e-01, 9.9984956e-01,
         9.0256399e-05]]], dtype=float32), array([[[7.2923249e-01, 7.3001134e-01, 4.9840486e-01, 2.3902073e-03,
         3.0602107e-03, 4.1850959e-04, 2.9598179e-04, 1.2662957e-03,
         2.0065915e-03],
        [1.9417116e-03, 8.7957132e-01, 2.0229194e-02, 4.9887621e-01,
         1.3982354e-06, 1.5373947e-06, 4.9977890e-01, 4.7686213e-01,
         3.4961372e-04],
        [6.5495429e-04, 9.5166850e-01, 9.6582770e-03, 4.9965340e-01,
         2.5478363e-07, 2.0454003e-07, 4.9993405e-01, 4.8982000e-01,
         3.9561428e-04],
        [5.9661904e-04, 9.8148668e-01, 8.5483650e-03, 4.9970937e-01,
         2.0937910e-07, 1.7118010e-07, 4.9996069e-01, 4.9060583e-01,
         3.7244291e-04],
        [5.9135328e-04, 9.9303210e-01, 8.3401930e-03, 4.9971741e-01,
         2.0449703e-07, 1.6729241e-07, 4.9997497e-01, 4.9077076e-01,
         3.6539469e-04],
        [5.9129222e-04, 9.9739194e-01, 8.2849469e-03, 4.9971956e-01,
         2.0465252e-07, 1.6705867e-07, 4.9998742e-01, 4.9081671e-01,
         3.6177371e-04],
        [5.9214485e-04, 9.9902427e-01, 8.2643609e-03, 4.9972042e-01,
         2.0545745e-07, 1.6741465e-07, 4.9999908e-01, 4.9081975e-01,
         3.5919584e-04],
        [5.9101143e-04, 9.9963397e-01, 8.2464321e-03, 4.9972260e-01,
         2.0639776e-07, 1.6791962e-07, 5.0001091e-01, 4.9085295e-01,
         3.5707990e-04],
        [5.9025199e-04, 9.9986172e-01, 8.2339952e-03, 4.9972427e-01,
         2.0724373e-07, 1.6832350e-07, 5.0002235e-01, 4.9086601e-01,
         3.5515762e-04],
        [5.8961217e-04, 9.9994689e-01, 8.2235765e-03, 4.9972570e-01,
         2.0799851e-07, 1.6872127e-07, 5.0003350e-01, 4.9087581e-01,
         3.5332475e-04],
        [5.9033115e-04, 9.9997884e-01, 8.2148062e-03, 4.9972641e-01,
         2.0885481e-07, 1.6936289e-07, 5.0004423e-01, 4.9087369e-01,
         3.5167072e-04],
        [5.8898900e-04, 9.9999076e-01, 8.2034497e-03, 4.9972814e-01,
         2.0949037e-07, 1.6962427e-07, 5.0005513e-01, 4.9089345e-01,
         3.5015077e-04],
        [5.8836368e-04, 9.9999529e-01, 8.1957867e-03, 4.9972939e-01,
         2.1015811e-07, 1.6993629e-07, 5.0006557e-01, 4.9090260e-01,
         3.4876497e-04],
        [5.8817124e-04, 9.9999690e-01, 8.1883576e-03, 4.9973038e-01,
         2.1085255e-07, 1.7038546e-07, 5.0007582e-01, 4.9090958e-01,
         3.4748344e-04],
        [5.8629061e-04, 9.9999762e-01, 8.1756599e-03, 4.9973261e-01,
         2.1140907e-07, 1.7066974e-07, 5.0008625e-01, 4.9094570e-01,
         3.4624664e-04],
        [5.8618787e-04, 9.9999797e-01, 8.1704762e-03, 4.9973333e-01,
         2.1190058e-07, 1.7090362e-07, 5.0009602e-01, 4.9094284e-01,
         3.4503965e-04],
        [5.8517355e-04, 9.9999797e-01, 8.1615625e-03, 4.9973470e-01,
         2.1244286e-07, 1.7119366e-07, 5.0010574e-01, 4.9096173e-01,
         3.4399654e-04],
        [5.8469689e-04, 9.9999797e-01, 8.1548542e-03, 4.9973574e-01,
         2.1290995e-07, 1.7145982e-07, 5.0011528e-01, 4.9097157e-01,
         3.4298326e-04],
        [5.8338343e-04, 9.9999797e-01, 8.1471913e-03, 4.9973720e-01,
         2.1341208e-07, 1.7169266e-07, 5.0012481e-01, 4.9099579e-01,
         3.4213389e-04],
        [5.8266753e-04, 9.9999797e-01, 8.1407204e-03, 4.9973822e-01,
         2.1383032e-07, 1.7189319e-07, 5.0013393e-01, 4.9100804e-01,
         3.4129940e-04],
        [5.8417773e-04, 9.9999797e-01, 8.1411907e-03, 4.9973765e-01,
         2.1414542e-07, 1.7216011e-07, 5.0014240e-01, 4.9098060e-01,
         3.4043513e-04],
        [5.8414886e-04, 9.9999797e-01, 8.1372438e-03, 4.9973807e-01,
         2.1451436e-07, 1.7239408e-07, 5.0015092e-01, 4.9098286e-01,
         3.3973478e-04],
        [5.8362697e-04, 9.9999797e-01, 8.1319716e-03, 4.9973887e-01,
         2.1478374e-07, 1.7254588e-07, 5.0015944e-01, 4.9099320e-01,
         3.3912377e-04],
        [5.8303034e-04, 9.9999797e-01, 8.1287762e-03, 4.9973947e-01,
         2.1506476e-07, 1.7264087e-07, 5.0016767e-01, 4.9100062e-01,
         3.3855753e-04],
        [5.8211974e-04, 9.9999797e-01, 8.1223603e-03, 4.9974060e-01,
         2.1536566e-07, 1.7281350e-07, 5.0017595e-01, 4.9101895e-01,
         3.3800618e-04],
        [5.8316631e-04, 9.9999797e-01, 8.1231417e-03, 4.9974012e-01,
         2.1557651e-07, 1.7300081e-07, 5.0018358e-01, 4.9100041e-01,
         3.3748464e-04],
        [5.8318197e-04, 9.9999797e-01, 8.1201959e-03, 4.9974042e-01,
         2.1580585e-07, 1.7315598e-07, 5.0019121e-01, 4.9100143e-01,
         3.3705251e-04],
        [5.8276427e-04, 9.9999785e-01, 8.1180595e-03, 4.9974090e-01,
         2.1602619e-07, 1.7323343e-07, 5.0019878e-01, 4.9100792e-01,
         3.3663528e-04],
        [5.8267533e-04, 9.9999791e-01, 8.1175724e-03, 4.9974105e-01,
         2.1619539e-07, 1.7326450e-07, 5.0020605e-01, 4.9100557e-01,
         3.3630742e-04],
        [5.8173458e-04, 9.9999797e-01, 8.1110131e-03, 4.9974209e-01,
         2.1636990e-07, 1.7338648e-07, 5.0021350e-01, 4.9102569e-01,
         3.3593489e-04],
        [5.8122695e-04, 9.9999791e-01, 8.1075365e-03, 4.9974269e-01,
         2.1656024e-07, 1.7351385e-07, 5.0022066e-01, 4.9103773e-01,
         3.3560707e-04],
        [5.8155635e-04, 9.9999791e-01, 8.1090201e-03, 4.9974251e-01,
         2.1666891e-07, 1.7347976e-07, 5.0022733e-01, 4.9102455e-01,
         3.3532394e-04]]], dtype=float32), array([[[7.3102295e-01, 5.0322878e-01, 4.9998379e-01, 4.8546922e-06,
         5.0723570e-04, 1.3725605e-04, 1.2930208e-06, 1.6318236e-06,
         4.9996608e-01],
        [7.3107862e-01, 5.0785774e-01, 4.9999642e-01, 1.0596709e-06,
         8.2093597e-05, 2.9210179e-05, 6.1144590e-07, 1.5338811e-07,
         4.9999565e-01],
        [7.3106003e-01, 5.1291496e-01, 4.9999857e-01, 8.2779547e-07,
         6.0254853e-05, 2.3347831e-05, 4.5701685e-07, 9.9171466e-08,
         4.9999666e-01],
        [7.3105735e-01, 5.1812410e-01, 4.9999914e-01, 8.0620708e-07,
         5.7867182e-05, 2.2912516e-05, 4.3903586e-07, 9.3926701e-08,
         4.9999678e-01],
        [7.3105693e-01, 5.2334183e-01, 4.9999955e-01, 8.0207286e-07,
         5.7499903e-05, 2.2832353e-05, 4.3589395e-07, 9.3196405e-08,
         4.9999675e-01],
        [7.3105687e-01, 5.2854240e-01, 4.9999994e-01, 8.0021931e-07,
         5.7453344e-05, 2.2813590e-05, 4.3497539e-07, 9.3078505e-08,
         4.9999678e-01],
        [7.3105687e-01, 5.3371996e-01, 5.0000030e-01, 7.9847740e-07,
         5.7460133e-05, 2.2802737e-05, 4.3439252e-07, 9.3057047e-08,
         4.9999675e-01],
        [7.3105687e-01, 5.3887331e-01, 5.0000066e-01, 7.9690727e-07,
         5.7474219e-05, 2.2795388e-05, 4.3395156e-07, 9.3054759e-08,
         4.9999678e-01],
        [7.3105699e-01, 5.4400098e-01, 5.0000095e-01, 7.9536898e-07,
         5.7491048e-05, 2.2788692e-05, 4.3355237e-07, 9.3059839e-08,
         4.9999678e-01],
        [7.3105693e-01, 5.4910189e-01, 5.0000131e-01, 7.9377998e-07,
         5.7508649e-05, 2.2782109e-05, 4.3314117e-07, 9.3064209e-08,
         4.9999672e-01],
        [7.3105699e-01, 5.5417615e-01, 5.0000161e-01, 7.9239209e-07,
         5.7519730e-05, 2.2776350e-05, 4.3279351e-07, 9.3070540e-08,
         4.9999672e-01],
        [7.3105699e-01, 5.5922115e-01, 5.0000191e-01, 7.9075016e-07,
         5.7539761e-05, 2.2768858e-05, 4.3238424e-07, 9.3077581e-08,
         4.9999672e-01],
        [7.3105705e-01, 5.6423730e-01, 5.0000221e-01, 7.8929230e-07,
         5.7564295e-05, 2.2766339e-05, 4.3203843e-07, 9.3089852e-08,
         4.9999672e-01],
        [7.3105693e-01, 5.6922323e-01, 5.0000238e-01, 7.8777623e-07,
         5.7577967e-05, 2.2758719e-05, 4.3166489e-07, 9.3095750e-08,
         4.9999672e-01],
        [7.3105705e-01, 5.7417840e-01, 5.0000274e-01, 7.8628710e-07,
         5.7594443e-05, 2.2752773e-05, 4.3129700e-07, 9.3102955e-08,
         4.9999678e-01],
        [7.3105699e-01, 5.7910299e-01, 5.0000298e-01, 7.8498641e-07,
         5.7607514e-05, 2.2748041e-05, 4.3099686e-07, 9.3112213e-08,
         4.9999672e-01],
        [7.3105699e-01, 5.8399528e-01, 5.0000322e-01, 7.8349649e-07,
         5.7631692e-05, 2.2745005e-05, 4.3062667e-07, 9.3121223e-08,
         4.9999672e-01],
        [7.3105699e-01, 5.8885437e-01, 5.0000340e-01, 7.8205500e-07,
         5.7642741e-05, 2.2737133e-05, 4.3027447e-07, 9.3128349e-08,
         4.9999672e-01],
        [7.3105705e-01, 5.9368092e-01, 5.0000358e-01, 7.8078216e-07,
         5.7658417e-05, 2.2734530e-05, 4.2999181e-07, 9.3135739e-08,
         4.9999672e-01],
        [7.3105705e-01, 5.9847462e-01, 5.0000381e-01, 7.7960357e-07,
         5.7709414e-05, 2.2745982e-05, 4.2979175e-07, 9.3152742e-08,
         4.9999672e-01],
        [7.3105711e-01, 6.0323310e-01, 5.0000393e-01, 7.7809278e-07,
         5.7726145e-05, 2.2738477e-05, 4.2942057e-07, 9.3163088e-08,
         4.9999672e-01],
        [7.3105705e-01, 6.0795647e-01, 5.0000411e-01, 7.7675082e-07,
         5.7746689e-05, 2.2735290e-05, 4.2911884e-07, 9.3172787e-08,
         4.9999666e-01],
        [7.3105705e-01, 6.1264324e-01, 5.0000429e-01, 7.7521821e-07,
         5.7749221e-05, 2.2722284e-05, 4.2868405e-07, 9.3178521e-08,
         4.9999672e-01],
        [7.3105705e-01, 6.1729228e-01, 5.0000447e-01, 7.7360818e-07,
         5.7754565e-05, 2.2708420e-05, 4.2824806e-07, 9.3183445e-08,
         4.9999669e-01],
        [7.3105711e-01, 6.2190485e-01, 5.0000459e-01, 7.7232772e-07,
         5.7772806e-05, 2.2705302e-05, 4.2795330e-07, 9.3192000e-08,
         4.9999666e-01],
        [7.3105711e-01, 6.2648028e-01, 5.0000477e-01, 7.7102959e-07,
         5.7784044e-05, 2.2699132e-05, 4.2761874e-07, 9.3201017e-08,
         4.9999672e-01],
        [7.3105711e-01, 6.3101810e-01, 5.0000489e-01, 7.6966899e-07,
         5.7798596e-05, 2.2692442e-05, 4.2729098e-07, 9.3208072e-08,
         4.9999669e-01],
        [7.3105717e-01, 6.3551760e-01, 5.0000507e-01, 7.6832470e-07,
         5.7809400e-05, 2.2685086e-05, 4.2694802e-07, 9.3214872e-08,
         4.9999669e-01],
        [7.3105711e-01, 6.3997865e-01, 5.0000519e-01, 7.6703765e-07,
         5.7818608e-05, 2.2677581e-05, 4.2661549e-07, 9.3223434e-08,
         4.9999669e-01],
        [7.3105717e-01, 6.4440125e-01, 5.0000530e-01, 7.6579221e-07,
         5.7835539e-05, 2.2674250e-05, 4.2632021e-07, 9.3230142e-08,
         4.9999666e-01],
        [7.3105723e-01, 6.4878488e-01, 5.0000536e-01, 7.6452761e-07,
         5.7851368e-05, 2.2669710e-05, 4.2601010e-07, 9.3237908e-08,
         4.9999666e-01],
        [7.3105717e-01, 6.5313053e-01, 5.0000548e-01, 7.6351847e-07,
         5.7858382e-05, 2.2666834e-05, 4.2576724e-07, 9.3245951e-08,
         4.9999666e-01]]], dtype=float32), array([[[7.30920017e-01, 4.99810606e-01, 4.99982953e-01, 4.46330841e-06,
         9.12308868e-04, 1.48357285e-04, 1.18178252e-06, 1.60075081e-06,
         4.99969661e-01],
        [7.30704308e-01, 4.99902457e-01, 4.99994695e-01, 9.45845272e-07,
         1.56109512e-04, 2.86176419e-05, 6.50556842e-07, 1.38914373e-07,
         4.99996126e-01],
        [7.30682969e-01, 4.99916255e-01, 4.99996543e-01, 7.28731834e-07,
         1.18465970e-04, 2.38083885e-05, 4.88660646e-07, 8.76024302e-08,
         4.99996930e-01],
        [7.30677843e-01, 4.99916762e-01, 4.99996841e-01, 7.09219535e-07,
         1.14039729e-04, 2.34916170e-05, 4.71182062e-07, 8.26712352e-08,
         4.99997020e-01],
        [7.30676889e-01, 4.99916762e-01, 4.99996960e-01, 7.06291530e-07,
         1.13488248e-04, 2.34646577e-05, 4.68644657e-07, 8.19899810e-08,
         4.99997020e-01],
        [7.30676830e-01, 4.99916732e-01, 4.99997169e-01, 7.05646585e-07,
         1.13458416e-04, 2.34655763e-05, 4.68173823e-07, 8.18740773e-08,
         4.99997020e-01],
        [7.30676830e-01, 4.99916732e-01, 4.99997288e-01, 7.05417847e-07,
         1.13443501e-04, 2.34682611e-05, 4.68026968e-07, 8.18458119e-08,
         4.99997020e-01],
        [7.30676830e-01, 4.99916673e-01, 4.99997377e-01, 7.05322293e-07,
         1.13488204e-04, 2.34701183e-05, 4.67955999e-07, 8.18352817e-08,
         4.99997020e-01],
        [7.30676830e-01, 4.99916732e-01, 4.99997497e-01, 7.05269827e-07,
         1.13503105e-04, 2.34714626e-05, 4.67918966e-07, 8.18298176e-08,
         4.99997020e-01],
        [7.30676830e-01, 4.99916673e-01, 4.99997675e-01, 7.05244247e-07,
         1.13473303e-04, 2.34721319e-05, 4.67895319e-07, 8.18272454e-08,
         4.99997020e-01],
        [7.30676830e-01, 4.99916703e-01, 4.99997795e-01, 7.05228103e-07,
         1.13503105e-04, 2.34728941e-05, 4.67929226e-07, 8.18267765e-08,
         4.99997020e-01],
        [7.30676830e-01, 4.99916703e-01, 4.99997795e-01, 7.05217360e-07,
         1.13473303e-04, 2.34729832e-05, 4.67933688e-07, 8.18259949e-08,
         4.99996960e-01],
        [7.30676830e-01, 4.99916703e-01, 4.99997973e-01, 7.05232821e-07,
         1.13473303e-04, 2.34730742e-05, 4.67950201e-07, 8.18280199e-08,
         4.99996960e-01],
        [7.30676830e-01, 4.99916703e-01, 4.99998033e-01, 7.05252319e-07,
         1.13443501e-04, 2.34732524e-05, 4.67965805e-07, 8.18298957e-08,
         4.99997020e-01],
        [7.30676830e-01, 4.99916732e-01, 4.99998122e-01, 7.05263119e-07,
         1.13503105e-04, 2.34725139e-05, 4.67977856e-07, 8.18320842e-08,
         4.99997020e-01],
        [7.30676830e-01, 4.99916732e-01, 4.99998212e-01, 7.05261073e-07,
         1.13473303e-04, 2.34723120e-05, 4.67955118e-07, 8.18316934e-08,
         4.99997020e-01],
        [7.30676830e-01, 4.99916732e-01, 4.99998242e-01, 7.05289324e-07,
         1.13503105e-04, 2.34731615e-05, 4.67988144e-07, 8.18341093e-08,
         4.99997020e-01],
        [7.30676830e-01, 4.99916703e-01, 4.99998331e-01, 7.05279263e-07,
         1.13503105e-04, 2.34725139e-05, 4.67976975e-07, 8.18336403e-08,
         4.99997020e-01],
        [7.30676830e-01, 4.99916703e-01, 4.99998420e-01, 7.05279263e-07,
         1.13503105e-04, 2.34724921e-05, 4.68000621e-07, 8.18341093e-08,
         4.99997020e-01],
        [7.30676770e-01, 4.99916673e-01, 4.99998510e-01, 7.05287334e-07,
         1.13503105e-04, 2.34723120e-05, 4.67989906e-07, 8.18350472e-08,
         4.99996960e-01],
        [7.30676830e-01, 4.99916703e-01, 4.99998540e-01, 7.05276534e-07,
         1.13503105e-04, 2.34722447e-05, 4.67988144e-07, 8.18343437e-08,
         4.99997020e-01],
        [7.30676770e-01, 4.99916703e-01, 4.99998599e-01, 7.05281934e-07,
         1.13503105e-04, 2.34721774e-05, 4.67986354e-07, 8.18342656e-08,
         4.99996960e-01],
        [7.30676830e-01, 4.99916703e-01, 4.99998629e-01, 7.05300749e-07,
         1.13503105e-04, 2.34725576e-05, 4.68010882e-07, 8.18363759e-08,
         4.99997020e-01],
        [7.30676830e-01, 4.99916703e-01, 4.99998689e-01, 7.05288642e-07,
         1.13503105e-04, 2.34721101e-05, 4.68001076e-07, 8.18352817e-08,
         4.99997020e-01],
        [7.30676770e-01, 4.99916673e-01, 4.99998748e-01, 7.05293360e-07,
         1.13473303e-04, 2.34721774e-05, 4.67988571e-07, 8.18348909e-08,
         4.99997020e-01],
        [7.30676830e-01, 4.99916703e-01, 4.99998778e-01, 7.05302796e-07,
         1.13503105e-04, 2.34723575e-05, 4.68004657e-07, 8.18362906e-08,
         4.99997020e-01],
        [7.30676830e-01, 4.99916703e-01, 4.99998838e-01, 7.05296713e-07,
         1.13473303e-04, 2.34722447e-05, 4.67985018e-07, 8.18362906e-08,
         4.99997020e-01],
        [7.30676770e-01, 4.99916703e-01, 4.99998838e-01, 7.05302796e-07,
         1.13503105e-04, 2.34726704e-05, 4.68015799e-07, 8.18367596e-08,
         4.99997050e-01],
        [7.30676770e-01, 4.99916703e-01, 4.99998897e-01, 7.05298703e-07,
         1.13503105e-04, 2.34721319e-05, 4.67997950e-07, 8.18364470e-08,
         4.99997020e-01],
        [7.30676830e-01, 4.99916673e-01, 4.99998897e-01, 7.05308821e-07,
         1.13503105e-04, 2.34725358e-05, 4.68002412e-07, 8.18373849e-08,
         4.99997020e-01],
        [7.30676830e-01, 4.99916673e-01, 4.99998987e-01, 7.05309503e-07,
         1.13473303e-04, 2.34722665e-05, 4.68003293e-07, 8.18375412e-08,
         4.99997020e-01],
        [7.30676830e-01, 4.99916673e-01, 4.99998927e-01, 7.05323600e-07,
         1.13503105e-04, 2.34727140e-05, 4.68017134e-07, 8.18387917e-08,
         4.99996960e-01]]], dtype=float32), array([[[5.0019181e-01, 4.9958044e-01, 4.9998045e-01, 5.4434063e-06,
         5.0003558e-01, 3.1054378e-04, 1.1900374e-06, 1.5322349e-06,
         4.9996838e-01],
        [4.9995506e-01, 4.9985331e-01, 4.9999011e-01, 1.2197928e-06,
         5.0001371e-01, 3.7971677e-05, 1.0281869e-06, 1.8395404e-07,
         4.9999690e-01],
        [4.9995512e-01, 4.9986321e-01, 4.9999255e-01, 1.0130698e-06,
         5.0000602e-01, 3.5061716e-05, 8.7900969e-07, 1.3679735e-07,
         4.9999741e-01],
        [4.9995387e-01, 4.9986088e-01, 4.9999279e-01, 1.0040295e-06,
         5.0000376e-01, 3.5619934e-05, 8.7383262e-07, 1.3354831e-07,
         4.9999744e-01],
        [4.9995369e-01, 4.9986041e-01, 4.9999288e-01, 1.0033920e-06,
         5.0000322e-01, 3.5750822e-05, 8.7373013e-07, 1.3323040e-07,
         4.9999741e-01],
        [4.9995363e-01, 4.9986032e-01, 4.9999297e-01, 1.0035986e-06,
         5.0000310e-01, 3.5776640e-05, 8.7419272e-07, 1.3324342e-07,
         4.9999744e-01],
        [4.9995363e-01, 4.9986035e-01, 4.9999297e-01, 1.0036159e-06,
         5.0000304e-01, 3.5781995e-05, 8.7423604e-07, 1.3324431e-07,
         4.9999744e-01],
        [4.9995363e-01, 4.9986029e-01, 4.9999309e-01, 1.0036657e-06,
         5.0000304e-01, 3.5783327e-05, 8.7435365e-07, 1.3325955e-07,
         4.9999741e-01],
        [4.9995357e-01, 4.9986023e-01, 4.9999309e-01, 1.0037998e-06,
         5.0000304e-01, 3.5783465e-05, 8.7454879e-07, 1.3327889e-07,
         4.9999744e-01],
        [4.9995363e-01, 4.9986032e-01, 4.9999315e-01, 1.0036504e-06,
         5.0000304e-01, 3.5784011e-05, 8.7431278e-07, 1.3325460e-07,
         4.9999741e-01],
        [4.9995357e-01, 4.9986023e-01, 4.9999315e-01, 1.0040850e-06,
         5.0000304e-01, 3.5785000e-05, 8.7491082e-07, 1.3331498e-07,
         4.9999744e-01],
        [4.9995360e-01, 4.9986023e-01, 4.9999323e-01, 1.0039107e-06,
         5.0000304e-01, 3.5783905e-05, 8.7470556e-07, 1.3329527e-07,
         4.9999744e-01],
        [4.9995360e-01, 4.9986023e-01, 4.9999321e-01, 1.0038035e-06,
         5.0000304e-01, 3.5783567e-05, 8.7455379e-07, 1.3328092e-07,
         4.9999744e-01],
        [4.9995360e-01, 4.9986029e-01, 4.9999332e-01, 1.0037173e-06,
         5.0000304e-01, 3.5783054e-05, 8.7447540e-07, 1.3327697e-07,
         4.9999741e-01],
        [4.9995357e-01, 4.9986029e-01, 4.9999326e-01, 1.0037786e-06,
         5.0000304e-01, 3.5786161e-05, 8.7447205e-07, 1.3327393e-07,
         4.9999744e-01],
        [4.9995360e-01, 4.9986029e-01, 4.9999335e-01, 1.0038361e-06,
         5.0000304e-01, 3.5786503e-05, 8.7450206e-07, 1.3327012e-07,
         4.9999738e-01],
        [4.9995363e-01, 4.9986035e-01, 4.9999332e-01, 1.0036101e-06,
         5.0000310e-01, 3.5786536e-05, 8.7416851e-07, 1.3324089e-07,
         4.9999744e-01],
        [4.9995363e-01, 4.9986035e-01, 4.9999332e-01, 1.0035451e-06,
         5.0000304e-01, 3.5783123e-05, 8.7420773e-07, 1.3324888e-07,
         4.9999744e-01],
        [4.9995363e-01, 4.9986029e-01, 4.9999338e-01, 1.0039319e-06,
         5.0000304e-01, 3.5784076e-05, 8.7469391e-07, 1.3329235e-07,
         4.9999738e-01],
        [4.9995360e-01, 4.9986020e-01, 4.9999338e-01, 1.0040850e-06,
         5.0000304e-01, 3.5784793e-05, 8.7491247e-07, 1.3331614e-07,
         4.9999741e-01],
        [4.9995354e-01, 4.9986017e-01, 4.9999341e-01, 1.0043436e-06,
         5.0000304e-01, 3.5786739e-05, 8.7521789e-07, 1.3334093e-07,
         4.9999741e-01],
        [4.9995357e-01, 4.9986023e-01, 4.9999338e-01, 1.0039146e-06,
         5.0000304e-01, 3.5784113e-05, 8.7471307e-07, 1.3329947e-07,
         4.9999744e-01],
        [4.9995357e-01, 4.9986023e-01, 4.9999344e-01, 1.0042181e-06,
         5.0000304e-01, 3.5785783e-05, 8.7510273e-07, 1.3333405e-07,
         4.9999744e-01],
        [4.9995357e-01, 4.9986017e-01, 4.9999344e-01, 1.0042880e-06,
         5.0000304e-01, 3.5785510e-05, 8.7519788e-07, 1.3334284e-07,
         4.9999741e-01],
        [4.9995357e-01, 4.9986020e-01, 4.9999347e-01, 1.0041463e-06,
         5.0000310e-01, 3.5785444e-05, 8.7499427e-07, 1.3332490e-07,
         4.9999744e-01],
        [4.9995357e-01, 4.9986026e-01, 4.9999344e-01, 1.0040525e-06,
         5.0000304e-01, 3.5785546e-05, 8.7483403e-07, 1.3330417e-07,
         4.9999744e-01],
        [4.9995357e-01, 4.9986023e-01, 4.9999344e-01, 1.0040678e-06,
         5.0000304e-01, 3.5784793e-05, 8.7492248e-07, 1.3331830e-07,
         4.9999741e-01],
        [4.9995357e-01, 4.9986026e-01, 4.9999347e-01, 1.0039797e-06,
         5.0000304e-01, 3.5784182e-05, 8.7480902e-07, 1.3330762e-07,
         4.9999744e-01],
        [4.9995357e-01, 4.9986023e-01, 4.9999350e-01, 1.0041310e-06,
         5.0000304e-01, 3.5786226e-05, 8.7492333e-07, 1.3330967e-07,
         4.9999744e-01],
        [4.9995357e-01, 4.9986029e-01, 4.9999353e-01, 1.0039070e-06,
         5.0000304e-01, 3.5783840e-05, 8.7469391e-07, 1.3329198e-07,
         4.9999744e-01],
        [4.9995357e-01, 4.9986029e-01, 4.9999350e-01, 1.0039137e-06,
         5.0000304e-01, 3.5784284e-05, 8.7470391e-07, 1.3329502e-07,
         4.9999744e-01],
        [4.9995363e-01, 4.9986032e-01, 4.9999350e-01, 1.0036820e-06,
         5.0000304e-01, 3.5783840e-05, 8.7436194e-07, 1.3326132e-07,
         4.9999744e-01]]], dtype=float32)]