tf.Tensor(
[[[5.0020069e-01 4.9956372e-01 4.9998021e-01 5.5335131e-06 5.0003594e-01
   3.1941020e-04 1.2200198e-06 1.5579708e-06 4.9996734e-01]
  [4.9995494e-01 4.9985284e-01 4.9999014e-01 1.2233739e-06 5.0001395e-01
   3.8014070e-05 1.0340418e-06 1.8490604e-07 4.9999690e-01]
  [4.9995506e-01 4.9986306e-01 4.9999255e-01 1.0138642e-06 5.0000602e-01
   3.5056164e-05 8.8111801e-07 1.3706577e-07 4.9999741e-01]
  [4.9995393e-01 4.9986088e-01 4.9999285e-01 1.0039864e-06 5.0000387e-01
   3.5608518e-05 8.7447290e-07 1.3363274e-07 4.9999741e-01]
  [4.9995363e-01 4.9986032e-01 4.9999291e-01 1.0038754e-06 5.0000322e-01
   3.5740526e-05 8.7504600e-07 1.3337849e-07 4.9999744e-01]
  [4.9995357e-01 4.9986029e-01 4.9999297e-01 1.0037556e-06 5.0000310e-01
   3.5765246e-05 8.7503179e-07 1.3334689e-07 4.9999744e-01]
  [4.9995357e-01 4.9986023e-01 4.9999297e-01 1.0039395e-06 5.0000304e-01
   3.5772613e-05 8.7528133e-07 1.3336418e-07 4.9999741e-01]
  [4.9995357e-01 4.9986029e-01 4.9999309e-01 1.0037480e-06 5.0000304e-01
   3.5773741e-05 8.7502428e-07 1.3333950e-07 4.9999744e-01]
  [4.9995360e-01 4.9986026e-01 4.9999309e-01 1.0038916e-06 5.0000304e-01
   3.5774490e-05 8.7522960e-07 1.3335847e-07 4.9999741e-01]
  [4.9995357e-01 4.9986032e-01 4.9999315e-01 1.0035126e-06 5.0000304e-01
   3.5771762e-05 8.7481067e-07 1.3332473e-07 4.9999741e-01]
  [4.9995357e-01 4.9986023e-01 4.9999321e-01 1.0038437e-06 5.0000304e-01
   3.5774898e-05 8.7516452e-07 1.3335247e-07 4.9999741e-01]
  [4.9995357e-01 4.9986020e-01 4.9999321e-01 1.0040410e-06 5.0000304e-01
   3.5775443e-05 8.7543748e-07 1.3337944e-07 4.9999744e-01]
  [4.9995357e-01 4.9986029e-01 4.9999321e-01 1.0035910e-06 5.0000304e-01
   3.5774185e-05 8.7482067e-07 1.3331916e-07 4.9999744e-01]
  [4.9995360e-01 4.9986023e-01 4.9999326e-01 1.0037691e-06 5.0000304e-01
   3.5774898e-05 8.7506436e-07 1.3334279e-07 4.9999744e-01]
  [4.9995363e-01 4.9986038e-01 4.9999329e-01 1.0033547e-06 5.0000304e-01
   3.5771009e-05 8.7459881e-07 1.3330325e-07 4.9999744e-01]
  [4.9995363e-01 4.9986041e-01 4.9999335e-01 1.0032226e-06 5.0000304e-01
   3.5772988e-05 8.7433193e-07 1.3327477e-07 4.9999744e-01]
  [4.9995357e-01 4.9986029e-01 4.9999332e-01 1.0036437e-06 5.0000304e-01
   3.5774559e-05 8.7487496e-07 1.3332539e-07 4.9999744e-01]
  [4.9995363e-01 4.9986035e-01 4.9999338e-01 1.0032418e-06 5.0000304e-01
   3.5773533e-05 8.7431192e-07 1.3327120e-07 4.9999744e-01]
  [4.9995363e-01 4.9986041e-01 4.9999341e-01 1.0033211e-06 5.0000304e-01
   3.5776229e-05 8.7430692e-07 1.3326537e-07 4.9999744e-01]
  [4.9995366e-01 4.9986041e-01 4.9999344e-01 1.0033077e-06 5.0000304e-01
   3.5780053e-05 8.7414350e-07 1.3324049e-07 4.9999744e-01]
  [4.9995363e-01 4.9986035e-01 4.9999338e-01 1.0034112e-06 5.0000304e-01
   3.5772784e-05 8.7458545e-07 1.3329968e-07 4.9999744e-01]
  [4.9995360e-01 4.9986035e-01 4.9999344e-01 1.0034274e-06 5.0000310e-01
   3.5772649e-05 8.7458545e-07 1.3329741e-07 4.9999741e-01]
  [4.9995357e-01 4.9986032e-01 4.9999347e-01 1.0035508e-06 5.0000304e-01
   3.5773159e-05 8.7474393e-07 1.3331444e-07 4.9999744e-01]
  [4.9995357e-01 4.9986029e-01 4.9999347e-01 1.0038600e-06 5.0000304e-01
   3.5775105e-05 8.7509108e-07 1.3334319e-07 4.9999741e-01]
  [4.9995363e-01 4.9986038e-01 4.9999344e-01 1.0033766e-06 5.0000304e-01
   3.5773603e-05 8.7444533e-07 1.3327912e-07 4.9999741e-01]
  [4.9995363e-01 4.9986029e-01 4.9999344e-01 1.0037634e-06 5.0000304e-01
   3.5774490e-05 8.7498927e-07 1.3333555e-07 4.9999738e-01]
  [4.9995363e-01 4.9986023e-01 4.9999344e-01 1.0041367e-06 5.0000304e-01
   3.5776160e-05 8.7545499e-07 1.3337728e-07 4.9999741e-01]
  [4.9995357e-01 4.9986023e-01 4.9999350e-01 1.0042095e-06 5.0000304e-01
   3.5776775e-05 8.7553428e-07 1.3338415e-07 4.9999744e-01]
  [4.9995363e-01 4.9986029e-01 4.9999350e-01 1.0038112e-06 5.0000304e-01
   3.5774046e-05 8.7506936e-07 1.3334267e-07 4.9999741e-01]
  [4.9995360e-01 4.9986035e-01 4.9999350e-01 1.0034474e-06 5.0000304e-01
   3.5773774e-05 8.7453708e-07 1.3328902e-07 4.9999744e-01]
  [4.9995360e-01 4.9986032e-01 4.9999353e-01 1.0036198e-06 5.0000304e-01
   3.5773464e-05 8.7481402e-07 1.3331788e-07 4.9999744e-01]
  [4.9995357e-01 4.9986029e-01 4.9999353e-01 1.0037777e-06 5.0000304e-01
   3.5774250e-05 8.7502428e-07 1.3333950e-07 4.9999738e-01]]], shape=(1, 32, 9), dtype=float32)