[array([[[4.1251644e-01, 1.3629442e-01, 4.7501528e-01, 2.5232665e-02,
         2.2620538e-02, 2.6677944e-02, 1.0327385e-03, 3.9928474e-02,
         9.1310315e-02],
        [4.0341285e-01, 1.1232863e-01, 5.3552598e-01, 1.1580954e-02,
         6.2394114e-03, 6.6718818e-03, 6.8739741e-05, 1.2896628e-02,
         6.0962096e-02],
        [3.1034860e-01, 1.3352861e-01, 4.7504574e-01, 1.2836690e-02,
         3.4595088e-03, 3.7889038e-03, 3.0778087e-05, 8.0933208e-03,
         3.8395129e-02],
        [2.2764465e-01, 1.9381462e-01, 3.8756108e-01, 1.4076412e-02,
         2.1884956e-03, 2.6335714e-03, 1.3868201e-05, 5.3981398e-03,
         1.3792503e-02],
        [2.0277157e-01, 2.9549325e-01, 3.6897844e-01, 1.7233133e-02,
         1.9176005e-03, 2.1557310e-03, 7.1763438e-06, 3.7717107e-03,
         4.1243462e-03],
        [2.1875557e-01, 3.9156261e-01, 4.2246902e-01, 2.2665307e-02,
         2.1482143e-03, 2.0243034e-03, 4.3204304e-06, 2.9934954e-03,
         1.3897358e-03],
        [2.4164222e-01, 4.4306710e-01, 5.0565284e-01, 2.9211154e-02,
         2.6663181e-03, 2.0381592e-03, 3.3989725e-06, 2.6154097e-03,
         6.3861621e-04],
        [2.6264358e-01, 4.6547663e-01, 5.7775098e-01, 3.4848966e-02,
         3.1739159e-03, 2.0770605e-03, 3.0704518e-06, 2.3778582e-03,
         3.9797681e-04],
        [2.7817789e-01, 4.7533306e-01, 6.2835568e-01, 3.9188422e-02,
         3.5837688e-03, 2.0839782e-03, 2.9952203e-06, 2.2407393e-03,
         3.0960768e-04],
        [2.8825530e-01, 4.8005009e-01, 6.6168523e-01, 4.2394027e-02,
         3.8663454e-03, 2.0674225e-03, 2.9415846e-06, 2.1401427e-03,
         2.6880088e-04],
        [2.9533580e-01, 4.8208660e-01, 6.8417561e-01, 4.5007363e-02,
         4.1222633e-03, 2.0707271e-03, 3.0517128e-06, 2.1006369e-03,
         2.5555180e-04],
        [2.9938838e-01, 4.8321271e-01, 6.9929767e-01, 4.7004644e-02,
         4.2632376e-03, 2.0563835e-03, 3.1482186e-06, 2.0636457e-03,
         2.4922780e-04],
        [3.0103838e-01, 4.8384395e-01, 7.0833224e-01, 4.7953874e-02,
         4.2803539e-03, 2.0302737e-03, 3.1546726e-06, 2.0355158e-03,
         2.4447739e-04],
        [3.0289528e-01, 4.8377404e-01, 7.1524328e-01, 4.9283035e-02,
         4.3596402e-03, 2.0197909e-03, 3.2741036e-06, 2.0362146e-03,
         2.4752089e-04],
        [3.0332497e-01, 4.8385444e-01, 7.1880627e-01, 5.0393071e-02,
         4.3478603e-03, 2.0071710e-03, 3.3304075e-06, 2.0274208e-03,
         2.4841525e-04],
        [3.0140486e-01, 4.8396283e-01, 7.2188038e-01, 5.0962389e-02,
         4.3265605e-03, 1.9870633e-03, 3.3572044e-06, 2.0191211e-03,
         2.4702348e-04],
        [3.0144852e-01, 4.8378423e-01, 7.2515929e-01, 5.1384699e-02,
         4.2885710e-03, 1.9651311e-03, 3.3887140e-06, 2.0153553e-03,
         2.4980531e-04],
        [3.0130515e-01, 4.8379928e-01, 7.2611958e-01, 5.2024376e-02,
         4.2904164e-03, 1.9638052e-03, 3.4268839e-06, 2.0085624e-03,
         2.5141172e-04],
        [3.0042723e-01, 4.8341748e-01, 7.2757524e-01, 5.2195936e-02,
         4.2658285e-03, 1.9476102e-03, 3.4702043e-06, 2.0111515e-03,
         2.5452327e-04],
        [3.0027980e-01, 4.8335415e-01, 7.2743678e-01, 5.2657969e-02,
         4.2685610e-03, 1.9409932e-03, 3.5399012e-06, 2.0069631e-03,
         2.5797781e-04],
        [2.9989070e-01, 4.8306337e-01, 7.2722149e-01, 5.2988786e-02,
         4.2714304e-03, 1.9305843e-03, 3.6198696e-06, 2.0099164e-03,
         2.6295483e-04],
        [2.9809311e-01, 4.8341188e-01, 7.2754812e-01, 5.3107224e-02,
         4.2092032e-03, 1.9139098e-03, 3.5518415e-06, 1.9902899e-03,
         2.6023138e-04],
        [2.9838985e-01, 4.8296037e-01, 7.2783661e-01, 5.3250562e-02,
         4.2097447e-03, 1.9132071e-03, 3.6281021e-06, 1.9923814e-03,
         2.6530857e-04],
        [2.9640371e-01, 4.8333660e-01, 7.2749048e-01, 5.3421319e-02,
         4.1523785e-03, 1.8996537e-03, 3.5882299e-06, 1.9896077e-03,
         2.6372293e-04],
        [2.9642457e-01, 4.8313791e-01, 7.2767794e-01, 5.3591385e-02,
         4.1617583e-03, 1.9036006e-03, 3.6185438e-06, 1.9899886e-03,
         2.6567627e-04],
        [2.9577830e-01, 4.8297417e-01, 7.2616410e-01, 5.3824719e-02,
         4.1900617e-03, 1.9123007e-03, 3.6790991e-06, 1.9947160e-03,
         2.7036521e-04],
        [2.9337126e-01, 4.8329917e-01, 7.2596079e-01, 5.3982999e-02,
         4.1536791e-03, 1.9126050e-03, 3.5972687e-06, 1.9854989e-03,
         2.6713032e-04],
        [2.9129121e-01, 4.8351252e-01, 7.2458929e-01, 5.4299735e-02,
         4.1893898e-03, 1.9403440e-03, 3.5846945e-06, 1.9889260e-03,
         2.6728548e-04],
        [2.8950864e-01, 4.8385286e-01, 7.2194535e-01, 5.4640099e-02,
         4.2353715e-03, 1.9646385e-03, 3.5906799e-06, 1.9924580e-03,
         2.7019350e-04],
        [2.8666750e-01, 4.8413244e-01, 7.1870124e-01, 5.4971069e-02,
         4.2621032e-03, 1.9976459e-03, 3.5461837e-06, 1.9873737e-03,
         2.7119479e-04],
        [2.8351849e-01, 4.8470348e-01, 7.1686441e-01, 5.5315442e-02,
         4.2686793e-03, 2.0178878e-03, 3.4899604e-06, 1.9851122e-03,
         2.6952734e-04],
        [2.8083825e-01, 4.8529199e-01, 7.1506858e-01, 5.5159133e-02,
         4.2430302e-03, 2.0236282e-03, 3.3987628e-06, 1.9791294e-03,
         2.6449235e-04]]], dtype=float32), array([[[6.59281075e-01, 3.22688147e-02, 1.95208251e-01, 2.63580345e-02,
         2.16199402e-02, 1.12597151e-02, 3.88582157e-05, 1.94026083e-02,
         2.36371346e-02],
        [4.03623104e-01, 2.27175211e-03, 4.54533380e-03, 1.02347387e-02,
         1.52558267e-01, 5.25912503e-03, 1.64581543e-05, 1.19286543e-03,
         1.13842264e-01],
        [5.51634394e-02, 1.78706611e-03, 2.05316697e-03, 4.80298791e-03,
         3.54320049e-01, 7.27071287e-03, 1.90588660e-04, 6.34598779e-04,
         7.70677030e-01],
        [1.55617129e-02, 4.88831289e-03, 2.35529430e-03, 2.92703835e-03,
         1.26519710e-01, 9.55423620e-03, 6.66991458e-04, 1.47167523e-03,
         9.24688280e-01],
        [1.35234771e-02, 1.53894955e-02, 3.51533014e-03, 3.04486020e-03,
         1.47152320e-02, 1.13103744e-02, 1.12297817e-03, 2.16581137e-03,
         9.60071206e-01],
        [2.07759459e-02, 2.67349388e-02, 4.36473824e-03, 3.40084941e-03,
         5.07670129e-03, 9.72596463e-03, 1.39699352e-03, 3.15800495e-03,
         9.74428415e-01],
        [3.40778455e-02, 3.32671367e-02, 4.73655108e-03, 3.27564660e-03,
         3.38090607e-03, 9.87353642e-03, 1.61581975e-03, 4.35592514e-03,
         9.80840385e-01],
        [5.19035049e-02, 3.87877412e-02, 5.66069782e-03, 3.04859132e-03,
         2.92097684e-03, 1.10557638e-02, 2.09448556e-03, 5.10166632e-03,
         9.83008325e-01],
        [7.32970908e-02, 4.42069881e-02, 8.21429864e-03, 3.24520376e-03,
         2.95418175e-03, 1.23206042e-02, 2.53309496e-03, 5.68397436e-03,
         9.82828856e-01],
        [1.03341497e-01, 5.14736027e-02, 1.32045858e-02, 3.70453089e-03,
         3.41347419e-03, 1.35383960e-02, 2.75941473e-03, 6.38685143e-03,
         9.81839001e-01],
        [1.52895078e-01, 5.85006326e-02, 2.09076349e-02, 4.24798066e-03,
         4.26239613e-03, 1.42228780e-02, 2.89745978e-03, 6.88586524e-03,
         9.79910553e-01],
        [2.39162058e-01, 6.03413209e-02, 3.30036096e-02, 5.14973793e-03,
         5.78840310e-03, 1.42871793e-02, 3.30689456e-03, 7.68191973e-03,
         9.77151394e-01],
        [3.05575311e-01, 6.01871647e-02, 4.98965867e-02, 5.70296822e-03,
         7.30247051e-03, 1.57228149e-02, 4.25137160e-03, 7.98217580e-03,
         9.71443713e-01],
        [3.24342996e-01, 6.02519549e-02, 7.20467791e-02, 6.06953213e-03,
         8.56283214e-03, 1.72348563e-02, 5.51900826e-03, 7.54362438e-03,
         9.59671915e-01],
        [3.20097625e-01, 6.24647215e-02, 9.55323875e-02, 6.66329172e-03,
         9.65455920e-03, 1.98830981e-02, 6.82805525e-03, 7.56501080e-03,
         9.35409546e-01],
        [3.01950425e-01, 6.56167418e-02, 1.14760280e-01, 7.21855229e-03,
         1.08013274e-02, 2.34055910e-02, 8.05222336e-03, 7.81461503e-03,
         8.93597722e-01],
        [2.79229850e-01, 6.87761307e-02, 1.31275117e-01, 7.45543838e-03,
         1.20405201e-02, 2.70914920e-02, 8.99268501e-03, 7.99298193e-03,
         8.34556699e-01],
        [2.55484641e-01, 7.42497295e-02, 1.46545038e-01, 7.68047897e-03,
         1.33827310e-02, 3.05550396e-02, 9.67077725e-03, 8.05979036e-03,
         7.67469227e-01],
        [2.25865275e-01, 8.39245096e-02, 1.62760660e-01, 8.15279596e-03,
         1.47191482e-02, 3.40578742e-02, 1.04890056e-02, 7.94638041e-03,
         7.04206944e-01],
        [1.99232414e-01, 9.63845477e-02, 1.77643463e-01, 8.78774095e-03,
         1.59698967e-02, 3.74343991e-02, 1.13937762e-02, 7.83440564e-03,
         6.52871430e-01],
        [1.83452696e-01, 1.07032277e-01, 1.86932981e-01, 9.06768721e-03,
         1.70244332e-02, 4.00546044e-02, 1.18708983e-02, 7.82964285e-03,
         6.16894662e-01],
        [1.71454594e-01, 1.16103753e-01, 1.93063974e-01, 9.27781034e-03,
         1.79691948e-02, 4.16858681e-02, 1.22892717e-02, 7.91121554e-03,
         5.94218969e-01],
        [1.60541192e-01, 1.25175014e-01, 1.95973828e-01, 9.61665902e-03,
         1.91198625e-02, 4.24377434e-02, 1.27472095e-02, 8.01448431e-03,
         5.80362499e-01],
        [1.49861485e-01, 1.33178398e-01, 1.96498185e-01, 9.92674101e-03,
         2.02574804e-02, 4.19158004e-02, 1.34203406e-02, 7.96034280e-03,
         5.71691453e-01],
        [1.39431730e-01, 1.40330002e-01, 1.97669253e-01, 1.03705758e-02,
         2.11572647e-02, 3.96791473e-02, 1.39566027e-02, 7.71052530e-03,
         5.65024137e-01],
        [1.31873295e-01, 1.44698605e-01, 1.99118257e-01, 1.12246685e-02,
         2.23074351e-02, 3.69433984e-02, 1.41484477e-02, 7.33372709e-03,
         5.58007777e-01],
        [1.28884763e-01, 1.42351463e-01, 1.98202029e-01, 1.25940843e-02,
         2.46481728e-02, 3.56863812e-02, 1.44674508e-02, 7.19313836e-03,
         5.51330864e-01],
        [1.25742793e-01, 1.37213975e-01, 1.96445107e-01, 1.38289640e-02,
         2.71931142e-02, 3.51042561e-02, 1.50689688e-02, 7.14134984e-03,
         5.45994937e-01],
        [1.24795511e-01, 1.35735467e-01, 1.95994765e-01, 1.46719599e-02,
         2.91647557e-02, 3.57097909e-02, 1.56383365e-02, 7.30527285e-03,
         5.42602062e-01],
        [1.22809343e-01, 1.36869058e-01, 1.96114361e-01, 1.51620535e-02,
         3.03218756e-02, 3.62537205e-02, 1.63385104e-02, 7.48946657e-03,
         5.40280759e-01],
        [1.20384507e-01, 1.39490321e-01, 1.97162881e-01, 1.54742058e-02,
         3.09975073e-02, 3.69801931e-02, 1.69485137e-02, 7.66630843e-03,
         5.38051724e-01],
        [1.19876035e-01, 1.42616272e-01, 1.97082505e-01, 1.58271343e-02,
         3.18862610e-02, 3.80915068e-02, 1.73948873e-02, 7.95380026e-03,
         5.36304295e-01]]], dtype=float32), array([[[6.89720631e-01, 1.57483984e-02, 7.02712119e-01, 2.30865590e-02,
         1.26248959e-03, 2.81413901e-03, 1.00709531e-05, 5.60215767e-03,
         4.91434615e-03],
        [3.74453701e-02, 5.88319637e-03, 1.30435944e-01, 1.54260350e-02,
         2.06828816e-04, 2.26139266e-04, 2.27443797e-06, 1.07770997e-04,
         6.46519102e-03],
        [7.20678642e-02, 5.79081941e-03, 1.14388820e-02, 2.14144997e-02,
         2.59437016e-04, 7.68102036e-05, 6.86999613e-07, 2.38591296e-04,
         1.52913295e-02],
        [1.80551037e-02, 1.58193037e-01, 8.62340501e-04, 8.42003617e-03,
         6.80334109e-04, 2.11425184e-04, 2.85207443e-06, 5.69706841e-04,
         4.78316069e-01],
        [4.63924417e-03, 9.48440313e-01, 5.92742697e-04, 7.93349836e-03,
         2.57476675e-03, 9.97831696e-04, 7.18105002e-05, 2.91078025e-03,
         9.05963898e-01],
        [3.20363580e-03, 9.70477223e-01, 4.75048146e-04, 8.79672915e-03,
         4.19874350e-03, 1.49252603e-03, 2.04564058e-04, 2.33050948e-03,
         9.68613625e-01],
        [5.09017380e-03, 9.60205257e-01, 5.34971419e-04, 9.92933568e-03,
         6.63951039e-03, 1.49621500e-03, 2.89678545e-04, 1.42254226e-03,
         9.81633544e-01],
        [1.85042582e-02, 9.31113005e-01, 9.85257910e-04, 1.26251448e-02,
         1.03345523e-02, 1.44647597e-03, 4.75323934e-04, 1.53306569e-03,
         9.87004936e-01],
        [4.39896509e-02, 8.47409368e-01, 1.74648012e-03, 1.35954404e-02,
         1.48076145e-02, 1.42104179e-03, 6.00715342e-04, 1.84380414e-03,
         9.89173889e-01],
        [8.89007002e-02, 7.05246031e-01, 3.12129012e-03, 1.14909187e-02,
         1.49203548e-02, 1.84739521e-03, 5.52002573e-04, 2.02603056e-03,
         9.87589240e-01],
        [1.22318961e-01, 6.22806728e-01, 5.03737107e-03, 1.07095065e-02,
         1.45988613e-02, 2.45905784e-03, 5.58020896e-04, 1.94190070e-03,
         9.85153615e-01],
        [1.42948344e-01, 6.10250711e-01, 7.89005402e-03, 1.03485323e-02,
         1.39851412e-02, 2.68373871e-03, 5.11749240e-04, 1.76976295e-03,
         9.81906176e-01],
        [1.61923215e-01, 6.40664577e-01, 1.17105767e-02, 9.27257165e-03,
         1.31265558e-02, 2.63231760e-03, 4.18200041e-04, 1.54449278e-03,
         9.77719843e-01],
        [1.76732004e-01, 6.91891372e-01, 1.58934407e-02, 7.67068053e-03,
         1.20529188e-02, 2.57078232e-03, 3.08151473e-04, 1.31985010e-03,
         9.72128808e-01],
        [1.79113254e-01, 7.53243566e-01, 2.08137948e-02, 6.42521447e-03,
         1.06629170e-02, 2.47865799e-03, 2.37199827e-04, 1.19762355e-03,
         9.64596868e-01],
        [1.79309577e-01, 8.09300125e-01, 2.65445411e-02, 5.70507022e-03,
         9.26846918e-03, 2.33802223e-03, 1.93856205e-04, 1.14338018e-03,
         9.55209851e-01],
        [1.82201490e-01, 8.51994455e-01, 3.21000963e-02, 5.37556084e-03,
         8.46523326e-03, 2.29989272e-03, 1.58330877e-04, 1.10787817e-03,
         9.42119956e-01],
        [1.87722877e-01, 8.83156180e-01, 3.51542346e-02, 5.39945625e-03,
         8.38642195e-03, 2.43338384e-03, 1.36553019e-04, 1.15617679e-03,
         9.24334288e-01],
        [1.98645428e-01, 9.06292737e-01, 3.85937691e-02, 5.45987161e-03,
         8.54979269e-03, 2.60084844e-03, 1.17609496e-04, 1.21945643e-03,
         9.01522040e-01],
        [2.05663279e-01, 9.22953010e-01, 3.97351272e-02, 5.50875394e-03,
         8.74230731e-03, 2.86505814e-03, 1.11559122e-04, 1.29551499e-03,
         8.79509449e-01],
        [2.14182854e-01, 9.33213770e-01, 4.08424176e-02, 5.39034232e-03,
         8.82549211e-03, 3.13992775e-03, 1.03287683e-04, 1.35688588e-03,
         8.60919416e-01],
        [2.20356569e-01, 9.40474868e-01, 4.07790951e-02, 5.24695916e-03,
         8.91644415e-03, 3.48431617e-03, 9.92489877e-05, 1.40200625e-03,
         8.47946882e-01],
        [2.25678846e-01, 9.46062207e-01, 4.31918986e-02, 5.10067632e-03,
         8.65634717e-03, 3.75570497e-03, 9.47030712e-05, 1.37852388e-03,
         8.37024450e-01],
        [2.27026731e-01, 9.52114344e-01, 4.50144224e-02, 5.13013825e-03,
         8.59606825e-03, 4.20533027e-03, 1.00128731e-04, 1.34696753e-03,
         8.27680171e-01],
        [2.28505209e-01, 9.57547426e-01, 4.69801873e-02, 5.21620270e-03,
         8.71659722e-03, 4.63575358e-03, 1.13007030e-04, 1.33520877e-03,
         8.20091128e-01],
        [2.30379269e-01, 9.61448729e-01, 5.38424365e-02, 5.39871212e-03,
         8.47406033e-03, 4.78086434e-03, 1.25884369e-04, 1.34751177e-03,
         8.08153331e-01],
        [2.25788206e-01, 9.65251148e-01, 6.24606572e-02, 5.82280895e-03,
         7.93802831e-03, 4.64892155e-03, 1.37075855e-04, 1.29637250e-03,
         7.93933153e-01],
        [2.19659939e-01, 9.67523396e-01, 7.16489702e-02, 5.99972717e-03,
         7.35246250e-03, 4.78938967e-03, 1.47223691e-04, 1.28549547e-03,
         7.78285086e-01],
        [2.12102175e-01, 9.68472779e-01, 7.89927468e-02, 6.08552014e-03,
         6.96156221e-03, 5.20409876e-03, 1.62827171e-04, 1.30938599e-03,
         7.65631437e-01],
        [2.03001574e-01, 9.68478680e-01, 8.67137760e-02, 6.13799272e-03,
         6.50343066e-03, 5.77383349e-03, 1.77790294e-04, 1.30446372e-03,
         7.53381550e-01],
        [1.95287704e-01, 9.67637479e-01, 9.27998051e-02, 6.28166273e-03,
         6.09715795e-03, 6.42567035e-03, 1.94572349e-04, 1.26733503e-03,
         7.43600547e-01],
        [1.89383179e-01, 9.66366887e-01, 9.97722894e-02, 6.37260405e-03,
         5.69600612e-03, 7.04679592e-03, 2.08671700e-04, 1.19909795e-03,
         7.33353138e-01]]], dtype=float32), array([[[7.24765897e-01, 4.81993198e-01, 7.10509062e-01, 7.68835843e-02,
         6.44005719e-04, 3.40386271e-03, 1.92413768e-06, 2.85074557e-03,
         4.75139823e-03],
        [6.97289070e-04, 8.01083624e-01, 3.97322364e-02, 1.57271512e-02,
         9.74617491e-04, 1.32609659e-03, 2.03925515e-06, 1.63100176e-05,
         4.43152327e-04],
        [2.08501093e-04, 8.77199508e-03, 9.66519043e-02, 1.08219665e-02,
         2.37289397e-03, 6.53272495e-04, 4.14356100e-06, 6.04940669e-06,
         3.76588781e-04],
        [1.69130682e-03, 4.41285461e-04, 9.45676148e-01, 9.04212799e-03,
         2.63658143e-03, 1.12521765e-03, 4.28602107e-05, 2.05121742e-05,
         8.31074954e-04],
        [1.05906082e-02, 2.17405657e-04, 9.72177565e-01, 5.26399584e-03,
         6.92187017e-03, 9.32790060e-03, 2.50921235e-04, 3.51819399e-05,
         5.32593066e-03],
        [7.88141370e-01, 2.83009140e-04, 9.83731687e-01, 2.45111296e-03,
         1.06253009e-02, 2.77149588e-01, 4.38614545e-04, 2.15656910e-04,
         1.98381450e-02],
        [8.10867906e-01, 6.53098279e-04, 7.48540461e-01, 3.83244571e-03,
         1.10382093e-02, 6.62077904e-01, 7.21147400e-04, 1.10121444e-03,
         2.17642728e-02],
        [4.68376949e-02, 3.89050506e-03, 1.94462463e-02, 8.35590716e-03,
         1.08289123e-02, 8.02714169e-01, 9.59773839e-04, 1.61276583e-03,
         5.27248066e-03],
        [8.50879215e-03, 6.41225697e-03, 8.23284220e-03, 8.56189709e-03,
         7.56937778e-03, 8.61433983e-01, 7.59412942e-04, 1.51014619e-03,
         2.96072778e-03],
        [6.64415117e-03, 6.59249164e-03, 7.29108416e-03, 7.63260154e-03,
         6.65164134e-03, 9.01481330e-01, 6.17674668e-04, 1.49626401e-03,
         3.07961483e-03],
        [6.20455667e-03, 6.47152076e-03, 6.89827185e-03, 6.94063213e-03,
         6.44380180e-03, 9.27127540e-01, 5.33243641e-04, 1.59798365e-03,
         3.31689604e-03],
        [6.19061664e-03, 6.64435420e-03, 6.78262906e-03, 6.43717172e-03,
         6.35084044e-03, 9.42643285e-01, 4.90447914e-04, 1.64675212e-03,
         3.45360674e-03],
        [6.25656778e-03, 7.19602080e-03, 6.60735322e-03, 5.91109926e-03,
         6.48092385e-03, 9.51512635e-01, 4.59687057e-04, 1.63051242e-03,
         3.60014685e-03],
        [6.14131289e-03, 8.23332183e-03, 6.44667679e-03, 5.43416850e-03,
         6.55734912e-03, 9.56729233e-01, 4.29884502e-04, 1.59919739e-03,
         3.72730405e-03],
        [5.90383261e-03, 9.59364511e-03, 6.59325160e-03, 5.02492860e-03,
         6.34249672e-03, 9.61192071e-01, 4.11144109e-04, 1.57519022e-03,
         3.80926230e-03],
        [5.22450777e-03, 1.17236003e-02, 6.70389645e-03, 4.67630336e-03,
         6.11383235e-03, 9.63962018e-01, 3.91439622e-04, 1.59597839e-03,
         3.91844334e-03],
        [4.68488084e-03, 1.38346674e-02, 7.06622563e-03, 4.29612258e-03,
         5.87138114e-03, 9.66712356e-01, 3.96243093e-04, 1.57662178e-03,
         4.03033430e-03],
        [3.98281263e-03, 1.69649888e-02, 7.33804423e-03, 4.06595785e-03,
         5.92056243e-03, 9.66945291e-01, 3.87813488e-04, 1.57501490e-03,
         4.18742280e-03],
        [3.45676579e-03, 2.07623988e-02, 7.64894113e-03, 3.89309460e-03,
         6.04791939e-03, 9.66354012e-01, 3.81515943e-04, 1.52405910e-03,
         4.38875565e-03],
        [3.19901248e-03, 2.42844671e-02, 8.14188458e-03, 3.74591770e-03,
         6.20103721e-03, 9.64767158e-01, 3.68552428e-04, 1.46143697e-03,
         4.51665558e-03],
        [3.11612268e-03, 2.69420072e-02, 8.98121018e-03, 3.58223519e-03,
         6.34085899e-03, 9.62335825e-01, 3.48607835e-04, 1.40392664e-03,
         4.59983991e-03],
        [3.10587208e-03, 3.01931482e-02, 1.04900002e-02, 3.33945127e-03,
         6.54177135e-03, 9.58673716e-01, 3.16724123e-04, 1.35120307e-03,
         4.68871277e-03],
        [3.21965013e-03, 3.35171893e-02, 1.33410944e-02, 3.06267547e-03,
         6.73688343e-03, 9.54582930e-01, 2.89411226e-04, 1.31512224e-03,
         4.85813944e-03],
        [3.48555110e-03, 3.60920243e-02, 1.93503797e-02, 2.87914230e-03,
         6.70901313e-03, 9.51476216e-01, 2.79753149e-04, 1.33953372e-03,
         5.11644129e-03],
        [4.21005441e-03, 3.64064388e-02, 3.49428616e-02, 2.76752748e-03,
         6.28721621e-03, 9.47403610e-01, 2.78798514e-04, 1.42165669e-03,
         5.60585689e-03],
        [7.44836172e-03, 3.05186827e-02, 9.34648514e-02, 2.60566943e-03,
         5.60199143e-03, 9.32034075e-01, 2.98291881e-04, 1.36745383e-03,
         6.51174970e-03],
        [3.46141979e-02, 2.05311943e-02, 4.66309816e-01, 2.44217808e-03,
         4.55300417e-03, 8.68896663e-01, 2.86262424e-04, 1.34631305e-03,
         8.45937990e-03],
        [1.21677265e-01, 1.59284193e-02, 8.63853455e-01, 2.54915003e-03,
         4.38562734e-03, 5.72169662e-01, 1.74842586e-04, 1.12439261e-03,
         1.28945857e-02],
        [2.20989808e-01, 2.02326532e-02, 9.10508692e-01, 2.78444309e-03,
         4.50802688e-03, 3.55100423e-01, 1.28950604e-04, 9.33066476e-04,
         1.63391624e-02],
        [2.08146080e-01, 2.54264362e-02, 8.91896069e-01, 3.08220251e-03,
         4.87271138e-03, 3.38382453e-01, 1.55550399e-04, 8.85107496e-04,
         1.86432023e-02],
        [1.63845152e-01, 3.50187160e-02, 8.42850864e-01, 3.79198929e-03,
         6.13233680e-03, 3.86218071e-01, 2.63188558e-04, 1.02976616e-03,
         2.11098306e-02],
        [1.30384430e-01, 4.91673574e-02, 7.56321967e-01, 4.83646151e-03,
         7.95478653e-03, 4.55668747e-01, 4.70666710e-04, 1.27952918e-03,
         2.39822082e-02]]], dtype=float32), array([[[1.72597021e-02, 1.50832366e-02, 7.27112234e-01, 1.56538580e-02,
         2.93319696e-04, 1.77580834e-04, 9.97163738e-07, 1.01181395e-04,
         2.12825486e-03],
        [1.46690236e-05, 3.96187941e-04, 3.92193347e-03, 2.20159907e-03,
         2.30406848e-04, 1.04978972e-03, 6.70132022e-06, 6.77508569e-06,
         1.77025865e-03],
        [4.56230810e-05, 8.80340289e-04, 3.02900648e-04, 2.92679691e-03,
         4.61194315e-04, 2.03242409e-03, 2.18583500e-05, 1.42823392e-05,
         1.55059376e-03],
        [4.17862408e-04, 9.16079211e-04, 1.20129879e-03, 4.78834193e-03,
         5.85760863e-04, 1.19582273e-03, 4.49897634e-05, 1.08764052e-05,
         1.69347634e-03],
        [9.84475195e-01, 1.42941615e-04, 9.84753430e-01, 7.35303899e-03,
         8.30283680e-05, 7.34296409e-05, 3.24963776e-06, 1.05262377e-04,
         1.11327711e-02],
        [8.46689008e-03, 5.54928137e-03, 9.95503426e-01, 3.05366563e-03,
         1.53457062e-04, 2.74774557e-05, 4.26259139e-05, 1.05388544e-05,
         5.34334080e-03],
        [3.81116261e-04, 5.84800780e-01, 7.20802099e-02, 5.15315589e-03,
         6.82401995e-04, 7.36752816e-04, 3.56066826e-04, 2.33197898e-05,
         1.17452233e-03],
        [2.45806575e-03, 2.96267927e-01, 1.75463222e-03, 8.87221750e-03,
         3.79936257e-03, 4.92845941e-03, 2.97589635e-04, 6.04764318e-05,
         1.74771075e-03],
        [3.05548515e-02, 3.96775305e-02, 1.26070925e-03, 1.86886173e-02,
         7.81630445e-03, 1.20856166e-02, 3.03419481e-04, 1.62017081e-04,
         5.81151433e-03],
        [1.46448657e-01, 1.61907170e-02, 2.05193134e-03, 2.68575698e-02,
         8.48831050e-03, 1.74483638e-02, 3.91920446e-04, 3.32040741e-04,
         1.73209272e-02],
        [2.24603042e-01, 1.33770630e-02, 3.39480001e-03, 2.96244416e-02,
         8.04305077e-03, 2.11139228e-02, 4.85968281e-04, 5.37305896e-04,
         3.11911646e-02],
        [1.73572868e-01, 1.43612809e-02, 5.08190738e-03, 2.77370736e-02,
         7.78526952e-03, 2.47771312e-02, 5.39579662e-04, 6.21762709e-04,
         4.09163982e-02],
        [8.61468092e-02, 1.75116323e-02, 8.15755129e-03, 2.07495242e-02,
         7.40146544e-03, 2.55680177e-02, 6.17387879e-04, 6.10362389e-04,
         4.64058295e-02],
        [3.66546474e-02, 2.11281665e-02, 1.77277923e-02, 1.22147854e-02,
         6.24649785e-03, 2.24040672e-02, 7.09917455e-04, 5.36776730e-04,
         5.63814119e-02],
        [1.70916561e-02, 2.91136727e-02, 4.56566177e-02, 7.98822660e-03,
         5.10629453e-03, 1.64302643e-02, 7.84391421e-04, 4.97845351e-04,
         6.55781105e-02],
        [8.36363435e-03, 4.93532047e-02, 1.42766133e-01, 5.51719451e-03,
         4.32613725e-03, 1.24842152e-02, 1.07538188e-03, 5.16494561e-04,
         8.13584179e-02],
        [4.94131446e-03, 8.67928043e-02, 3.61033499e-01, 3.96713661e-03,
         4.34864359e-03, 1.19944708e-02, 1.55584654e-03, 5.50459605e-04,
         9.47333872e-02],
        [4.07138467e-03, 1.33837134e-01, 5.92774093e-01, 3.50558734e-03,
         4.52896301e-03, 1.12567656e-02, 1.78576435e-03, 5.30650374e-04,
         1.06692530e-01],
        [3.99971008e-03, 1.86499327e-01, 7.36661971e-01, 3.75306397e-03,
         4.68183681e-03, 1.02784615e-02, 2.01121601e-03, 5.44846698e-04,
         1.20160379e-01],
        [3.94266844e-03, 2.50551552e-01, 7.92594612e-01, 3.90392938e-03,
         4.86249477e-03, 9.61065292e-03, 2.17286241e-03, 5.93989796e-04,
         1.25843942e-01],
        [3.50636244e-03, 3.48094165e-01, 7.97324300e-01, 4.03708033e-03,
         5.31722885e-03, 9.17351991e-03, 2.41789548e-03, 6.77073898e-04,
         1.24784991e-01],
        [2.98595428e-03, 4.90265280e-01, 7.32020795e-01, 4.15859511e-03,
         6.26591360e-03, 9.56135802e-03, 2.85600871e-03, 7.79093476e-04,
         1.19944528e-01],
        [2.96321511e-03, 6.50084555e-01, 4.80457425e-01, 4.65883967e-03,
         7.91743677e-03, 1.18542239e-02, 3.45976325e-03, 8.70931894e-04,
         1.02927051e-01],
        [5.53020835e-03, 7.65175641e-01, 9.86740887e-02, 8.20887182e-03,
         1.17445448e-02, 1.67376865e-02, 4.19837702e-03, 1.19806139e-03,
         7.03837425e-02],
        [9.26463008e-02, 5.57264149e-01, 7.90259242e-03, 3.18677798e-02,
         2.04533469e-02, 2.69408487e-02, 5.45194419e-03, 2.00036098e-03,
         7.48280138e-02],
        [9.95837033e-01, 3.56767396e-03, 2.17374414e-01, 3.03110301e-01,
         6.41481718e-03, 8.44081771e-03, 1.73195760e-04, 2.57381727e-03,
         6.79939464e-02],
        [9.88961101e-01, 1.37222247e-04, 9.99622643e-01, 1.03059091e-01,
         1.34464423e-03, 4.57959395e-04, 2.96412527e-05, 2.76932871e-04,
         3.27758342e-02],
        [4.14329767e-03, 1.54455693e-03, 9.99561906e-01, 2.81384494e-03,
         6.61962840e-04, 4.84066899e-04, 2.05828146e-05, 3.71431233e-05,
         6.51621446e-03],
        [3.12179327e-04, 8.81521869e-03, 7.73993492e-01, 1.17266469e-03,
         6.33439049e-04, 2.45974120e-03, 2.18375826e-05, 5.76905841e-05,
         1.59428874e-03],
        [8.16762447e-04, 7.43808411e-03, 2.50393748e-02, 1.90182263e-03,
         9.25883418e-04, 7.69047625e-03, 2.00304858e-05, 1.10914058e-04,
         8.80681502e-04],
        [1.64821744e-03, 3.35344556e-03, 9.24992561e-03, 2.69245356e-03,
         1.21647690e-03, 8.55051726e-03, 1.54368045e-05, 1.38918622e-04,
         9.24897613e-04],
        [1.75875425e-03, 2.75931275e-03, 7.90756941e-03, 2.88656331e-03,
         1.38600066e-03, 9.05166566e-03, 1.52097873e-05, 1.38756295e-04,
         9.88633139e-04]]], dtype=float32), array([[[7.18212962e-01, 3.32008988e-01, 7.30245888e-01, 3.19367468e-01,
         9.29462491e-04, 5.42720845e-05, 7.94213975e-06, 1.14174346e-02,
         5.60256653e-04],
        [1.03723978e-05, 8.67477655e-01, 6.76421274e-04, 3.97485979e-02,
         8.14291894e-01, 5.04454086e-03, 2.99469996e-02, 2.38947814e-05,
         4.96862185e-06],
        [3.30841467e-02, 1.16478128e-03, 8.61825480e-04, 4.01161201e-02,
         9.38844025e-01, 4.47197026e-03, 1.77914444e-02, 4.22715530e-04,
         3.46960114e-05],
        [4.65474091e-03, 2.88730301e-03, 1.40209138e-01, 1.98643724e-03,
         1.80779532e-01, 5.70047850e-05, 3.43064894e-04, 1.33817184e-05,
         2.41459464e-03],
        [4.84361808e-04, 1.53026683e-02, 6.95554446e-03, 3.31574562e-03,
         5.84640428e-02, 8.86191410e-05, 1.75848720e-03, 1.13521683e-05,
         9.35061980e-05],
        [8.01935699e-03, 6.13207417e-03, 1.58919185e-01, 1.72424130e-03,
         1.10707395e-02, 7.05227285e-05, 5.89007861e-04, 4.41142802e-05,
         5.39482571e-04],
        [1.93379790e-01, 9.90204930e-01, 9.92327631e-01, 2.96941772e-03,
         2.52925471e-04, 2.74205504e-05, 9.44243402e-06, 1.71548760e-04,
         8.20616784e-04],
        [1.68803308e-04, 9.46653724e-01, 1.86162989e-03, 2.20361277e-02,
         7.66937155e-03, 1.42429766e-04, 2.00104205e-05, 1.50844844e-05,
         6.33191712e-06],
        [4.34195863e-05, 3.51234316e-03, 1.33974609e-04, 5.17023401e-03,
         4.34662640e-01, 1.05899596e-03, 3.53452633e-04, 1.30157596e-05,
         1.78393675e-05],
        [5.36357809e-04, 2.03545624e-03, 6.13259105e-03, 3.78157059e-03,
         4.52202819e-02, 3.75965232e-04, 4.03195503e-04, 4.27463056e-05,
         2.50543846e-04],
        [1.08677717e-02, 9.55862999e-01, 8.52568150e-01, 5.85343363e-03,
         3.31056799e-04, 1.07369327e-04, 6.78889455e-06, 6.80597586e-05,
         2.78471911e-04],
        [5.60564913e-05, 8.06659281e-01, 5.81678178e-04, 1.60413329e-02,
         9.18647740e-03, 2.74981867e-04, 2.06116074e-05, 9.50565845e-06,
         6.29409305e-06],
        [4.60991141e-05, 1.10712240e-03, 1.50143765e-04, 4.43950109e-03,
         5.71330130e-01, 2.22974457e-03, 3.90442321e-04, 1.09736720e-05,
         2.71931422e-05],
        [1.05538883e-03, 1.19027321e-03, 1.08348038e-02, 3.54963588e-03,
         5.91644160e-02, 4.59912291e-04, 4.51995758e-04, 6.89201843e-05,
         3.88884131e-04],
        [5.38616069e-02, 9.44234967e-01, 9.65391278e-01, 4.87684878e-03,
         2.44524592e-04, 9.89678811e-05, 6.85072155e-06, 1.09946253e-04,
         9.10571136e-04],
        [1.53243542e-04, 9.52047825e-01, 1.41865015e-03, 1.71814747e-02,
         5.12287207e-03, 2.81478453e-04, 1.29127357e-05, 1.07133474e-05,
         7.63098251e-06],
        [8.25804018e-05, 9.51200724e-04, 1.59114599e-04, 4.07268526e-03,
         5.94731629e-01, 2.20010150e-03, 2.79976899e-04, 1.30410681e-05,
         3.31320407e-05],
        [1.86920166e-03, 9.43332911e-04, 1.56999826e-02, 3.67988646e-03,
         6.36553243e-02, 3.90562287e-04, 4.44980804e-04, 8.69235446e-05,
         4.84549237e-04],
        [7.54956901e-02, 9.60134745e-01, 9.74734902e-01, 5.35644032e-03,
         2.09778154e-04, 7.67098318e-05, 6.13698330e-06, 1.18313073e-04,
         8.43298272e-04],
        [1.87009573e-04, 9.47683215e-01, 1.44353509e-03, 1.79905631e-02,
         5.10996161e-03, 2.53691513e-04, 1.18392209e-05, 1.13073002e-05,
         7.58998976e-06],
        [6.94835180e-05, 9.30011272e-04, 1.48028135e-04, 3.92190693e-03,
         6.10822141e-01, 2.20782612e-03, 2.79513799e-04, 1.18270273e-05,
         3.22213164e-05],
        [1.91074610e-03, 1.10667944e-03, 1.64079368e-02, 3.75776691e-03,
         5.83581105e-02, 3.37592006e-04, 4.10890818e-04, 7.95317901e-05,
         4.31376422e-04],
        [8.16008747e-02, 9.47249889e-01, 9.74756300e-01, 5.30632725e-03,
         2.19106616e-04, 8.18314438e-05, 6.99449629e-06, 1.10931265e-04,
         9.24448075e-04],
        [2.43455172e-04, 9.63664353e-01, 2.23204494e-03, 1.77684333e-02,
         4.15474176e-03, 2.51658843e-04, 9.79121523e-06, 1.15993098e-05,
         8.04795854e-06],
        [7.60684343e-05, 1.05476379e-03, 1.49756670e-04, 3.85090173e-03,
         5.75660706e-01, 2.12644227e-03, 2.54542043e-04, 1.14765717e-05,
         3.20573454e-05],
        [1.85257196e-03, 1.44603848e-03, 1.90240741e-02, 3.82163725e-03,
         4.68904674e-02, 2.56045983e-04, 3.33625212e-04, 6.08661176e-05,
         3.46655783e-04],
        [2.87277699e-02, 9.67486739e-01, 9.31375504e-01, 6.61745714e-03,
         2.48581171e-04, 6.63554019e-05, 6.21143954e-06, 6.92127651e-05,
         3.43705964e-04],
        [1.26779079e-04, 9.08287108e-01, 9.72449780e-04, 1.76629815e-02,
         5.45257330e-03, 2.62256101e-04, 1.11416311e-05, 9.71361897e-06,
         6.23226560e-06],
        [4.83206932e-05, 1.10760331e-03, 1.21957033e-04, 4.09807125e-03,
         5.67295253e-01, 2.20607966e-03, 2.91867967e-04, 9.41679718e-06,
         2.79214473e-05],
        [1.02543831e-03, 1.92111731e-03, 1.50256157e-02, 3.72724934e-03,
         3.75921726e-02, 2.30733116e-04, 2.95521080e-04, 4.16177027e-05,
         2.87351897e-04],
        [1.77140236e-02, 9.68528032e-01, 8.91398191e-01, 6.43968955e-03,
         2.62886286e-04, 8.15560852e-05, 6.54080168e-06, 5.86534115e-05,
         2.81093700e-04],
        [1.11120266e-04, 8.76657605e-01, 8.67724419e-04, 1.65253729e-02,
         5.81684709e-03, 2.68762640e-04, 1.16842348e-05, 9.59877525e-06,
         6.42398163e-06]]], dtype=float32), array([[[7.03608215e-01, 7.29543924e-01, 8.93620029e-03, 2.50145816e-03,
         2.64183083e-03, 1.65652076e-03, 1.16825777e-06, 3.68008768e-04,
         1.10034169e-04],
        [8.78852879e-05, 3.86284053e-04, 1.92381628e-03, 1.91664207e-04,
         2.30406560e-02, 1.94851123e-02, 1.86976977e-04, 1.43709012e-05,
         8.26202275e-04],
        [9.04665969e-04, 1.18863082e-03, 9.17703867e-01, 2.16989029e-05,
         1.40173396e-03, 5.75925864e-04, 1.97739664e-05, 2.96597100e-05,
         8.71575654e-01],
        [1.51879849e-05, 9.81708229e-01, 5.15912485e-04, 2.99662381e-04,
         7.00428267e-04, 2.45078380e-04, 7.38415292e-06, 9.06614900e-07,
         8.60479369e-04],
        [4.21600183e-04, 9.92893577e-01, 1.50805399e-05, 7.04822654e-04,
         1.50789868e-03, 7.40105752e-04, 3.14002427e-05, 2.64997789e-06,
         4.19032694e-05],
        [9.88596439e-01, 3.68492573e-01, 2.60219997e-04, 1.52649675e-02,
         2.54384079e-03, 4.09426494e-03, 2.45584451e-05, 4.49267362e-04,
         2.62052566e-03],
        [7.47460220e-03, 9.86609876e-01, 9.74835992e-01, 9.86760948e-04,
         2.00442201e-03, 8.93130564e-05, 1.19396182e-05, 2.42561309e-05,
         1.37298908e-02],
        [3.61695245e-04, 4.08937316e-03, 2.65592844e-05, 2.06881086e-03,
         1.26652792e-02, 5.22826565e-03, 7.56183726e-05, 1.53943165e-05,
         6.01875770e-04],
        [3.82241420e-03, 6.10126415e-04, 9.84373152e-01, 1.04754450e-04,
         1.41163787e-03, 2.23571042e-04, 1.02051032e-04, 1.32019733e-04,
         9.92451370e-01],
        [1.22843921e-05, 9.85317409e-01, 1.92958757e-03, 1.19450258e-03,
         2.28526816e-03, 4.14676761e-04, 8.18282861e-05, 6.26778638e-06,
         1.99309196e-02],
        [5.54452126e-05, 6.77311301e-01, 1.42684393e-03, 6.24345092e-04,
         1.32378377e-03, 1.10869056e-04, 5.24709367e-06, 1.61462344e-06,
         7.18594936e-04],
        [2.54639199e-05, 9.96108651e-01, 1.26089668e-04, 3.89933324e-04,
         6.22432737e-04, 5.31967788e-04, 8.53958409e-06, 1.84321425e-06,
         1.63248624e-04],
        [3.48748802e-03, 9.97671068e-01, 4.48384208e-06, 1.81669835e-03,
         1.32492359e-03, 3.40751768e-03, 4.23649144e-05, 1.18554099e-05,
         9.09656592e-05],
        [9.98203397e-01, 6.91251457e-02, 6.07338850e-04, 1.83376726e-02,
         2.07053241e-03, 4.23494214e-03, 1.45897611e-05, 1.03239494e-03,
         2.76814401e-02],
        [1.87337326e-04, 9.97648597e-01, 9.24703538e-01, 8.60131462e-04,
         3.55650368e-03, 1.26257262e-04, 9.51421134e-06, 3.39795815e-06,
         5.89038769e-04],
        [3.30924988e-04, 6.60479069e-04, 3.41704326e-05, 1.83050486e-03,
         2.64343489e-02, 7.55768921e-03, 1.76238726e-04, 5.02325674e-05,
         1.28370174e-03],
        [1.34553611e-02, 1.08781457e-03, 9.96394992e-01, 1.00891695e-04,
         1.10583741e-03, 2.55532766e-04, 8.40106441e-05, 2.83661240e-04,
         9.98505533e-01],
        [7.24975962e-06, 9.93787766e-01, 4.55677335e-04, 2.00551236e-03,
         2.57674884e-03, 5.49858960e-04, 1.13863200e-04, 3.56155124e-06,
         6.58371672e-03],
        [4.39345604e-05, 6.39614940e-01, 9.04321554e-04, 5.77342988e-04,
         1.29219575e-03, 1.33351408e-04, 4.62870548e-06, 1.30707588e-06,
         5.28246048e-04],
        [2.37042186e-05, 9.98919606e-01, 2.45877272e-05, 5.17849694e-04,
         6.40866172e-04, 8.26416421e-04, 1.56688966e-05, 1.87469414e-06,
         9.72956987e-05],
        [1.15057707e-01, 9.73580837e-01, 5.72918270e-06, 7.51278922e-03,
         1.61666004e-03, 3.79193597e-03, 5.31408259e-05, 3.76363605e-05,
         1.24067068e-04],
        [9.94791567e-01, 8.19022357e-02, 4.26357985e-03, 1.31266387e-02,
         2.30687461e-03, 1.47943024e-03, 1.17633253e-05, 9.56757052e-04,
         7.26290047e-02],
        [7.12780238e-05, 9.96099353e-01, 4.63579595e-01, 9.55621479e-04,
         4.38784203e-03, 1.77547350e-04, 1.09472885e-05, 1.99696296e-06,
         3.33160162e-04],
        [9.97145762e-05, 4.09007072e-04, 7.10244494e-05, 1.36403786e-03,
         3.51698995e-02, 4.03967313e-03, 2.65935989e-04, 4.64139375e-05,
         2.26238370e-03],
        [1.82122886e-02, 1.21441483e-03, 9.97667313e-01, 9.37037548e-05,
         9.51066439e-04, 2.11275605e-04, 4.48111568e-05, 2.19245063e-04,
         9.98484492e-01],
        [7.65640289e-06, 9.98994172e-01, 1.00778430e-04, 2.29488802e-03,
         1.58352614e-03, 3.58897843e-04, 4.07172265e-05, 1.38199221e-06,
         2.25293636e-03],
        [3.34085162e-05, 9.95536804e-01, 1.68902770e-05, 1.14968198e-03,
         1.31834543e-03, 4.10737557e-04, 1.75056393e-05, 1.19163133e-06,
         5.68509386e-05],
        [3.13150883e-03, 9.96666908e-01, 1.80984728e-06, 2.94350414e-03,
         1.40235631e-03, 4.12889151e-03, 5.81950844e-05, 1.01126670e-05,
         9.07572248e-05],
        [9.98572469e-01, 6.97219968e-02, 4.89413738e-04, 3.22720669e-02,
         2.26292061e-03, 4.00336320e-03, 2.03409872e-05, 9.10007511e-04,
         2.30418146e-02],
        [1.90794468e-04, 9.97876525e-01, 9.35551763e-01, 9.98227508e-04,
         3.74889001e-03, 1.14587558e-04, 1.08903560e-05, 3.00514853e-06,
         5.43594360e-04],
        [3.33309174e-04, 6.49452209e-04, 3.18100829e-05, 2.19836924e-03,
         2.56070048e-02, 7.46152224e-03, 1.70890868e-04, 3.50284863e-05,
         1.04060769e-03],
        [1.55580938e-02, 1.03935599e-03, 9.96596336e-01, 1.05122162e-04,
         1.01894315e-03, 2.44049443e-04, 8.35324536e-05, 2.67920288e-04,
         9.98488665e-01]]], dtype=float32), array([[[7.31056690e-01, 7.69444232e-05, 4.94057953e-01, 1.50194112e-03,
         3.36827856e-04, 2.96322536e-03, 1.84466971e-05, 4.86689568e-01,
         7.30001628e-01],
        [8.78008544e-01, 8.77217710e-01, 2.04114313e-03, 7.29487883e-03,
         5.46595373e-04, 1.01199851e-03, 9.47049994e-04, 1.16250443e-03,
         8.72130990e-01],
        [9.49144244e-01, 8.82037938e-01, 5.63513255e-03, 8.36047158e-03,
         1.45314296e-03, 2.84077786e-03, 9.03832697e-05, 4.87918593e-03,
         9.26069140e-01],
        [9.63277340e-01, 1.79020334e-02, 1.64294597e-02, 1.48372643e-03,
         2.24045361e-03, 7.29699968e-04, 1.32897594e-05, 1.35497062e-03,
         9.52104032e-01],
        [5.44187091e-02, 4.40807460e-04, 3.11650336e-02, 5.24229486e-04,
         1.67594722e-03, 1.48623437e-03, 1.63161400e-04, 2.77990534e-04,
         9.86516893e-01],
        [9.96588469e-01, 1.62820856e-04, 2.15405524e-02, 2.54028267e-03,
         6.31897384e-03, 1.36072445e-03, 1.06448664e-04, 5.42098074e-04,
         9.94603574e-01],
        [1.03139291e-02, 4.82723070e-03, 7.26784840e-02, 4.28007013e-04,
         2.36610565e-02, 1.02126482e-03, 2.16081989e-05, 2.34439103e-05,
         3.90796028e-02],
        [2.24245072e-04, 2.02062161e-04, 1.10541880e-02, 5.25296025e-04,
         7.12522864e-02, 2.51686852e-03, 5.25732525e-04, 5.95797537e-05,
         2.09534680e-03],
        [1.86062872e-01, 1.61278591e-01, 7.24739850e-01, 1.17665440e-04,
         1.66285993e-03, 2.31387588e-04, 5.79851003e-05, 2.85137008e-04,
         9.91806209e-01],
        [6.84795552e-04, 9.99533594e-01, 8.88217241e-04, 6.29116362e-03,
         1.29234903e-02, 1.10615627e-03, 6.84578845e-04, 2.89993277e-05,
         6.75098412e-03],
        [6.67113520e-04, 1.32283967e-04, 1.34456332e-03, 7.45849335e-04,
         3.19246233e-01, 8.42141174e-03, 5.29781864e-05, 9.25935819e-05,
         3.01483041e-03],
        [2.51199212e-03, 1.34278343e-05, 7.39619851e-01, 1.39038835e-04,
         3.42876762e-02, 1.21755258e-03, 7.15079950e-05, 1.20330362e-04,
         9.82275724e-01],
        [8.18872035e-01, 9.59025347e-04, 7.33418703e-01, 7.90363352e-04,
         5.63525688e-03, 4.98366193e-04, 5.55344159e-05, 9.36339129e-05,
         9.97731507e-01],
        [7.55656660e-01, 1.68994665e-02, 9.05220568e-01, 5.92570985e-04,
         3.16926767e-03, 2.02683732e-04, 3.16429032e-06, 3.49712827e-05,
         1.42324805e-01],
        [7.25865131e-04, 2.87159719e-03, 8.03063586e-02, 7.45239027e-04,
         2.19640061e-02, 5.97413513e-04, 2.86618197e-05, 1.19821379e-05,
         4.65419405e-04],
        [7.27316737e-01, 1.73630882e-02, 9.84843075e-01, 1.62193712e-04,
         1.10079930e-03, 6.98034783e-05, 3.52675761e-06, 2.21275914e-04,
         9.34491694e-01],
        [9.10162926e-04, 9.99503851e-01, 5.58724580e-03, 1.02910222e-02,
         8.63135699e-03, 5.46763476e-04, 3.30910378e-04, 1.52873545e-05,
         4.49888548e-03],
        [5.44071198e-04, 5.86882015e-05, 4.46491316e-03, 7.99248985e-04,
         2.55747616e-01, 3.92044242e-03, 2.24561209e-05, 5.72134995e-05,
         2.15026434e-03],
        [5.39100170e-03, 1.37123179e-05, 8.86293173e-01, 1.65375663e-04,
         1.62303112e-02, 9.70485562e-04, 2.88324118e-05, 1.00061901e-04,
         9.92182374e-01],
        [9.92800713e-01, 6.15090132e-04, 8.92126977e-01, 2.07800465e-03,
         3.79664428e-03, 1.70779749e-04, 1.59247375e-05, 9.02161555e-05,
         9.97847795e-01],
        [3.95567119e-02, 2.50400007e-02, 8.01994205e-01, 5.44134469e-04,
         5.74488938e-03, 2.44383351e-04, 2.65945073e-06, 7.31052614e-06,
         1.08370464e-02],
        [2.85446644e-04, 4.20033932e-04, 8.38919356e-02, 6.85045728e-04,
         3.86058725e-02, 9.78662865e-04, 6.74224721e-05, 2.04515145e-05,
         4.46587801e-04],
        [6.10568523e-01, 6.15180731e-02, 9.80036139e-01, 2.12574159e-04,
         1.15732104e-03, 9.03734326e-05, 8.11087739e-06, 2.60544650e-04,
         9.84760284e-01],
        [7.29382038e-04, 9.99704003e-01, 2.51300866e-03, 1.36235496e-02,
         1.17869535e-02, 6.02539512e-04, 2.63079768e-04, 1.71607171e-05,
         2.80871987e-03],
        [4.24146652e-04, 7.38624731e-05, 3.27385752e-03, 9.50702641e-04,
         3.99336904e-01, 5.14013506e-03, 2.69923257e-05, 6.51275914e-05,
         1.30364299e-03],
        [3.34021449e-03, 1.72471264e-05, 9.04532909e-01, 1.54758352e-04,
         2.51017883e-02, 7.61881238e-04, 2.71739118e-05, 8.52683443e-05,
         9.87486899e-01],
        [9.84507561e-01, 9.26911831e-04, 9.13259089e-01, 1.75524468e-03,
         4.11015376e-03, 1.68735787e-04, 1.88933554e-05, 7.92833016e-05,
         9.97475266e-01],
        [1.07707769e-01, 2.98599005e-02, 8.67909551e-01, 5.52071608e-04,
         4.17124620e-03, 1.93796091e-04, 1.96422184e-06, 8.35607443e-06,
         1.61686838e-02],
        [4.47303057e-04, 6.86854124e-04, 1.14863239e-01, 7.88599544e-04,
         2.55684182e-02, 6.31729898e-04, 3.24723005e-05, 1.49137559e-05,
         3.65525484e-04],
        [7.22582936e-01, 4.06521559e-02, 9.93690789e-01, 1.91202096e-04,
         9.75852250e-04, 6.13683587e-05, 4.48655146e-06, 2.21256472e-04,
         9.73152459e-01],
        [7.03632832e-04, 9.99796033e-01, 1.53436256e-03, 1.43988356e-02,
         1.07342536e-02, 3.89535882e-04, 1.74084591e-04, 8.76405284e-06,
         1.37525797e-03],
        [1.11614019e-04, 3.60742633e-05, 6.05663052e-04, 1.28333841e-03,
         7.86402047e-01, 7.95327220e-03, 6.51408191e-05, 5.14794410e-05,
         7.25895166e-04]]], dtype=float32), array([[[7.28480399e-01, 2.59068072e-01, 7.29730308e-01, 5.80713060e-03,
         2.24548392e-04, 3.19429557e-03, 3.97603856e-07, 3.33141477e-04,
         1.27127772e-04],
        [2.22755648e-06, 1.19125427e-04, 5.44088798e-05, 1.02553873e-04,
         8.32828507e-03, 8.34333420e-01, 1.00856276e-04, 2.41731195e-05,
         2.27688133e-06],
        [3.21019092e-03, 8.33286831e-05, 9.52492058e-01, 4.43766621e-05,
         1.89231549e-04, 1.02891503e-02, 6.80983521e-06, 2.22390358e-04,
         2.78932811e-03],
        [1.94725040e-02, 9.76849437e-01, 9.80235696e-01, 4.43256256e-04,
         9.63821221e-05, 9.59272511e-05, 1.00139168e-05, 9.75935745e-06,
         4.94944907e-05],
        [1.09788135e-03, 3.83747299e-03, 5.26934629e-03, 5.83939604e-04,
         3.23351240e-03, 4.37417254e-03, 2.80267501e-04, 8.60977671e-05,
         1.57531049e-05],
        [3.01828864e-03, 6.49474459e-05, 9.90806758e-01, 1.64400422e-04,
         3.51251638e-03, 3.51476669e-03, 3.26789042e-04, 3.34179465e-04,
         4.11398883e-04],
        [5.43664792e-04, 9.84723151e-01, 9.95940208e-01, 7.84508084e-05,
         3.82331520e-04, 7.13550777e-04, 5.20097601e-05, 1.01105659e-04,
         1.60760805e-03],
        [9.82140481e-01, 3.17785685e-04, 8.29829194e-04, 1.35087396e-03,
         2.25851629e-02, 1.65475532e-02, 9.64777701e-06, 1.67828123e-03,
         4.47312914e-06],
        [9.70200717e-01, 2.00632730e-05, 9.98761952e-01, 2.81611370e-04,
         3.84695153e-03, 8.72611534e-03, 9.14969064e-07, 1.19851052e-03,
         5.84722869e-03],
        [1.31279218e-03, 7.77569320e-03, 4.13603004e-04, 2.51110410e-04,
         9.21160739e-04, 1.22492705e-02, 1.12443258e-05, 4.67279961e-06,
         9.64632927e-05],
        [9.90800917e-01, 1.84932185e-06, 1.49366111e-02, 4.68645972e-04,
         5.51541615e-03, 9.48003493e-03, 6.82625625e-07, 2.15398322e-04,
         3.82857361e-05],
        [1.71833183e-03, 4.95673856e-03, 5.10938883e-01, 5.38289169e-05,
         3.12328368e-04, 3.51939327e-03, 2.30409319e-06, 2.33757851e-06,
         9.46597254e-04],
        [4.83102173e-01, 2.25751850e-04, 7.27672887e-05, 3.15296289e-04,
         2.04389240e-03, 9.78913158e-03, 1.96496171e-06, 1.75558616e-05,
         6.49025606e-06],
        [8.93982887e-01, 2.53401686e-05, 9.62476075e-01, 1.19926844e-04,
         9.03461478e-04, 3.64873232e-03, 2.11698890e-07, 7.12320762e-05,
         1.20840676e-03],
        [5.76496008e-04, 3.73616330e-02, 8.96453508e-04, 1.56663038e-04,
         2.43435716e-04, 3.35867028e-03, 5.96067230e-06, 7.41525696e-07,
         5.41425288e-05],
        [9.90215898e-01, 4.15182240e-06, 6.43810630e-03, 4.36753180e-04,
         3.56106926e-03, 7.93382060e-03, 3.85944816e-07, 1.25503619e-04,
         1.49895786e-05],
        [1.41066313e-03, 2.05273926e-02, 8.37394178e-01, 5.57701496e-05,
         1.58398761e-04, 2.43687071e-03, 8.28933082e-07, 2.21386063e-06,
         1.57024805e-03],
        [1.80357248e-01, 1.16208196e-03, 1.86310281e-05, 4.44958103e-04,
         1.36634230e-03, 1.13439308e-02, 1.25076883e-06, 9.43011037e-06,
         4.06583786e-06],
        [9.71993327e-01, 2.10670296e-05, 9.91062939e-01, 1.53211353e-04,
         4.36983537e-04, 4.20819642e-03, 4.49208883e-08, 1.09263361e-04,
         1.98778627e-03],
        [6.48963469e-05, 3.68306339e-01, 1.24537945e-03, 1.99548449e-04,
         9.33266856e-05, 2.30227876e-03, 4.19047046e-06, 4.23772377e-07,
         6.78747674e-05],
        [9.89012003e-01, 7.11509165e-06, 2.55277753e-03, 5.50017052e-04,
         2.87365075e-03, 9.18413699e-03, 1.94361533e-07, 1.15957708e-04,
         9.63285220e-06],
        [5.26249409e-04, 1.35740876e-01, 9.83036876e-01, 5.61220113e-05,
         4.86241552e-05, 1.32648216e-03, 4.01160662e-07, 1.44456749e-06,
         2.88275280e-03],
        [1.05465055e-02, 3.00836563e-02, 7.36274660e-06, 4.94792417e-04,
         1.04271783e-03, 6.87149866e-03, 1.22811468e-06, 3.38228369e-06,
         1.45474041e-06],
        [9.87522364e-01, 3.10889736e-05, 9.98742640e-01, 1.25463645e-04,
         3.33527627e-04, 4.91113262e-03, 1.63160419e-08, 9.43258347e-05,
         2.66902172e-03],
        [1.23367618e-05, 9.67365563e-01, 1.59600377e-03, 1.75114474e-04,
         6.64161926e-05, 1.38347072e-03, 3.23910399e-06, 2.78277383e-07,
         6.65985935e-05],
        [9.82882977e-01, 2.25700678e-05, 2.06705928e-03, 5.36073989e-04,
         4.70904540e-03, 7.75792217e-03, 9.81965371e-08, 9.06755668e-05,
         6.39797872e-06],
        [3.43561172e-04, 5.50247967e-01, 9.97320473e-01, 5.95876663e-05,
         3.93610426e-05, 9.37108649e-04, 2.78283096e-07, 1.24871804e-06,
         2.64475215e-03],
        [9.48548317e-04, 3.61659884e-01, 5.33270941e-06, 3.42865329e-04,
         1.35534105e-03, 8.90557189e-03, 1.49382856e-06, 1.79307438e-06,
         9.20214802e-07],
        [9.05411363e-01, 1.28060579e-04, 9.91296768e-01, 9.56941731e-05,
         4.73326450e-04, 6.18630275e-03, 1.77810300e-08, 5.82854664e-05,
         1.82837923e-03],
        [6.42612940e-06, 9.94299293e-01, 4.09132242e-03, 1.27312538e-04,
         6.58526842e-05, 1.18284940e-03, 2.78594553e-06, 2.45078866e-07,
         9.07611102e-05],
        [6.76045895e-01, 2.43782997e-04, 1.51038170e-03, 2.74301507e-04,
         4.87621594e-03, 1.01550175e-02, 1.05239259e-07, 4.47243874e-05,
         4.21816640e-06],
        [3.50058079e-04, 6.73253238e-01, 9.97415662e-01, 4.34579160e-05,
         5.04540840e-05, 9.72924405e-04, 2.00454949e-07, 1.50429491e-06,
         1.80665369e-03]]], dtype=float32), array([[[7.30908096e-01, 1.16144251e-02, 7.24533677e-01, 3.39651555e-02,
         2.66140024e-03, 1.15909493e-02, 1.20846344e-05, 3.87951076e-01,
         3.73510621e-03],
        [1.60444342e-05, 2.20264425e-03, 2.39206802e-05, 5.55077568e-04,
         2.32598116e-03, 1.75955868e-03, 6.21630694e-04, 3.36752928e-05,
         8.04476382e-04],
        [9.51999426e-01, 4.15972230e-04, 9.40062940e-01, 1.18355397e-02,
         2.61079200e-04, 1.32551620e-04, 1.21100356e-06, 2.86070281e-03,
         9.21423376e-01],
        [3.42708244e-03, 9.81199086e-01, 3.42174171e-04, 4.90813470e-03,
         4.74600121e-04, 1.80047209e-05, 6.10796676e-04, 9.78099433e-06,
         3.35792225e-04],
        [9.93095756e-01, 7.72092782e-04, 6.93014145e-01, 1.64244603e-02,
         4.31992374e-02, 7.07732455e-04, 2.36427559e-06, 2.08093179e-03,
         2.91002938e-03],
        [6.48053310e-06, 9.79623973e-01, 1.40808122e-02, 1.00348576e-03,
         6.78877928e-04, 2.75256741e-03, 3.39637743e-04, 4.56073076e-06,
         4.65493463e-03],
        [9.98144388e-01, 3.41049890e-04, 6.78119613e-05, 7.82669008e-01,
         1.08335979e-01, 1.98016074e-04, 5.02150979e-05, 3.72878369e-03,
         7.80441274e-04],
        [1.01040606e-03, 9.74269986e-01, 9.53492597e-02, 1.02844443e-02,
         8.31799349e-04, 2.35261070e-03, 1.44775462e-04, 8.79151412e-05,
         9.78892684e-01],
        [9.81671393e-01, 9.98700082e-01, 2.54990649e-04, 7.04109907e-01,
         4.26871190e-03, 1.67930521e-05, 1.71184994e-03, 7.47837243e-04,
         1.15503715e-02],
        [9.99910474e-01, 9.98263896e-01, 5.23605794e-02, 2.36172900e-01,
         2.29841899e-02, 2.79262622e-05, 8.84525725e-05, 2.12829784e-02,
         2.63241138e-02],
        [3.56187783e-02, 9.82381761e-01, 1.95901748e-03, 7.15712318e-03,
         8.87439400e-03, 1.59252624e-04, 3.76426149e-04, 2.61817739e-04,
         1.88271236e-03],
        [1.72511786e-02, 1.84900686e-01, 2.92380480e-03, 1.38740605e-02,
         3.59213725e-02, 2.83787143e-03, 3.01310653e-03, 8.32656864e-04,
         5.82540445e-02],
        [1.30839255e-02, 9.99948382e-01, 6.12590373e-01, 7.52804102e-03,
         3.38210631e-03, 1.43555803e-02, 1.98327806e-02, 1.05804009e-02,
         9.96208489e-01],
        [7.01869354e-02, 9.98976350e-01, 6.05495786e-03, 3.03986426e-02,
         6.36802688e-02, 6.70420751e-03, 3.04704513e-02, 6.93290262e-03,
         7.48174846e-01],
        [1.54376358e-01, 9.97478008e-01, 6.28420040e-02, 4.96438481e-02,
         1.81837574e-01, 2.30826307e-02, 4.10258956e-02, 1.10719549e-02,
         9.79769766e-01],
        [9.03638825e-02, 9.97438669e-01, 4.55321446e-02, 5.57586402e-02,
         2.11139008e-01, 3.23365629e-02, 4.95800115e-02, 8.99525452e-03,
         9.58817542e-01],
        [9.95761827e-02, 9.96506810e-01, 3.88813503e-02, 6.39416352e-02,
         2.61449516e-01, 3.32304314e-02, 4.86135446e-02, 8.25315807e-03,
         9.62588966e-01],
        [1.18190333e-01, 9.96030211e-01, 3.33034769e-02, 7.26737306e-02,
         2.72412211e-01, 2.88301893e-02, 4.74103391e-02, 8.47526826e-03,
         9.60071802e-01],
        [1.09146804e-01, 9.96541679e-01, 2.44096667e-02, 7.11066946e-02,
         2.72282720e-01, 2.53861509e-02, 4.02755700e-02, 6.49773562e-03,
         9.64264393e-01],
        [1.44027114e-01, 9.96571362e-01, 1.82763282e-02, 8.01724046e-02,
         2.51876354e-01, 1.83280073e-02, 3.26371975e-02, 5.90268243e-03,
         9.59447622e-01],
        [1.59679726e-01, 9.96727705e-01, 1.22855389e-02, 9.35132802e-02,
         2.22770989e-01, 1.34901116e-02, 2.79018804e-02, 4.98264702e-03,
         9.49207962e-01],
        [1.52633622e-01, 9.96685803e-01, 7.24045420e-03, 1.13865271e-01,
         1.98942155e-01, 1.11199031e-02, 2.25729160e-02, 3.55829741e-03,
         9.24263656e-01],
        [1.33191496e-01, 9.96338665e-01, 3.56748165e-03, 1.60699308e-01,
         1.78943738e-01, 9.44781397e-03, 1.67783480e-02, 2.61725695e-03,
         8.35052788e-01],
        [8.45738426e-02, 9.96187091e-01, 2.17449944e-03, 2.26368263e-01,
         1.55800268e-01, 1.09189451e-02, 1.28809614e-02, 2.10008095e-03,
         6.12660170e-01],
        [3.40109356e-02, 9.96129394e-01, 1.33474846e-03, 2.95213163e-01,
         1.37001947e-01, 1.57522969e-02, 9.84222256e-03, 1.48049649e-03,
         3.39515388e-01],
        [1.71520673e-02, 9.95792627e-01, 8.25636613e-04, 4.07979071e-01,
         1.32601470e-01, 1.91416442e-02, 9.12072603e-03, 1.21342042e-03,
         2.10237011e-01],
        [6.80439221e-03, 9.96073961e-01, 4.76269546e-04, 5.12504339e-01,
         1.12852015e-01, 2.29660347e-02, 9.36861988e-03, 9.39250400e-04,
         1.12070397e-01],
        [9.85819846e-03, 9.92315590e-01, 3.57698329e-04, 6.35218978e-01,
         1.50731802e-01, 2.45971270e-02, 1.19859837e-02, 1.49209518e-03,
         6.38854727e-02],
        [5.42063266e-03, 9.87508714e-01, 1.77170194e-04, 6.95188105e-01,
         1.32952124e-01, 3.05083394e-02, 1.36411479e-02, 1.22093293e-03,
         2.25875955e-02],
        [7.64443213e-03, 9.76201177e-01, 6.67915447e-05, 7.95763850e-01,
         1.08696632e-01, 1.98303163e-02, 8.94754007e-03, 1.01127010e-03,
         7.16992421e-03],
        [1.51814427e-02, 9.55385566e-01, 7.98879410e-05, 7.98255980e-01,
         8.59263316e-02, 1.46304462e-02, 7.08222436e-03, 1.36893464e-03,
         3.31608322e-03],
        [6.92191571e-02, 9.57314253e-01, 1.21064091e-04, 7.66517818e-01,
         5.86146265e-02, 7.03714509e-03, 3.67879402e-03, 2.37025716e-03,
         1.32806669e-03]]], dtype=float32)]