tf.Tensor(
[[[7.30980873e-01 1.41051542e-02 7.29530215e-01 2.62472425e-02
   1.32965052e-03 8.77320580e-03 2.94015672e-06 4.92925167e-01
   8.65305949e-04]
  [3.32528034e-05 2.12800820e-04 1.34450738e-05 7.66435696e-04
   4.13895072e-03 3.30829155e-03 7.75368360e-04 1.18281823e-04
   2.18417146e-03]
  [9.51879025e-01 6.90182671e-04 9.23869014e-01 6.57499488e-03
   1.94084176e-04 9.22514155e-05 4.60846559e-06 2.26061419e-03
   9.42369640e-01]
  [1.20808312e-03 9.80635822e-01 5.62431407e-04 3.04295868e-03
   8.63917172e-04 4.81081552e-05 1.76753523e-03 9.36747711e-06
   4.46793274e-04]
  [9.92944121e-01 1.57228508e-03 8.36470485e-01 1.39095522e-02
   8.17496181e-02 1.21120131e-03 3.54636768e-06 3.38203157e-03
   1.80991963e-02]
  [9.17899160e-06 9.92023170e-01 4.92614647e-03 2.00014235e-03
   8.43129877e-04 2.44167284e-03 5.42831316e-04 3.66176141e-06
   2.25902162e-03]
  [9.92494464e-01 4.79576236e-04 6.52172748e-05 8.67818832e-01
   1.82690591e-01 2.33829487e-04 1.21190249e-04 2.73444923e-03
   8.93326942e-04]
  [2.87316885e-04 9.58568037e-01 8.39451794e-03 1.45213539e-02
   1.64644595e-03 3.36452178e-03 3.92153481e-04 4.14427086e-05
   9.61561978e-01]
  [9.92639780e-01 9.97634292e-01 6.90120971e-04 8.21025550e-01
   3.62604088e-03 2.34068957e-05 1.10122329e-03 7.63357151e-04
   2.34706886e-02]
  [9.99883294e-01 9.99253094e-01 4.29372862e-02 1.53955147e-01
   1.76421665e-02 3.05364192e-05 1.02475766e-04 1.67999491e-02
   1.16683794e-02]
  [2.34634504e-02 9.76546347e-01 1.28184934e-03 6.95975218e-03
   9.33562312e-03 1.43711455e-04 3.62673862e-04 1.64546131e-04
   1.15392241e-03]
  [1.09548494e-02 2.27847427e-01 2.28583557e-03 1.15948198e-02
   3.14337648e-02 2.88434466e-03 2.39766599e-03 4.88834979e-04
   5.37159741e-02]
  [1.23942159e-02 9.99966800e-01 6.03891015e-01 6.33314345e-03
   2.84896768e-03 1.17515121e-02 1.45645337e-02 9.31542180e-03
   9.96359468e-01]
  [4.99272346e-02 9.99271870e-01 2.44680885e-03 2.75427122e-02
   5.83469421e-02 4.88448841e-03 2.40499042e-02 4.30199690e-03
   6.27582431e-01]
  [1.85936600e-01 9.96993363e-01 3.21804509e-02 4.62184176e-02
   1.20123357e-01 1.38100227e-02 2.00447123e-02 7.01816939e-03
   9.87086952e-01]
  [5.51852286e-02 9.98753965e-01 1.95302032e-02 5.02631962e-02
   1.56245321e-01 1.65883917e-02 4.04401086e-02 4.33791056e-03
   9.73306298e-01]
  [1.61006033e-01 9.96392310e-01 1.25547620e-02 6.47766069e-02
   2.02902049e-01 1.30754802e-02 1.92701351e-02 4.08696197e-03
   9.73272145e-01]
  [1.50128528e-01 9.97447908e-01 1.18807005e-02 7.15496391e-02
   1.80402756e-01 1.05525395e-02 1.98018942e-02 3.79234366e-03
   9.68645692e-01]
  [1.90999582e-01 9.96944129e-01 9.37202014e-03 8.02111849e-02
   1.87341958e-01 8.83880071e-03 1.65444724e-02 3.48101044e-03
   9.63392258e-01]
  [1.31723732e-01 9.97322500e-01 6.67168479e-03 7.80170485e-02
   1.61811218e-01 7.84534309e-03 1.33700920e-02 2.22086394e-03
   9.55205142e-01]
  [1.81604281e-01 9.96391177e-01 4.35405737e-03 1.05714016e-01
   1.66780993e-01 5.52114146e-03 1.01371063e-02 1.95094629e-03
   9.16811228e-01]
  [7.10836574e-02 9.96951461e-01 1.82564056e-03 1.20505184e-01
   1.43429950e-01 5.86205069e-03 8.43306258e-03 1.05256855e-03
   7.71678507e-01]
  [1.63430020e-01 9.93580341e-01 1.84527715e-03 2.59440780e-01
   1.70660838e-01 4.99980664e-03 8.37026257e-03 1.59325264e-03
   6.19120300e-01]
  [5.66562004e-02 9.96376395e-01 1.67375943e-03 3.02662551e-01
   1.46434858e-01 8.24193936e-03 9.38594993e-03 1.22057367e-03
   3.92266303e-01]
  [7.01013803e-02 9.94534135e-01 1.38011866e-03 4.33682829e-01
   1.64889187e-01 8.48574098e-03 7.52882985e-03 1.44613592e-03
   2.57130951e-01]
  [1.55768096e-02 9.97331798e-01 9.13344265e-04 4.71246243e-01
   1.27098709e-01 1.28674023e-02 8.37740209e-03 1.09906646e-03
   1.62379518e-01]
  [1.03361607e-02 9.97476459e-01 4.11279063e-04 6.19602561e-01
   1.10028856e-01 1.04068387e-02 6.36404892e-03 9.61102312e-04
   6.72678500e-02]
  [5.45412302e-03 9.97543991e-01 1.89997547e-04 7.04905152e-01
   1.03822924e-01 1.00914957e-02 7.63489818e-03 7.69326638e-04
   2.09232587e-02]
  [4.25338745e-03 9.97446775e-01 8.47482297e-05 7.98459709e-01
   9.52904746e-02 7.76905753e-03 7.20287999e-03 6.19072642e-04
   8.38623941e-03]
  [7.22804666e-03 9.96301711e-01 8.74216785e-05 8.30543041e-01
   1.07728288e-01 7.82182999e-03 7.16548786e-03 8.60565400e-04
   6.80620503e-03]
  [8.87116790e-03 9.97529089e-01 6.59582802e-05 8.36147964e-01
   5.29856421e-02 5.36316587e-03 7.05153355e-03 7.26303027e-04
   1.73183356e-03]
  [1.21466994e-01 9.94762719e-01 2.10521117e-04 8.21882010e-01
   8.71616602e-02 5.40860230e-03 4.10219608e-03 2.82885693e-03
   1.78311113e-03]]], shape=(1, 32, 9), dtype=float32)