[array([[[2.87397623e-01, 2.82470554e-01, 3.02702934e-01, 2.66517788e-01,
         2.58514017e-01, 2.52080262e-01, 2.66544580e-01, 2.59871691e-01,
         2.69835621e-01],
        [2.95836866e-01, 2.86928922e-01, 3.43389720e-01, 2.65217990e-01,
         2.32629761e-01, 2.23245174e-01, 2.55807132e-01, 2.73504615e-01,
         3.05058867e-01],
        [3.35905254e-01, 3.13876122e-01, 4.40129131e-01, 2.09900796e-01,
         1.73652276e-01, 1.53678194e-01, 2.24735662e-01, 2.11386681e-01,
         2.67820537e-01],
        [3.95798773e-01, 3.48422498e-01, 5.58951974e-01, 1.30201176e-01,
         1.07829757e-01, 8.80070552e-02, 1.79787204e-01, 1.29575387e-01,
         1.99055731e-01],
        [4.79861856e-01, 3.92249703e-01, 6.90983653e-01, 5.63566275e-02,
         5.31129949e-02, 3.94116305e-02, 1.24425821e-01, 5.82527965e-02,
         1.22089542e-01],
        [5.70875525e-01, 4.38250899e-01, 8.01256776e-01, 1.86794102e-02,
         2.35999916e-02, 1.66001488e-02, 7.69499242e-02, 2.19891556e-02,
         6.71438202e-02],
        [6.51946604e-01, 4.78457212e-01, 8.78572941e-01, 5.97134279e-03,
         1.08213164e-02, 7.43892975e-03, 4.52831015e-02, 8.46223813e-03,
         3.79132479e-02],
        [7.13369966e-01, 5.06871641e-01, 9.29487586e-01, 2.23673042e-03,
         5.32517210e-03, 3.60804191e-03, 2.62635220e-02, 3.52977565e-03,
         2.43531093e-02],
        [7.53477395e-01, 5.23164749e-01, 9.57843363e-01, 1.15439622e-03,
         3.32371937e-03, 2.30769068e-03, 1.74554754e-02, 1.98810943e-03,
         1.84783712e-02],
        [7.80297101e-01, 5.33317089e-01, 9.72922921e-01, 7.69879611e-04,
         2.49081291e-03, 1.80416496e-03, 1.33660939e-02, 1.44728972e-03,
         1.57973804e-02],
        [7.97809303e-01, 5.40166259e-01, 9.80743885e-01, 6.07893104e-04,
         2.11409223e-03, 1.59889355e-03, 1.14693167e-02, 1.23117352e-03,
         1.44587988e-02],
        [8.09723198e-01, 5.45274913e-01, 9.84814405e-01, 5.30263409e-04,
         1.92324945e-03, 1.50619657e-03, 1.05280876e-02, 1.13827270e-03,
         1.36015518e-02],
        [8.18835616e-01, 5.49538851e-01, 9.86788332e-01, 4.86739504e-04,
         1.83617335e-03, 1.47861848e-03, 1.01231206e-02, 1.11002859e-03,
         1.31010599e-02],
        [8.25442255e-01, 5.52578151e-01, 9.87748325e-01, 4.61363554e-04,
         1.80193747e-03, 1.48770446e-03, 9.97134764e-03, 1.10843917e-03,
         1.27068181e-02],
        [8.30554128e-01, 5.55737913e-01, 9.88281190e-01, 4.41474636e-04,
         1.77178078e-03, 1.48340804e-03, 9.89814755e-03, 1.10586034e-03,
         1.23938592e-02],
        [8.34610224e-01, 5.58746278e-01, 9.88385141e-01, 4.31922235e-04,
         1.78444653e-03, 1.52059749e-03, 1.00201936e-02, 1.14167656e-03,
         1.21305808e-02],
        [8.38525712e-01, 5.61315894e-01, 9.88486171e-01, 4.23089921e-04,
         1.77266356e-03, 1.52912433e-03, 1.00521585e-02, 1.15446211e-03,
         1.19454218e-02],
        [8.41165781e-01, 5.63620627e-01, 9.88427699e-01, 4.19128104e-04,
         1.76228990e-03, 1.54310034e-03, 1.01340497e-02, 1.17099157e-03,
         1.17148617e-02],
        [8.43500376e-01, 5.65043032e-01, 9.88411009e-01, 4.12894267e-04,
         1.75763608e-03, 1.54775823e-03, 1.01250838e-02, 1.17813644e-03,
         1.16113359e-02],
        [8.44851077e-01, 5.66674411e-01, 9.88419890e-01, 4.08658496e-04,
         1.74698303e-03, 1.54181442e-03, 1.00619337e-02, 1.17875554e-03,
         1.15130013e-02],
        [8.45638871e-01, 5.68060338e-01, 9.88513529e-01, 4.05585277e-04,
         1.72846462e-03, 1.53207092e-03, 1.00554805e-02, 1.17198774e-03,
         1.14491601e-02],
        [8.46791089e-01, 5.68894446e-01, 9.88482773e-01, 4.04430350e-04,
         1.73010083e-03, 1.54311047e-03, 1.01559320e-02, 1.19153876e-03,
         1.13186827e-02],
        [8.47983718e-01, 5.69130957e-01, 9.88390803e-01, 4.04208229e-04,
         1.74422294e-03, 1.56822149e-03, 1.02252839e-02, 1.21051737e-03,
         1.12333149e-02],
        [8.49965751e-01, 5.70143402e-01, 9.88112628e-01, 4.08787775e-04,
         1.77172397e-03, 1.61545631e-03, 1.03994673e-02, 1.24621054e-03,
         1.11671677e-02],
        [8.51129770e-01, 5.71339607e-01, 9.88219917e-01, 4.06204927e-04,
         1.75227434e-03, 1.60023675e-03, 1.03529114e-02, 1.23569136e-03,
         1.11910859e-02],
        [8.51705909e-01, 5.71797013e-01, 9.88286555e-01, 4.06850741e-04,
         1.74319569e-03, 1.58445968e-03, 1.02753965e-02, 1.23197585e-03,
         1.11700976e-02],
        [8.51710379e-01, 5.71794271e-01, 9.88372445e-01, 4.03765123e-04,
         1.73236639e-03, 1.57196424e-03, 1.02158282e-02, 1.22087821e-03,
         1.11474684e-02],
        [8.52172911e-01, 5.71777284e-01, 9.88381267e-01, 4.01257130e-04,
         1.73590449e-03, 1.58233393e-03, 1.02727087e-02, 1.22373772e-03,
         1.11344941e-02],
        [8.52812111e-01, 5.72395265e-01, 9.88292456e-01, 4.02283622e-04,
         1.74646731e-03, 1.59083924e-03, 1.02774343e-02, 1.22788642e-03,
         1.10841570e-02],
        [8.52813125e-01, 5.72684228e-01, 9.88376021e-01, 4.01366298e-04,
         1.74236519e-03, 1.58266455e-03, 1.02780499e-02, 1.22255564e-03,
         1.10470848e-02],
        [8.52782786e-01, 5.72669208e-01, 9.88503218e-01, 3.99326760e-04,
         1.72571954e-03, 1.55758217e-03, 1.01337284e-02, 1.20913726e-03,
         1.10414829e-02],
        [8.52735817e-01, 5.73396742e-01, 9.88557577e-01, 3.99296958e-04,
         1.70939986e-03, 1.54390850e-03, 1.00767026e-02, 1.19551492e-03,
         1.10929878e-02]]], dtype=float32), array([[[3.0328944e-01, 2.9604626e-01, 3.0356321e-01, 2.4489568e-01,
         2.1710059e-01, 2.0571972e-01, 2.3345201e-01, 2.2429641e-01,
         2.4789549e-01],
        [3.6941847e-01, 3.6672193e-01, 3.4856710e-01, 1.7178428e-01,
         9.9269256e-02, 8.5636370e-02, 1.3899773e-01, 1.3614757e-01,
         2.0105557e-01],
        [5.0841337e-01, 5.5565101e-01, 3.8470003e-01, 5.6464754e-02,
         2.1280872e-02, 1.7531892e-02, 4.8651561e-02, 3.1013116e-02,
         7.4898303e-02],
        [6.3928580e-01, 7.6619864e-01, 3.0511877e-01, 1.1072399e-02,
         4.0511056e-03, 4.1750865e-03, 1.4118703e-02, 5.1433230e-03,
         1.6843654e-02],
        [7.1569091e-01, 8.9144754e-01, 1.6305184e-01, 2.8719394e-03,
         1.3611012e-03, 1.8958239e-03, 6.1016567e-03, 1.4409148e-03,
         4.5523164e-03],
        [7.5192016e-01, 9.4970274e-01, 7.8324892e-02, 1.4064919e-03,
         8.6668564e-04, 1.4875666e-03, 4.3434030e-03, 7.8883144e-04,
         2.1421483e-03],
        [7.7030855e-01, 9.7489107e-01, 4.7119159e-02, 1.0455024e-03,
         7.5302535e-04, 1.4443090e-03, 3.9008483e-03, 6.2977028e-04,
         1.5422840e-03],
        [7.8165448e-01, 9.8555744e-01, 3.4967996e-02, 9.4427029e-04,
         7.4387854e-04, 1.5118346e-03, 3.8415133e-03, 5.9001445e-04,
         1.3753402e-03],
        [7.8973460e-01, 9.9013829e-01, 3.0079884e-02, 9.0315862e-04,
         7.3673250e-04, 1.5339381e-03, 3.7963449e-03, 5.7053234e-04,
         1.3142314e-03],
        [7.9567242e-01, 9.9212384e-01, 2.7358260e-02, 8.9018169e-04,
         7.4443698e-04, 1.5722907e-03, 3.7938873e-03, 5.6940323e-04,
         1.2993588e-03],
        [7.9987210e-01, 9.9302471e-01, 2.6013840e-02, 8.8213425e-04,
         7.5012230e-04, 1.5891452e-03, 3.8125878e-03, 5.6824548e-04,
         1.2931105e-03],
        [8.0487591e-01, 9.9350005e-01, 2.6266439e-02, 8.5619959e-04,
         7.1711553e-04, 1.5039119e-03, 3.7184234e-03, 5.4459280e-04,
         1.2655650e-03],
        [8.1087035e-01, 9.9382961e-01, 2.7831858e-02, 8.1290666e-04,
         6.4990786e-04, 1.3429697e-03, 3.5173423e-03, 5.0389854e-04,
         1.2233345e-03],
        [8.1816131e-01, 9.9412453e-01, 3.0852754e-02, 7.4784749e-04,
         5.6203216e-04, 1.1290573e-03, 3.2410610e-03, 4.4167635e-04,
         1.1522018e-03],
        [8.2342917e-01, 9.9434322e-01, 3.1500474e-02, 7.0479687e-04,
         5.2038411e-04, 1.0466479e-03, 3.1035901e-03, 4.1530031e-04,
         1.1028280e-03],
        [8.2513314e-01, 9.9442589e-01, 2.9879494e-02, 6.9969310e-04,
         5.2705698e-04, 1.0749692e-03, 3.1175856e-03, 4.1870979e-04,
         1.0943897e-03],
        [8.2648748e-01, 9.9447054e-01, 2.8912997e-02, 6.9448544e-04,
         5.2474992e-04, 1.0770146e-03, 3.1156840e-03, 4.2005110e-04,
         1.0804676e-03],
        [8.2683200e-01, 9.9447554e-01, 2.7837140e-02, 6.9872191e-04,
         5.3789304e-04, 1.1124139e-03, 3.1660486e-03, 4.2784485e-04,
         1.0865071e-03],
        [8.2588345e-01, 9.9441028e-01, 2.6282698e-02, 7.1532687e-04,
         5.7024014e-04, 1.2006203e-03, 3.2594854e-03, 4.4784823e-04,
         1.1133538e-03],
        [8.2371271e-01, 9.9427974e-01, 2.4598684e-02, 7.4760331e-04,
         6.1904563e-04, 1.3236058e-03, 3.4114821e-03, 4.7883167e-04,
         1.1554850e-03],
        [8.2223159e-01, 9.9418432e-01, 2.3916407e-02, 7.7269232e-04,
         6.5194542e-04, 1.3955001e-03, 3.5204277e-03, 4.9707660e-04,
         1.1858260e-03],
        [8.2214969e-01, 9.9415350e-01, 2.4441760e-02, 7.7875587e-04,
         6.5161590e-04, 1.3755066e-03, 3.5117632e-03, 4.9294153e-04,
         1.1908174e-03],
        [8.2341874e-01, 9.9419469e-01, 2.5379883e-02, 7.6771661e-04,
         6.2448019e-04, 1.3059957e-03, 3.4389598e-03, 4.7468863e-04,
         1.1728461e-03],
        [8.2549202e-01, 9.9426818e-01, 2.6419539e-02, 7.5631059e-04,
         5.9596827e-04, 1.2342052e-03, 3.3563543e-03, 4.5710491e-04,
         1.1477320e-03],
        [8.2703817e-01, 9.9434763e-01, 2.7466273e-02, 7.3510391e-04,
         5.6746375e-04, 1.1616042e-03, 3.2606707e-03, 4.4019340e-04,
         1.1288291e-03],
        [8.2862443e-01, 9.9442112e-01, 2.8170668e-02, 7.1154739e-04,
         5.4429774e-04, 1.1045459e-03, 3.1675119e-03, 4.2373198e-04,
         1.1092130e-03],
        [8.2926929e-01, 9.9447405e-01, 2.7838748e-02, 7.0519373e-04,
         5.4032088e-04, 1.1086999e-03, 3.1692798e-03, 4.2308855e-04,
         1.0998111e-03],
        [8.2994294e-01, 9.9450493e-01, 2.7727379e-02, 7.0134032e-04,
         5.3542794e-04, 1.1120134e-03, 3.1662059e-03, 4.2193735e-04,
         1.0904787e-03],
        [8.2924688e-01, 9.9448550e-01, 2.6626697e-02, 7.1254343e-04,
         5.5776397e-04, 1.1756585e-03, 3.2297678e-03, 4.3561787e-04,
         1.1031540e-03],
        [8.2934529e-01, 9.9448109e-01, 2.6550392e-02, 7.1555964e-04,
         5.5938290e-04, 1.1803019e-03, 3.2368919e-03, 4.3753698e-04,
         1.0992187e-03],
        [8.2917207e-01, 9.9445415e-01, 2.6489621e-02, 7.1909942e-04,
         5.6207320e-04, 1.1869026e-03, 3.2362647e-03, 4.4029864e-04,
         1.1046982e-03],
        [8.2896131e-01, 9.9443299e-01, 2.6439486e-02, 7.2138122e-04,
         5.6617748e-04, 1.1934129e-03, 3.2424293e-03, 4.4548477e-04,
         1.1110599e-03]]], dtype=float32), array([[[2.97867328e-01, 2.73169667e-01, 3.71221930e-01, 2.25332469e-01,
         1.72687575e-01, 1.48436666e-01, 1.94732144e-01, 1.88298419e-01,
         2.38268152e-01],
        [3.16509604e-01, 2.97256052e-01, 5.66812038e-01, 1.27345562e-01,
         4.61832099e-02, 3.04646604e-02, 7.21197948e-02, 7.80251995e-02,
         1.81825921e-01],
        [3.14258993e-01, 4.12669569e-01, 7.71810949e-01, 2.82266457e-02,
         5.06463228e-03, 2.71437503e-03, 1.16224485e-02, 9.86241084e-03,
         6.98560029e-02],
        [2.25335926e-01, 5.73235691e-01, 8.90712380e-01, 4.10817983e-03,
         6.17562036e-04, 3.43759777e-04, 1.74559618e-03, 1.01269619e-03,
         2.19204612e-02],
        [1.32137164e-01, 6.94421768e-01, 9.49246585e-01, 1.04925258e-03,
         1.87656027e-04, 1.17282325e-04, 5.84832684e-04, 2.45273841e-04,
         9.56737995e-03],
        [8.83754119e-02, 7.72899806e-01, 9.76098359e-01, 5.40227280e-04,
         1.17587682e-04, 7.84817021e-05, 3.75426345e-04, 1.33220383e-04,
         6.20463444e-03],
        [6.92473203e-02, 8.28575671e-01, 9.87850726e-01, 4.18321899e-04,
         1.03245868e-04, 7.19001473e-05, 3.28548078e-04, 1.10460496e-04,
         4.99709463e-03],
        [5.89293353e-02, 8.69222343e-01, 9.92962301e-01, 3.83741222e-04,
         1.00794612e-04, 7.25068676e-05, 3.19828890e-04, 1.06172294e-04,
         4.47146781e-03],
        [5.30829653e-02, 8.98136020e-01, 9.95322049e-01, 3.69797897e-04,
         1.00272322e-04, 7.25067657e-05, 3.19277606e-04, 1.04165003e-04,
         4.25896654e-03],
        [4.87126671e-02, 9.19274032e-01, 9.96285796e-01, 3.72519105e-04,
         1.02482445e-04, 7.66416269e-05, 3.26967158e-04, 1.08310189e-04,
         4.13769297e-03],
        [4.61028144e-02, 9.33178663e-01, 9.96942520e-01, 3.73967428e-04,
         1.01647136e-04, 7.48225648e-05, 3.26543814e-04, 1.06140906e-04,
         4.20402503e-03],
        [4.47107852e-02, 9.43293691e-01, 9.97183740e-01, 3.77458025e-04,
         1.02901176e-04, 7.64499418e-05, 3.30379378e-04, 1.07875392e-04,
         4.21957485e-03],
        [4.37644944e-02, 9.50207591e-01, 9.97400045e-01, 3.80492711e-04,
         1.03452876e-04, 7.58683382e-05, 3.31524614e-04, 1.07635438e-04,
         4.29357076e-03],
        [4.32622992e-02, 9.54895318e-01, 9.97506320e-01, 3.82017111e-04,
         1.03273567e-04, 7.56154550e-05, 3.32908588e-04, 1.07439068e-04,
         4.31973580e-03],
        [4.29973863e-02, 9.58279610e-01, 9.97525930e-01, 3.83083621e-04,
         1.03915794e-04, 7.67800011e-05, 3.35745310e-04, 1.08512482e-04,
         4.33465932e-03],
        [4.27688695e-02, 9.60684657e-01, 9.97582078e-01, 3.83968960e-04,
         1.03483188e-04, 7.66012017e-05, 3.35488527e-04, 1.08136104e-04,
         4.37106937e-03],
        [4.32568900e-02, 9.62084055e-01, 9.97706771e-01, 3.80761630e-04,
         1.01228885e-04, 7.31534674e-05, 3.26983019e-04, 1.04167877e-04,
         4.46511433e-03],
        [4.52107452e-02, 9.62431312e-01, 9.97919798e-01, 3.73950519e-04,
         9.55714859e-05, 6.53474053e-05, 3.10463889e-04, 9.48891393e-05,
         4.60342504e-03],
        [4.68528830e-02, 9.63472426e-01, 9.97915387e-01, 3.69221292e-04,
         9.40338068e-05, 6.37342018e-05, 3.03439854e-04, 9.28226145e-05,
         4.56938380e-03],
        [4.83589396e-02, 9.63924527e-01, 9.97952938e-01, 3.66080814e-04,
         9.22127729e-05, 6.12244912e-05, 2.97354796e-04, 8.91585369e-05,
         4.58708778e-03],
        [4.90290374e-02, 9.64596927e-01, 9.97941315e-01, 3.61096812e-04,
         9.12871837e-05, 6.04935522e-05, 2.92785699e-04, 8.78417995e-05,
         4.52803867e-03],
        [4.86182272e-02, 9.65534627e-01, 9.97853160e-01, 3.60689446e-04,
         9.25564891e-05, 6.25528264e-05, 2.96149286e-04, 8.99823208e-05,
         4.42551170e-03],
        [4.75257672e-02, 9.66304183e-01, 9.97785211e-01, 3.62597639e-04,
         9.45566135e-05, 6.50155635e-05, 3.03412409e-04, 9.25269924e-05,
         4.38325340e-03],
        [4.64070775e-02, 9.66661513e-01, 9.97789502e-01, 3.65216431e-04,
         9.51090988e-05, 6.57321289e-05, 3.05894238e-04, 9.35296339e-05,
         4.35001589e-03],
        [4.60237972e-02, 9.66533780e-01, 9.97852564e-01, 3.66666267e-04,
         9.50497779e-05, 6.53296665e-05, 3.07058974e-04, 9.34552954e-05,
         4.38991701e-03],
        [4.58115228e-02, 9.66769338e-01, 9.97797966e-01, 3.68518988e-04,
         9.59007812e-05, 6.68218490e-05, 3.10825853e-04, 9.53850540e-05,
         4.36333567e-03],
        [4.58429419e-02, 9.66814458e-01, 9.97824073e-01, 3.68884590e-04,
         9.58115343e-05, 6.65830376e-05, 3.11095588e-04, 9.52664486e-05,
         4.39857179e-03],
        [4.53831591e-02, 9.66884673e-01, 9.97776151e-01, 3.72998358e-04,
         9.70054753e-05, 6.86874409e-05, 3.15368437e-04, 9.74354334e-05,
         4.37813718e-03],
        [4.55946550e-02, 9.66870308e-01, 9.97813940e-01, 3.72241106e-04,
         9.69755711e-05, 6.79415389e-05, 3.15470388e-04, 9.65983636e-05,
         4.42715362e-03],
        [4.59055565e-02, 9.66503143e-01, 9.97862041e-01, 3.72575538e-04,
         9.62735066e-05, 6.65086118e-05, 3.14005214e-04, 9.46086220e-05,
         4.47985018e-03],
        [4.69425879e-02, 9.66162741e-01, 9.97920394e-01, 3.70051101e-04,
         9.43330451e-05, 6.38670899e-05, 3.06993141e-04, 9.18708174e-05,
         4.52095410e-03],
        [4.89560701e-02, 9.65643883e-01, 9.98027444e-01, 3.66087188e-04,
         8.98116195e-05, 5.90058989e-05, 2.94020982e-04, 8.64852991e-05,
         4.58812015e-03]]], dtype=float32), array([[[3.31914514e-01, 2.08948195e-01, 4.02465850e-01, 2.05666468e-01,
         1.37733594e-01, 1.06519334e-01, 1.60943478e-01, 1.56555101e-01,
         2.33491480e-01],
        [4.22219187e-01, 9.88433659e-02, 6.53462589e-01, 8.29134881e-02,
         1.67963225e-02, 7.96420407e-03, 3.06122471e-02, 3.57680060e-02,
         1.58848003e-01],
        [4.83520478e-01, 3.43366452e-02, 8.37855279e-01, 1.40298363e-02,
         1.11232023e-03, 3.96733027e-04, 3.05105769e-03, 2.98931520e-03,
         6.39932603e-02],
        [4.54619825e-01, 1.39500359e-02, 9.27365601e-01, 3.29745701e-03,
         2.02111900e-04, 7.47860686e-05, 6.66292268e-04, 5.03125426e-04,
         3.23253833e-02],
        [3.99285406e-01, 7.84776546e-03, 9.68434751e-01, 1.61863107e-03,
         1.00596146e-04, 3.92664915e-05, 3.53533134e-04, 2.21832859e-04,
         2.41112392e-02],
        [3.62306565e-01, 5.55325439e-03, 9.86050665e-01, 1.25479244e-03,
         8.06519602e-05, 3.20473882e-05, 2.90990894e-04, 1.66060097e-04,
         2.22838018e-02],
        [3.43679100e-01, 4.20745183e-03, 9.93515909e-01, 1.17562152e-03,
         7.37157607e-05, 2.77589279e-05, 2.72194389e-04, 1.47395214e-04,
         2.30755918e-02],
        [3.34738910e-01, 3.46055697e-03, 9.96597111e-01, 1.19217776e-03,
         7.15058413e-05, 2.57572356e-05, 2.69390002e-04, 1.43703146e-04,
         2.42317226e-02],
        [3.30984950e-01, 2.99662352e-03, 9.97898877e-01, 1.22564461e-03,
         7.08197622e-05, 2.45245501e-05, 2.70972319e-04, 1.41983386e-04,
         2.54493244e-02],
        [3.28388631e-01, 2.71738064e-03, 9.98431981e-01, 1.27294485e-03,
         7.11340908e-05, 2.43083723e-05, 2.76269100e-04, 1.44006233e-04,
         2.64040399e-02],
        [3.29969943e-01, 2.49905605e-03, 9.98723745e-01, 1.30250293e-03,
         6.97766736e-05, 2.26672055e-05, 2.73426092e-04, 1.40971519e-04,
         2.77135819e-02],
        [3.30735981e-01, 2.38430570e-03, 9.98824239e-01, 1.33515289e-03,
         6.98662116e-05, 2.24425057e-05, 2.74703547e-04, 1.42700694e-04,
         2.83310730e-02],
        [3.30779165e-01, 2.29199510e-03, 9.98893857e-01, 1.35139527e-03,
         6.95680137e-05, 2.17595534e-05, 2.73362966e-04, 1.41967845e-04,
         2.90572792e-02],
        [3.32509369e-01, 2.23327498e-03, 9.98932242e-01, 1.37196272e-03,
         6.92096000e-05, 2.12644427e-05, 2.73047161e-04, 1.41712299e-04,
         2.96778996e-02],
        [3.33647192e-01, 2.19386676e-03, 9.98937368e-01, 1.38755923e-03,
         6.95827548e-05, 2.12981049e-05, 2.75250350e-04, 1.42517631e-04,
         2.98123937e-02],
        [3.33925545e-01, 2.17218092e-03, 9.98950303e-01, 1.38905901e-03,
         6.90452434e-05, 2.10547532e-05, 2.73248559e-04, 1.41338343e-04,
         3.00452001e-02],
        [3.34584743e-01, 2.15074723e-03, 9.98954713e-01, 1.39914209e-03,
         6.88217042e-05, 2.09403661e-05, 2.73861573e-04, 1.41457072e-04,
         3.01667601e-02],
        [3.35650027e-01, 2.12180940e-03, 9.98980403e-01, 1.40669453e-03,
         6.82841637e-05, 2.03007476e-05, 2.71573779e-04, 1.40336633e-04,
         3.06595825e-02],
        [3.36095870e-01, 2.12912355e-03, 9.98969913e-01, 1.41145987e-03,
         6.85374325e-05, 2.04773660e-05, 2.71727651e-04, 1.41157492e-04,
         3.05854622e-02],
        [3.36414218e-01, 2.12253747e-03, 9.98976827e-01, 1.40992680e-03,
         6.85222694e-05, 2.03458148e-05, 2.71680969e-04, 1.40456672e-04,
         3.07429023e-02],
        [3.37751150e-01, 2.11124890e-03, 9.98979926e-01, 1.41235988e-03,
         6.83427716e-05, 2.01137609e-05, 2.70590681e-04, 1.39889351e-04,
         3.07694208e-02],
        [3.37899446e-01, 2.10630265e-03, 9.98989224e-01, 1.41606771e-03,
         6.81187739e-05, 2.00175855e-05, 2.69855664e-04, 1.39381824e-04,
         3.08368262e-02],
        [3.39162350e-01, 2.10912805e-03, 9.98993158e-01, 1.41258165e-03,
         6.79993755e-05, 1.97967074e-05, 2.68836331e-04, 1.38873816e-04,
         3.09599824e-02],
        [3.37896526e-01, 2.11876538e-03, 9.98987615e-01, 1.41278165e-03,
         6.81032689e-05, 1.99875321e-05, 2.68570904e-04, 1.39082709e-04,
         3.09359897e-02],
        [3.37795645e-01, 2.10572779e-03, 9.98996556e-01, 1.41222379e-03,
         6.77601856e-05, 1.97142854e-05, 2.66628078e-04, 1.38351039e-04,
         3.09988912e-02],
        [3.38409334e-01, 2.11106963e-03, 9.98985708e-01, 1.41224475e-03,
         6.79992663e-05, 1.99271490e-05, 2.67573865e-04, 1.38799180e-04,
         3.08827963e-02],
        [3.37350518e-01, 2.11563450e-03, 9.98974085e-01, 1.41596631e-03,
         6.82829923e-05, 2.02582996e-05, 2.69533484e-04, 1.40262084e-04,
         3.07549853e-02],
        [3.37088585e-01, 2.10779300e-03, 9.98967648e-01, 1.41315814e-03,
         6.85817067e-05, 2.05101642e-05, 2.71955912e-04, 1.40620876e-04,
         3.07008326e-02],
        [3.36028516e-01, 2.09079101e-03, 9.98978257e-01, 1.42299675e-03,
         6.86415588e-05, 2.03971122e-05, 2.72686739e-04, 1.41113662e-04,
         3.08456998e-02],
        [3.36577505e-01, 2.08827364e-03, 9.98976946e-01, 1.42540759e-03,
         6.85517516e-05, 2.04142361e-05, 2.71894154e-04, 1.41591328e-04,
         3.07842642e-02],
        [3.36557925e-01, 2.09543644e-03, 9.98963237e-01, 1.42510713e-03,
         6.93434340e-05, 2.08250131e-05, 2.74307095e-04, 1.42994875e-04,
         3.06305625e-02],
        [3.35385621e-01, 2.07955902e-03, 9.98965740e-01, 1.42700085e-03,
         6.91792520e-05, 2.08580332e-05, 2.73576385e-04, 1.42920384e-04,
         3.06360945e-02]]], dtype=float32), array([[[3.54555905e-01, 2.14643463e-01, 3.88666391e-01, 2.03862399e-01,
         1.35676876e-01, 1.07920729e-01, 1.55707374e-01, 1.55715957e-01,
         2.56339192e-01],
        [5.25534987e-01, 8.64178389e-02, 6.60221040e-01, 5.97751997e-02,
         9.33168083e-03, 3.83586856e-03, 1.63235068e-02, 2.17287373e-02,
         2.37009138e-01],
        [6.24370158e-01, 2.59164963e-02, 8.37800860e-01, 8.04067310e-03,
         5.12861414e-04, 1.43964557e-04, 1.06135895e-03, 1.43201149e-03,
         2.10642502e-01],
        [5.80686092e-01, 1.06791388e-02, 9.25538480e-01, 2.20846455e-03,
         1.24060694e-04, 3.30943440e-05, 2.38049848e-04, 3.09470808e-04,
         2.42332086e-01],
        [4.64444757e-01, 6.32597087e-03, 9.67111051e-01, 1.31673203e-03,
         7.74923537e-05, 2.03960699e-05, 1.34811184e-04, 1.70828091e-04,
         2.90640146e-01],
        [3.48550826e-01, 4.54720715e-03, 9.85506237e-01, 1.14396273e-03,
         7.00301607e-05, 1.73318167e-05, 1.12049034e-04, 1.44048186e-04,
         3.36216062e-01],
        [2.58127362e-01, 3.62077355e-03, 9.93417323e-01, 1.14917359e-03,
         6.97128489e-05, 1.58454714e-05, 1.03765837e-04, 1.39769458e-04,
         3.72583330e-01],
        [1.93356320e-01, 3.05476831e-03, 9.96821702e-01, 1.20112649e-03,
         7.05197890e-05, 1.46116054e-05, 9.86522209e-05, 1.41798446e-04,
         3.99726659e-01],
        [1.52618155e-01, 2.73769465e-03, 9.98281062e-01, 1.26605132e-03,
         7.13873305e-05, 1.37819734e-05, 9.52897317e-05, 1.46499020e-04,
         4.16495621e-01],
        [1.27811685e-01, 2.57056812e-03, 9.98914480e-01, 1.32038980e-03,
         7.20906392e-05, 1.32492551e-05, 9.28979935e-05, 1.50563952e-04,
         4.26656485e-01],
        [1.12998262e-01, 2.47783959e-03, 9.99200404e-01, 1.35398644e-03,
         7.17791481e-05, 1.28256361e-05, 9.02827524e-05, 1.52617300e-04,
         4.32969570e-01],
        [1.03968672e-01, 2.43187137e-03, 9.99327064e-01, 1.37218763e-03,
         7.16160430e-05, 1.24309272e-05, 8.89963412e-05, 1.54537280e-04,
         4.36217308e-01],
        [9.83673185e-02, 2.41083931e-03, 9.99379277e-01, 1.39125867e-03,
         7.22285695e-05, 1.24634817e-05, 8.89512230e-05, 1.56459602e-04,
         4.38166529e-01],
        [9.46380943e-02, 2.39638588e-03, 9.99408007e-01, 1.39859912e-03,
         7.16620125e-05, 1.22463725e-05, 8.81287051e-05, 1.56696013e-04,
         4.39817041e-01],
        [9.18352529e-02, 2.38450873e-03, 9.99422371e-01, 1.40421826e-03,
         7.17068979e-05, 1.21619441e-05, 8.78293213e-05, 1.57186761e-04,
         4.40585494e-01],
        [9.01606008e-02, 2.37526698e-03, 9.99436557e-01, 1.39918667e-03,
         7.08115622e-05, 1.18467169e-05, 8.69172000e-05, 1.55932357e-04,
         4.41767842e-01],
        [8.88591781e-02, 2.38734228e-03, 9.99435008e-01, 1.40036282e-03,
         7.09011147e-05, 1.18927901e-05, 8.71254451e-05, 1.56229333e-04,
         4.41800028e-01],
        [8.77992883e-02, 2.38557789e-03, 9.99437928e-01, 1.39703206e-03,
         7.08112930e-05, 1.17896543e-05, 8.69604992e-05, 1.55885238e-04,
         4.42050785e-01],
        [8.71754065e-02, 2.39565410e-03, 9.99442399e-01, 1.38992118e-03,
         7.03490296e-05, 1.16952178e-05, 8.62429806e-05, 1.55033777e-04,
         4.42408174e-01],
        [8.66208971e-02, 2.39481335e-03, 9.99439776e-01, 1.39262865e-03,
         7.06922365e-05, 1.17221671e-05, 8.70644144e-05, 1.55331858e-04,
         4.42336738e-01],
        [8.57877880e-02, 2.39641033e-03, 9.99442816e-01, 1.38893153e-03,
         7.03492115e-05, 1.15925404e-05, 8.62277593e-05, 1.54674737e-04,
         4.42682058e-01],
        [8.56108069e-02, 2.40952475e-03, 9.99438167e-01, 1.38720183e-03,
         7.06032079e-05, 1.16825586e-05, 8.73025056e-05, 1.55479909e-04,
         4.42459434e-01],
        [8.51714611e-02, 2.41018180e-03, 9.99439955e-01, 1.38458388e-03,
         7.00959572e-05, 1.15307685e-05, 8.66900009e-05, 1.54464826e-04,
         4.42620307e-01],
        [8.46618116e-02, 2.41069007e-03, 9.99439538e-01, 1.38679217e-03,
         7.02001853e-05, 1.14833638e-05, 8.68388161e-05, 1.54464564e-04,
         4.42824095e-01],
        [8.44253898e-02, 2.42646597e-03, 9.99433994e-01, 1.38225243e-03,
         7.05732382e-05, 1.16241772e-05, 8.75554033e-05, 1.54971916e-04,
         4.42568541e-01],
        [8.41761082e-02, 2.42024218e-03, 9.99433637e-01, 1.38567586e-03,
         7.09315063e-05, 1.16297970e-05, 8.76151898e-05, 1.55314745e-04,
         4.42768782e-01],
        [8.40043575e-02, 2.42033042e-03, 9.99436378e-01, 1.37841620e-03,
         7.05885541e-05, 1.14964714e-05, 8.74504840e-05, 1.54777284e-04,
         4.42985505e-01],
        [8.36832151e-02, 2.42927624e-03, 9.99433756e-01, 1.37645437e-03,
         7.05439670e-05, 1.15110770e-05, 8.77041457e-05, 1.55104965e-04,
         4.42715138e-01],
        [8.33278671e-02, 2.42492277e-03, 9.99435425e-01, 1.37768185e-03,
         7.05887142e-05, 1.14657178e-05, 8.74501566e-05, 1.54418580e-04,
         4.43086147e-01],
        [8.29836279e-02, 2.42516981e-03, 9.99435663e-01, 1.37265795e-03,
         7.07377694e-05, 1.14609666e-05, 8.75099286e-05, 1.54657115e-04,
         4.43053931e-01],
        [8.26889947e-02, 2.42453627e-03, 9.99436259e-01, 1.37306796e-03,
         7.07378858e-05, 1.14592667e-05, 8.73455938e-05, 1.54776164e-04,
         4.43105191e-01],
        [8.27259794e-02, 2.43196753e-03, 9.99431908e-01, 1.37756625e-03,
         7.08723674e-05, 1.15074254e-05, 8.80472071e-05, 1.55357659e-04,
         4.42957699e-01]]], dtype=float32), array([[[3.38551939e-01, 2.52586931e-01, 3.30464721e-01, 2.34719619e-01,
         1.89439237e-01, 1.74241021e-01, 2.00402766e-01, 2.03507796e-01,
         2.56103009e-01],
        [5.89305878e-01, 1.43862903e-01, 5.64025939e-01, 8.41872692e-02,
         1.53239956e-02, 8.58739205e-03, 2.48524603e-02, 3.47722471e-02,
         1.82239726e-01],
        [7.82559395e-01, 6.88073933e-02, 7.58791685e-01, 1.43139455e-02,
         7.10375374e-04, 3.19517392e-04, 1.79142400e-03, 2.53633340e-03,
         6.42483085e-02],
        [8.76797974e-01, 3.30931358e-02, 8.70600104e-01, 3.33872600e-03,
         9.42554252e-05, 4.44581019e-05, 2.94737401e-04, 3.93574650e-04,
         2.66885441e-02],
        [9.20950294e-01, 2.03771424e-02, 9.32565749e-01, 1.63306389e-03,
         3.70415073e-05, 1.96720393e-05, 1.30869390e-04, 1.60093521e-04,
         1.68591030e-02],
        [9.41213489e-01, 1.60255171e-02, 9.63998377e-01, 1.25177822e-03,
         2.60372362e-05, 1.55348007e-05, 9.86880550e-05, 1.13940310e-04,
         1.34872915e-02],
        [9.49889481e-01, 1.39519861e-02, 9.79464710e-01, 1.12221669e-03,
         2.22830949e-05, 1.42327108e-05, 8.87384303e-05, 9.74544528e-05,
         1.21406820e-02],
        [9.53569353e-01, 1.27824415e-02, 9.86843467e-01, 1.08700979e-03,
         2.08026431e-05, 1.39844469e-05, 8.57629784e-05, 9.13924596e-05,
         1.14718154e-02],
        [9.54795659e-01, 1.21148219e-02, 9.90324974e-01, 1.08659698e-03,
         2.02753963e-05, 1.40982183e-05, 8.54493337e-05, 8.89547664e-05,
         1.11443140e-02],
        [9.54962909e-01, 1.15961274e-02, 9.92107689e-01, 1.09150889e-03,
         1.98606995e-05, 1.41130586e-05, 8.44648239e-05, 8.70726071e-05,
         1.10095972e-02],
        [9.54830408e-01, 1.12571595e-02, 9.93048012e-01, 1.10093271e-03,
         1.94555323e-05, 1.38992327e-05, 8.38067936e-05, 8.48782656e-05,
         1.09403012e-02],
        [9.54607069e-01, 1.10389544e-02, 9.93467152e-01, 1.11306866e-03,
         1.93814994e-05, 1.40349584e-05, 8.42995287e-05, 8.46086259e-05,
         1.08096423e-02],
        [9.54350471e-01, 1.08624566e-02, 9.93815541e-01, 1.12283230e-03,
         1.90308510e-05, 1.37951720e-05, 8.32692676e-05, 8.31610159e-05,
         1.07738990e-02],
        [9.53842402e-01, 1.07717738e-02, 9.93962765e-01, 1.13854732e-03,
         1.90506053e-05, 1.39379517e-05, 8.38362976e-05, 8.35927058e-05,
         1.07429149e-02],
        [9.53406513e-01, 1.06807305e-02, 9.94178295e-01, 1.14046480e-03,
         1.85829067e-05, 1.34850043e-05, 8.19980269e-05, 8.11016362e-05,
         1.07456343e-02],
        [9.53024745e-01, 1.06497221e-02, 9.94201601e-01, 1.14152394e-03,
         1.83855900e-05, 1.33267613e-05, 8.15784006e-05, 7.99079935e-05,
         1.07075498e-02],
        [9.52861249e-01, 1.06086135e-02, 9.94300306e-01, 1.13777036e-03,
         1.81244777e-05, 1.30818853e-05, 8.03985167e-05, 7.84314761e-05,
         1.06168343e-02],
        [9.52979267e-01, 1.06259258e-02, 9.94281054e-01, 1.14454632e-03,
         1.79866493e-05, 1.31200632e-05, 8.08305194e-05, 7.88786201e-05,
         1.05511453e-02],
        [9.52743769e-01, 1.06322365e-02, 9.94326293e-01, 1.14336819e-03,
         1.78485589e-05, 1.29163800e-05, 7.98891051e-05, 7.77302484e-05,
         1.05363810e-02],
        [9.52809989e-01, 1.06608989e-02, 9.94267225e-01, 1.14370137e-03,
         1.79020335e-05, 1.30804483e-05, 8.04413648e-05, 7.81029594e-05,
         1.04370322e-02],
        [9.52652276e-01, 1.06395874e-02, 9.94287014e-01, 1.14456331e-03,
         1.78849023e-05, 1.30752396e-05, 8.00234484e-05, 7.84160511e-05,
         1.04494262e-02],
        [9.52411950e-01, 1.06284600e-02, 9.94242251e-01, 1.14828278e-03,
         1.80294646e-05, 1.32202122e-05, 8.10240454e-05, 7.91468265e-05,
         1.03740869e-02],
        [9.52051640e-01, 1.06205493e-02, 9.94187951e-01, 1.15112122e-03,
         1.83151515e-05, 1.35426317e-05, 8.20404603e-05, 8.00120542e-05,
         1.03551513e-02],
        [9.51837182e-01, 1.05967773e-02, 9.94139194e-01, 1.16433273e-03,
         1.85627359e-05, 1.38635696e-05, 8.32209262e-05, 8.13990118e-05,
         1.03604589e-02],
        [9.51849937e-01, 1.05137015e-02, 9.94261861e-01, 1.16517744e-03,
         1.83019347e-05, 1.35042992e-05, 8.17420223e-05, 7.99224435e-05,
         1.04400972e-02],
        [9.51575339e-01, 1.04789492e-02, 9.94288385e-01, 1.16137078e-03,
         1.81619216e-05, 1.33967651e-05, 8.12194412e-05, 7.92513165e-05,
         1.04583781e-02],
        [9.51604962e-01, 1.05512887e-02, 9.94232953e-01, 1.16961112e-03,
         1.83119846e-05, 1.36189310e-05, 8.21602662e-05, 7.99671980e-05,
         1.04120495e-02],
        [9.51827884e-01, 1.05775287e-02, 9.94300127e-01, 1.16590678e-03,
         1.81894757e-05, 1.34520014e-05, 8.17106993e-05, 7.96090171e-05,
         1.04327779e-02],
        [9.51530874e-01, 1.04998248e-02, 9.94248390e-01, 1.16498256e-03,
         1.81754513e-05, 1.35142191e-05, 8.15175445e-05, 7.96237800e-05,
         1.03852507e-02],
        [9.51600552e-01, 1.05353519e-02, 9.94361281e-01, 1.15418877e-03,
         1.79485614e-05, 1.31369507e-05, 8.06048265e-05, 7.81325216e-05,
         1.04584396e-02],
        [9.51623023e-01, 1.05768964e-02, 9.94402230e-01, 1.15642766e-03,
         1.77642178e-05, 1.29041737e-05, 8.01558126e-05, 7.71630148e-05,
         1.04530919e-02],
        [9.51723754e-01, 1.05906855e-02, 9.94406581e-01, 1.15829101e-03,
         1.77569145e-05, 1.28983620e-05, 7.99461704e-05, 7.67604361e-05,
         1.04055787e-02]]], dtype=float32), array([[[3.72657478e-01, 2.88860708e-01, 3.55674922e-01, 1.74955264e-01,
         9.79848355e-02, 8.06389898e-02, 1.13955028e-01, 1.16156943e-01,
         2.20138595e-01],
        [5.24688542e-01, 3.74561280e-01, 5.36257386e-01, 3.14035416e-02,
         2.84563890e-03, 1.65122119e-03, 5.28588519e-03, 7.00587919e-03,
         9.62273255e-02],
        [3.99722606e-01, 4.80832607e-01, 6.57044232e-01, 3.39555158e-03,
         1.53779067e-04, 9.99818512e-05, 3.59880592e-04, 4.11150657e-04,
         2.21382901e-02],
        [1.46316841e-01, 5.08858800e-01, 7.32363462e-01, 9.09381546e-04,
         4.79383853e-05, 4.32109300e-05, 1.12810303e-04, 1.18969641e-04,
         8.77048261e-03],
        [6.07435107e-02, 5.13241887e-01, 7.87823915e-01, 5.40262845e-04,
         3.72772229e-05, 4.18898235e-05, 8.41195142e-05, 8.89221992e-05,
         6.01181947e-03],
        [3.70624103e-02, 5.13054907e-01, 8.26638460e-01, 4.72033367e-04,
         3.65317392e-05, 4.70423147e-05, 8.11275095e-05, 8.97537830e-05,
         5.27481595e-03],
        [2.75957435e-02, 5.11883974e-01, 8.51741850e-01, 4.82109230e-04,
         3.92291877e-05, 5.52462043e-05, 8.75544501e-05, 1.01087579e-04,
         5.07123675e-03],
        [2.30628867e-02, 5.10482430e-01, 8.69517088e-01, 5.04387077e-04,
         4.17448464e-05, 6.16621837e-05, 9.37994118e-05, 1.11585847e-04,
         5.03907166e-03],
        [2.01647282e-02, 5.09337485e-01, 8.84673715e-01, 5.01632108e-04,
         4.13970847e-05, 6.14892051e-05, 9.27900619e-05, 1.12165188e-04,
         5.03542740e-03],
        [1.82355084e-02, 5.08115888e-01, 8.95461082e-01, 4.99253452e-04,
         4.09743698e-05, 6.10053903e-05, 9.17907237e-05, 1.12102745e-04,
         5.05979080e-03],
        [1.69005953e-02, 5.07056057e-01, 9.04065669e-01, 4.88563557e-04,
         3.98463089e-05, 5.90968593e-05, 8.90654846e-05, 1.09549037e-04,
         5.06158778e-03],
        [1.58598665e-02, 5.06029427e-01, 9.12473619e-01, 4.60221519e-04,
         3.73174807e-05, 5.40500405e-05, 8.27844560e-05, 1.01489932e-04,
         5.08403871e-03],
        [1.51280658e-02, 5.05251944e-01, 9.16056097e-01, 4.52137552e-04,
         3.68346446e-05, 5.37820233e-05, 8.15564636e-05, 1.00205223e-04,
         5.02562430e-03],
        [1.45508889e-02, 5.04499018e-01, 9.19192016e-01, 4.44900448e-04,
         3.63696818e-05, 5.30054640e-05, 8.05227610e-05, 9.88914253e-05,
         5.01333922e-03],
        [1.42263360e-02, 5.03880501e-01, 9.21192944e-01, 4.39058756e-04,
         3.59269252e-05, 5.24911156e-05, 7.96250970e-05, 9.78021635e-05,
         4.96937474e-03],
        [1.39092691e-02, 5.03325582e-01, 9.22376037e-01, 4.37820941e-04,
         3.59650585e-05, 5.26856711e-05, 7.93118961e-05, 9.78168318e-05,
         4.94141830e-03],
        [1.37011847e-02, 5.02900958e-01, 9.23531175e-01, 4.33293986e-04,
         3.57858735e-05, 5.23474991e-05, 7.89974656e-05, 9.69814064e-05,
         4.92078392e-03],
        [1.35592259e-02, 5.02501070e-01, 9.24149334e-01, 4.33405337e-04,
         3.59244950e-05, 5.28763958e-05, 7.92539940e-05, 9.72053313e-05,
         4.91693662e-03],
        [1.34677803e-02, 5.02203465e-01, 9.25014675e-01, 4.31257620e-04,
         3.56578530e-05, 5.24851712e-05, 7.85949960e-05, 9.68772292e-05,
         4.89779981e-03],
        [1.34109622e-02, 5.01964033e-01, 9.25053477e-01, 4.34265588e-04,
         3.59385485e-05, 5.31177393e-05, 7.93142972e-05, 9.77427189e-05,
         4.89226030e-03],
        [1.33604649e-02, 5.01756132e-01, 9.25089061e-01, 4.35569702e-04,
         3.60560698e-05, 5.34863830e-05, 8.00042762e-05, 9.83992359e-05,
         4.90447553e-03],
        [1.33165177e-02, 5.01574576e-01, 9.26465511e-01, 4.25383565e-04,
         3.52610914e-05, 5.18367269e-05, 7.76372253e-05, 9.52365517e-05,
         4.90402943e-03],
        [1.33066820e-02, 5.01440346e-01, 9.26055431e-01, 4.30264452e-04,
         3.56730634e-05, 5.27183365e-05, 7.88343168e-05, 9.72204434e-05,
         4.87360358e-03],
        [1.32777207e-02, 5.01313210e-01, 9.26237166e-01, 4.31342691e-04,
         3.57473909e-05, 5.28449091e-05, 7.89402766e-05, 9.69965622e-05,
         4.88661928e-03],
        [1.32882399e-02, 5.01249611e-01, 9.25795138e-01, 4.35279857e-04,
         3.61277307e-05, 5.36637745e-05, 8.01098286e-05, 9.85482620e-05,
         4.87841759e-03],
        [1.33113749e-02, 5.01194894e-01, 9.25078690e-01, 4.39156720e-04,
         3.64988555e-05, 5.44961767e-05, 8.10855418e-05, 1.00010751e-04,
         4.87128226e-03],
        [1.33436443e-02, 5.01177430e-01, 9.24382329e-01, 4.45794489e-04,
         3.69902154e-05, 5.54795115e-05, 8.21958893e-05, 1.01816309e-04,
         4.85083880e-03],
        [1.32970931e-02, 5.01181483e-01, 9.24542308e-01, 4.43901925e-04,
         3.70940434e-05, 5.54467151e-05, 8.25270836e-05, 1.01876220e-04,
         4.84293094e-03],
        [1.33793661e-02, 5.01177669e-01, 9.23193932e-01, 4.55368368e-04,
         3.78305012e-05, 5.73681682e-05, 8.46405819e-05, 1.05009654e-04,
         4.84065292e-03],
        [1.34249097e-02, 5.01201630e-01, 9.22641873e-01, 4.60543786e-04,
         3.82418184e-05, 5.81031236e-05, 8.57812411e-05, 1.06412699e-04,
         4.82046418e-03],
        [1.33939227e-02, 5.01248240e-01, 9.23451126e-01, 4.58055234e-04,
         3.79951562e-05, 5.74317055e-05, 8.52408702e-05, 1.05652318e-04,
         4.82697738e-03],
        [1.33005185e-02, 5.01269937e-01, 9.24215972e-01, 4.49245068e-04,
         3.73555704e-05, 5.58700704e-05, 8.31567886e-05, 1.02817256e-04,
         4.83126193e-03]]], dtype=float32), array([[[3.8817453e-01, 3.0067459e-01, 3.2357740e-01, 1.6088915e-01,
         8.1173167e-02, 6.6376932e-02, 9.4149321e-02, 9.7000621e-02,
         2.1586613e-01],
        [5.3365123e-01, 4.1271845e-01, 3.7298241e-01, 2.6375039e-02,
         2.3207257e-03, 1.4085406e-03, 3.9035503e-03, 4.9115573e-03,
         8.9505956e-02],
        [3.7420419e-01, 5.3206372e-01, 2.8192425e-01, 2.8350838e-03,
         1.7262343e-04, 1.1255799e-04, 2.9098496e-04, 2.9012171e-04,
         1.8300299e-02],
        [1.1824535e-01, 5.7141107e-01, 1.2712514e-01, 9.0243656e-04,
         9.0863752e-05, 6.8846741e-05, 1.2287348e-04, 9.9758887e-05,
         6.3365255e-03],
        [4.3860223e-02, 5.9425545e-01, 4.6854217e-02, 7.1617239e-04,
         1.2493232e-04, 9.4321222e-05, 1.3303752e-04, 9.1871058e-05,
         3.8366076e-03],
        [2.5371853e-02, 6.2168467e-01, 1.8125562e-02, 8.6470414e-04,
         2.0559269e-04, 1.4460743e-04, 1.9227968e-04, 1.1479184e-04,
         3.1711564e-03],
        [1.8542541e-02, 6.5835261e-01, 8.7662674e-03, 1.0832844e-03,
         3.1074000e-04, 2.0068187e-04, 2.6862774e-04, 1.4006309e-04,
         3.0372443e-03],
        [1.5021718e-02, 7.0369560e-01, 5.3453133e-03, 1.2808477e-03,
         4.3031329e-04, 2.6381153e-04, 3.5957969e-04, 1.6873720e-04,
         3.0321609e-03],
        [1.2564102e-02, 7.5254422e-01, 3.9402358e-03, 1.4574017e-03,
         5.4894108e-04, 3.3106355e-04, 4.5563487e-04, 1.9346776e-04,
         2.9831124e-03],
        [1.0656091e-02, 7.9883069e-01, 3.2674721e-03, 1.5967470e-03,
         6.3965382e-04, 3.8080275e-04, 5.2704767e-04, 2.0270990e-04,
         2.8475283e-03],
        [9.4359778e-03, 8.3942795e-01, 2.8973166e-03, 1.7361972e-03,
         7.3151814e-04, 4.3107138e-04, 6.0125755e-04, 2.0954596e-04,
         2.7360846e-03],
        [8.5145216e-03, 8.7318134e-01, 2.6665928e-03, 1.8668578e-03,
         8.0566446e-04, 4.7240654e-04, 6.5923668e-04, 2.1087621e-04,
         2.6570905e-03],
        [7.9105301e-03, 8.9991874e-01, 2.5344552e-03, 2.0029950e-03,
         8.8885688e-04, 5.1901588e-04, 7.2298822e-04, 2.1440744e-04,
         2.6193750e-03],
        [7.3765167e-03, 9.2081398e-01, 2.4352481e-03, 2.0972898e-03,
         9.4271667e-04, 5.4841756e-04, 7.6681777e-04, 2.1417085e-04,
         2.5856751e-03],
        [7.0152534e-03, 9.3667215e-01, 2.3896026e-03, 2.1618945e-03,
         9.6945273e-04, 5.6374847e-04, 7.9142791e-04, 2.1084760e-04,
         2.5476161e-03],
        [6.7894510e-03, 9.4812518e-01, 2.3602296e-03, 2.2369323e-03,
         1.0233280e-03, 5.9469743e-04, 8.4016641e-04, 2.1631764e-04,
         2.5515135e-03],
        [6.5517793e-03, 9.5674223e-01, 2.3344005e-03, 2.2995132e-03,
         1.0549305e-03, 6.1439042e-04, 8.7454449e-04, 2.1833628e-04,
         2.5416154e-03],
        [6.3503031e-03, 9.6331894e-01, 2.3128467e-03, 2.3238391e-03,
         1.0596229e-03, 6.1674695e-04, 8.8288018e-04, 2.1578066e-04,
         2.5368624e-03],
        [6.2480001e-03, 9.6793658e-01, 2.3167103e-03, 2.3552417e-03,
         1.0857115e-03, 6.3208217e-04, 9.0893643e-04, 2.1865878e-04,
         2.5318281e-03],
        [6.1329817e-03, 9.7140598e-01, 2.3041540e-03, 2.3796295e-03,
         1.1007078e-03, 6.4080325e-04, 9.2430541e-04, 2.1983065e-04,
         2.5325438e-03],
        [6.0776551e-03, 9.7385132e-01, 2.3312331e-03, 2.3995412e-03,
         1.1241988e-03, 6.5594958e-04, 9.5250341e-04, 2.2312322e-04,
         2.5306835e-03],
        [5.9805210e-03, 9.7577155e-01, 2.3078651e-03, 2.4175423e-03,
         1.1484426e-03, 6.6847523e-04, 9.7000564e-04, 2.2547471e-04,
         2.5439598e-03],
        [5.9419842e-03, 9.7711974e-01, 2.3293041e-03, 2.4380782e-03,
         1.1678264e-03, 6.7990064e-04, 9.8866189e-04, 2.2786779e-04,
         2.5562206e-03],
        [5.9000021e-03, 9.7790998e-01, 2.3633025e-03, 2.4751259e-03,
         1.2060482e-03, 7.0271845e-04, 1.0287476e-03, 2.3458063e-04,
         2.5698869e-03],
        [5.8170944e-03, 9.7863781e-01, 2.3547346e-03, 2.4910755e-03,
         1.2360683e-03, 7.1640813e-04, 1.0493002e-03, 2.3768857e-04,
         2.5869468e-03],
        [5.7681995e-03, 9.7915989e-01, 2.3586485e-03, 2.5103737e-03,
         1.2589878e-03, 7.2948821e-04, 1.0683124e-03, 2.4094677e-04,
         2.5918877e-03],
        [5.7229442e-03, 9.7934461e-01, 2.3918622e-03, 2.5267829e-03,
         1.3037879e-03, 7.5473712e-04, 1.1057833e-03, 2.4709533e-04,
         2.6297842e-03],
        [5.6672385e-03, 9.7966981e-01, 2.3888713e-03, 2.5272858e-03,
         1.3060597e-03, 7.5654371e-04, 1.1052176e-03, 2.4767450e-04,
         2.6384112e-03],
        [5.6310408e-03, 9.8012656e-01, 2.4029019e-03, 2.5041080e-03,
         1.2992374e-03, 7.5227983e-04, 1.0926854e-03, 2.4585915e-04,
         2.6477759e-03],
        [5.6068972e-03, 9.8031032e-01, 2.4003021e-03, 2.4850257e-03,
         1.3045552e-03, 7.5187522e-04, 1.0870920e-03, 2.4615409e-04,
         2.6650326e-03],
        [5.5852747e-03, 9.8066193e-01, 2.3902920e-03, 2.4567642e-03,
         1.2801340e-03, 7.3866511e-04, 1.0602823e-03, 2.4266553e-04,
         2.6797149e-03],
        [5.6151655e-03, 9.8028326e-01, 2.4275405e-03, 2.4567032e-03,
         1.3376683e-03, 7.6032995e-04, 1.0896510e-03, 2.5119190e-04,
         2.7333749e-03]]], dtype=float32), array([[[4.14534748e-01, 2.85585463e-01, 3.59873354e-01, 1.44497320e-01,
         5.73414192e-02, 4.37135845e-02, 6.57331496e-02, 7.37146735e-02,
         2.23740757e-01],
        [5.43602526e-01, 3.07819217e-01, 4.35567677e-01, 3.78696360e-02,
         3.17677390e-03, 1.94461411e-03, 4.72599873e-03, 7.17269536e-03,
         1.38270706e-01],
        [4.68244195e-01, 3.73844326e-01, 4.48210329e-01, 5.49150957e-03,
         2.34627063e-04, 1.26991159e-04, 3.52259376e-04, 5.11416292e-04,
         5.33360206e-02],
        [1.88085690e-01, 4.05611247e-01, 3.50491792e-01, 1.64595956e-03,
         8.88397990e-05, 4.74136141e-05, 1.13455579e-04, 1.37372102e-04,
         2.55577210e-02],
        [5.83517998e-02, 3.94462138e-01, 2.10727751e-01, 1.00400904e-03,
         8.84223118e-05, 4.41304765e-05, 9.68670502e-05, 9.04641347e-05,
         1.82005893e-02],
        [2.28491351e-02, 3.06832969e-01, 8.59352127e-02, 1.10776862e-03,
         1.53203408e-04, 7.84335862e-05, 1.68090497e-04, 1.14824725e-04,
         1.92676503e-02],
        [1.32510168e-02, 1.29252389e-01, 3.10759656e-02, 1.83676323e-03,
         3.67405650e-04, 2.04112846e-04, 5.10917394e-04, 2.32770515e-04,
         2.92524546e-02],
        [1.20002767e-02, 3.03545594e-02, 1.35766389e-02, 3.50352144e-03,
         1.13640109e-03, 6.56217686e-04, 2.17276276e-03, 6.60095073e-04,
         5.36290780e-02],
        [1.43084731e-02, 8.96412879e-03, 9.10305791e-03, 6.96089584e-03,
         3.09232110e-03, 1.86673424e-03, 6.60664216e-03, 1.74320547e-03,
         8.69496688e-02],
        [1.77836306e-02, 4.08402272e-03, 7.99012277e-03, 1.28702177e-02,
         6.78824773e-03, 4.07307595e-03, 1.37447389e-02, 3.70082539e-03,
         1.15057357e-01],
        [2.04708483e-02, 2.52739526e-03, 7.93361664e-03, 2.09143907e-02,
         1.22850323e-02, 7.06677930e-03, 2.25882772e-02, 6.31954428e-03,
         1.34893700e-01],
        [2.31158622e-02, 1.90890231e-03, 8.65696091e-03, 3.20187509e-02,
         2.04904340e-02, 1.15690874e-02, 3.42881903e-02, 1.03484467e-02,
         1.51854992e-01],
        [2.44913679e-02, 1.61608460e-03, 9.53679159e-03, 4.74698767e-02,
         3.39678936e-02, 1.91856530e-02, 5.08787967e-02, 1.66753288e-02,
         1.75279155e-01],
        [2.63136234e-02, 1.63337134e-03, 1.09270895e-02, 7.31255263e-02,
         6.21292330e-02, 3.64338979e-02, 8.10967907e-02, 3.00477333e-02,
         2.08839029e-01],
        [2.76883151e-02, 1.88895070e-03, 1.24378391e-02, 1.15949832e-01,
         1.20438166e-01, 7.65258670e-02, 1.37052208e-01, 5.77563830e-02,
         2.52625853e-01],
        [2.86672190e-02, 2.35930854e-03, 1.42705031e-02, 1.81795657e-01,
         2.26266906e-01, 1.54405430e-01, 2.24791393e-01, 1.09402172e-01,
         3.04947108e-01],
        [2.91500129e-02, 3.08253686e-03, 1.64057370e-02, 2.65205681e-01,
         3.82489145e-01, 2.75710285e-01, 3.35832864e-01, 1.94694906e-01,
         3.65323186e-01],
        [2.88451109e-02, 4.44441615e-03, 1.93111151e-02, 3.64047140e-01,
         5.56524515e-01, 4.28097993e-01, 4.61034745e-01, 3.24162811e-01,
         4.33921307e-01],
        [2.78954655e-02, 6.30507851e-03, 2.31650751e-02, 4.53583926e-01,
         6.97659373e-01, 5.58833897e-01, 5.67979395e-01, 4.64326173e-01,
         5.04916131e-01],
        [2.96803471e-02, 7.59155257e-03, 3.01651396e-02, 5.18302858e-01,
         7.82014847e-01, 6.32740617e-01, 6.34802639e-01, 5.63347220e-01,
         5.69831848e-01],
        [4.40910235e-02, 7.37540051e-03, 5.25870770e-02, 5.17286599e-01,
         7.85019994e-01, 5.92473507e-01, 6.06502891e-01, 5.57959139e-01,
         6.22508287e-01],
        [1.50556818e-01, 7.68482359e-03, 1.80756643e-01, 3.07519555e-01,
         3.33579361e-01, 1.18262954e-01, 1.98475361e-01, 2.12448195e-01,
         6.13625348e-01],
        [4.34973031e-01, 2.08929684e-02, 5.05894125e-01, 6.15820549e-02,
         4.80414322e-03, 1.25714624e-03, 5.95192844e-03, 7.66325835e-03,
         4.16379720e-01],
        [4.38880593e-01, 1.10571302e-01, 6.02729082e-01, 6.33603474e-03,
         1.22313490e-04, 4.46065133e-05, 2.46180076e-04, 2.83089379e-04,
         1.33259982e-01],
        [1.94421008e-01, 2.84090817e-01, 5.16543269e-01, 1.33130827e-03,
         4.04160019e-05, 1.66859136e-05, 6.64494582e-05, 6.98396034e-05,
         4.18679193e-02],
        [6.09453581e-02, 3.51328999e-01, 3.22242916e-01, 7.55606394e-04,
         4.72639476e-05, 2.03184591e-05, 5.96405771e-05, 5.28589117e-05,
         2.19961461e-02],
        [2.22724099e-02, 3.18386942e-01, 1.28811389e-01, 8.00069538e-04,
         8.99587540e-05, 4.05428182e-05, 1.02335252e-04, 6.86130370e-05,
         1.85801592e-02],
        [1.13197640e-02, 1.74650893e-01, 4.06574085e-02, 1.30324927e-03,
         2.24127420e-04, 1.09516368e-04, 2.85415415e-04, 1.36990755e-04,
         2.43991464e-02],
        [9.29518044e-03, 4.88344990e-02, 1.64717976e-02, 2.56021554e-03,
         6.49552210e-04, 3.53009935e-04, 1.13332493e-03, 3.73871037e-04,
         4.21026982e-02],
        [1.07193617e-02, 1.32852783e-02, 9.56488494e-03, 4.88574244e-03,
         1.89246773e-03, 1.08518288e-03, 4.06339904e-03, 1.04481890e-03,
         7.31177852e-02],
        [1.35672558e-02, 5.40082669e-03, 7.92518258e-03, 9.12700407e-03,
         4.38844366e-03, 2.61639082e-03, 9.47611220e-03, 2.37091002e-03,
         1.03137642e-01],
        [1.67967528e-02, 3.11238598e-03, 7.67867500e-03, 1.53891053e-02,
         8.31223652e-03, 4.90042986e-03, 1.66541710e-02, 4.37180698e-03,
         1.23749912e-01]]], dtype=float32), array([[[5.11916697e-01, 2.94137776e-01, 4.51597333e-01, 7.99945146e-02,
         1.24756685e-02, 7.75773125e-03, 1.71110593e-02, 2.09228341e-02,
         2.12242708e-01],
        [6.29688025e-01, 3.45810622e-01, 5.70454717e-01, 1.10871447e-02,
         2.42302005e-04, 1.09696855e-04, 3.83861334e-04, 6.73809089e-04,
         1.54484317e-01],
        [4.53243554e-01, 3.77409011e-01, 6.05816424e-01, 3.66873317e-03,
         6.94577247e-05, 2.76478604e-05, 8.38758715e-05, 1.45662125e-04,
         1.39021993e-01],
        [2.37595305e-01, 3.06224823e-01, 5.89261472e-01, 4.07328596e-03,
         1.00743186e-04, 4.16830408e-05, 1.00394565e-04, 1.66993734e-04,
         2.05282822e-01],
        [1.71103388e-01, 1.30120128e-01, 5.20361602e-01, 9.95939318e-03,
         2.85699498e-04, 1.36694041e-04, 3.00580956e-04, 4.44273290e-04,
         3.76864433e-01],
        [2.33844221e-01, 4.00306024e-02, 4.89910573e-01, 4.13840339e-02,
         9.32600524e-04, 5.38694963e-04, 1.08445820e-03, 1.32477644e-03,
         5.24132609e-01],
        [4.24309075e-01, 2.57708207e-02, 5.92689157e-01, 1.40968040e-01,
         1.28226553e-03, 8.28634074e-04, 1.44129037e-03, 1.71391154e-03,
         5.90148211e-01],
        [6.27973855e-01, 5.37881702e-02, 7.83340394e-01, 1.25395268e-01,
         2.35203130e-04, 1.30608067e-04, 2.96495738e-04, 4.91914921e-04,
         5.80339134e-01],
        [5.71606457e-01, 1.48469836e-01, 8.58950198e-01, 4.63199168e-02,
         5.38374043e-05, 2.35721091e-05, 6.34339813e-05, 1.33760361e-04,
         5.18150747e-01],
        [3.27823281e-01, 2.25682929e-01, 8.57000053e-01, 2.17486303e-02,
         5.01298236e-05, 1.91196123e-05, 4.73930086e-05, 9.73049682e-05,
         4.47843194e-01],
        [1.49576232e-01, 1.65968254e-01, 7.39733100e-01, 2.03208011e-02,
         1.14763265e-04, 5.15073007e-05, 9.58794699e-05, 1.81955882e-04,
         4.60774779e-01],
        [1.26407981e-01, 4.57636788e-02, 4.62742567e-01, 5.24815470e-02,
         5.38517314e-04, 3.45650624e-04, 5.97989594e-04, 7.77974550e-04,
         5.40437460e-01],
        [2.24530563e-01, 1.69552416e-02, 3.87281954e-01, 2.15740994e-01,
         2.01866170e-03, 1.54981890e-03, 2.47996114e-03, 2.18487531e-03,
         6.08001709e-01],
        [4.32069659e-01, 1.51231186e-02, 5.38649559e-01, 4.30630744e-01,
         1.96175976e-03, 1.59409037e-03, 2.36397446e-03, 2.25130212e-03,
         6.49258792e-01],
        [6.33767486e-01, 4.22152169e-02, 8.26044977e-01, 2.94858575e-01,
         2.30263540e-04, 1.32303874e-04, 3.16508580e-04, 4.94675711e-04,
         6.26202285e-01],
        [5.26041687e-01, 1.19399562e-01, 8.85399580e-01, 1.02716200e-01,
         5.81365821e-05, 2.73081132e-05, 7.25856225e-05, 1.44873804e-04,
         5.63716412e-01],
        [2.75365502e-01, 1.61449149e-01, 8.28285336e-01, 4.82042953e-02,
         6.29574788e-05, 3.04810492e-05, 6.71583548e-05, 1.20905686e-04,
         5.10124624e-01],
        [1.38434276e-01, 7.94546083e-02, 5.81991494e-01, 5.47038987e-02,
         1.97338624e-04, 1.29494889e-04, 2.30576668e-04, 3.29612958e-04,
         5.27483046e-01],
        [1.61854699e-01, 2.26359013e-02, 3.67591500e-01, 1.62632063e-01,
         1.08855718e-03, 8.50654207e-04, 1.43520243e-03, 1.30999589e-03,
         5.85079372e-01],
        [2.92525917e-01, 1.38035631e-02, 3.80892932e-01, 4.31887060e-01,
         2.64370255e-03, 2.23747897e-03, 3.31022614e-03, 2.61867908e-03,
         6.36885881e-01],
        [5.15617549e-01, 1.72623117e-02, 6.06961668e-01, 5.48521340e-01,
         1.30924105e-03, 1.00675784e-03, 1.68286660e-03, 1.74721912e-03,
         6.62665725e-01],
        [6.12670183e-01, 5.19450679e-02, 8.33501399e-01, 3.24413776e-01,
         1.63420264e-04, 9.09931987e-05, 2.45715142e-04, 3.84296058e-04,
         6.25744939e-01],
        [4.39536422e-01, 1.17003433e-01, 8.57602894e-01, 1.22826032e-01,
         6.17174301e-05, 3.20610161e-05, 8.59883585e-05, 1.44807869e-04,
         5.63562632e-01],
        [2.10805699e-01, 1.10076189e-01, 7.25647211e-01, 7.28867501e-02,
         9.40247264e-05, 6.03900407e-05, 1.22031262e-04, 1.79072769e-04,
         5.32644331e-01],
        [1.42627880e-01, 4.11324054e-02, 4.55201864e-01, 1.14235289e-01,
         3.87057255e-04, 3.09676718e-04, 5.68669348e-04, 5.81686385e-04,
         5.61186135e-01],
        [2.09491730e-01, 1.61978472e-02, 3.36345404e-01, 3.25616151e-01,
         1.78597344e-03, 1.52203254e-03, 2.42783688e-03, 1.92770851e-03,
         6.14759326e-01],
        [3.64188135e-01, 1.34946881e-02, 4.14569646e-01, 5.73976696e-01,
         2.61150626e-03, 2.23760540e-03, 3.25013744e-03, 2.77032796e-03,
         6.58250511e-01],
        [5.73149443e-01, 2.23863274e-02, 6.66745245e-01, 5.83738148e-01,
         7.89067650e-04, 5.62332454e-04, 1.08914147e-03, 1.30185788e-03,
         6.66519582e-01],
        [5.83462059e-01, 6.19310364e-02, 8.27378213e-01, 3.23076844e-01,
         1.30365952e-04, 7.26075159e-05, 2.01090748e-04, 3.28023540e-04,
         6.20967448e-01],
        [3.79521877e-01, 1.14781134e-01, 8.26989770e-01, 1.29616529e-01,
         6.58547578e-05, 3.71776987e-05, 9.61902333e-05, 1.45430764e-04,
         5.60703337e-01],
        [1.82201087e-01, 1.00122705e-01, 6.80949271e-01, 8.09266344e-02,
         1.03688406e-04, 7.11141547e-05, 1.44589270e-04, 1.85701938e-04,
         5.35024226e-01],
        [1.37757555e-01, 3.40927504e-02, 3.99074882e-01, 1.43918514e-01,
         5.05354838e-04, 4.19949094e-04, 7.62976124e-04, 7.15714006e-04,
         5.70304155e-01]]], dtype=float32)]