tf.Tensor(
[[[5.37875235e-01 3.01328868e-01 4.73208576e-01 5.90793043e-02
   6.62818924e-03 3.71691235e-03 9.53859836e-03 1.20054660e-02
   1.98268026e-01]
  [6.10136628e-01 3.60492647e-01 5.74090898e-01 7.82459602e-03
   1.52017397e-04 6.31319272e-05 2.38091277e-04 4.09023691e-04
   1.42285898e-01]
  [3.84477854e-01 3.77803802e-01 5.96331239e-01 3.33972578e-03
   6.86701242e-05 2.63630736e-05 7.90384001e-05 1.33451700e-04
   1.41405940e-01]
  [1.96018428e-01 2.58552134e-01 5.47104836e-01 5.18693915e-03
   1.45137819e-04 6.59454890e-05 1.50630658e-04 2.38905966e-04
   2.46767431e-01]
  [1.76132485e-01 7.90907964e-02 4.59808856e-01 1.76640246e-02
   5.33804472e-04 2.98423285e-04 6.37456367e-04 8.24721414e-04
   4.43409204e-01]
  [2.85020202e-01 2.81385724e-02 4.69574422e-01 8.85586962e-02
   1.66816637e-03 1.10516371e-03 1.96356000e-03 2.14190478e-03
   5.63677967e-01]
  [5.21274865e-01 2.66667381e-02 6.37330472e-01 2.08326489e-01
   1.18914444e-03 7.98185938e-04 1.35448051e-03 1.67798146e-03
   6.08502030e-01]
  [6.57406986e-01 6.86800331e-02 8.06092799e-01 1.30914912e-01
   1.63565739e-04 8.80192965e-05 2.12745130e-04 3.90604720e-04
   5.81885934e-01]
  [5.41931689e-01 1.75213769e-01 8.64341319e-01 4.40589376e-02
   4.64649238e-05 1.98847647e-05 5.55290026e-05 1.18454911e-04
   5.08365512e-01]
  [2.80373067e-01 2.13682726e-01 8.34964514e-01 2.39535961e-02
   6.09214403e-05 2.56876010e-05 5.86087190e-05 1.18552758e-04
   4.54019338e-01]
  [1.45776361e-01 1.02078408e-01 6.38658524e-01 3.25527713e-02
   2.05094519e-04 1.19656237e-04 2.11053251e-04 3.51645460e-04
   5.00218153e-01]
  [1.77514881e-01 2.65165512e-02 4.23286498e-01 1.20882489e-01
   1.14702259e-03 8.80399544e-04 1.42092875e-03 1.51585403e-03
   5.79280794e-01]
  [3.13837498e-01 1.55370580e-02 4.35626537e-01 3.65260035e-01
   2.81709828e-03 2.34783860e-03 3.32439900e-03 2.88242847e-03
   6.35434389e-01]
  [5.24010956e-01 1.74486451e-02 6.17668509e-01 5.16956151e-01
   1.76517793e-03 1.40543468e-03 2.02960055e-03 2.22970941e-03
   6.67861938e-01]
  [6.61177635e-01 4.15113866e-02 8.13466132e-01 4.04269934e-01
   3.03532142e-04 1.92765539e-04 4.08131629e-04 6.88711414e-04
   6.47795260e-01]
  [5.73286593e-01 1.09440617e-01 8.80509853e-01 1.61074981e-01
   7.11776229e-05 3.60376980e-05 9.41476828e-05 1.89743936e-04
   5.83949983e-01]
  [3.26127172e-01 1.47896960e-01 8.29645097e-01 7.08859712e-02
   6.65419066e-05 3.58966136e-05 7.90216072e-05 1.39182273e-04
   5.27291834e-01]
  [1.70210168e-01 7.63113350e-02 6.02293789e-01 7.41284862e-02
   1.97981251e-04 1.41568016e-04 2.54074723e-04 3.42105748e-04
   5.36883116e-01]
  [1.84201404e-01 2.35262774e-02 3.88344646e-01 1.98334038e-01
   1.08411198e-03 8.72169330e-04 1.43887382e-03 1.31654483e-03
   5.91728330e-01]
  [3.05109411e-01 1.45102832e-02 3.76741827e-01 4.80078131e-01
   2.90234829e-03 2.49574706e-03 3.52954259e-03 2.88564875e-03
   6.42976105e-01]
  [5.13321579e-01 1.70909446e-02 5.84383786e-01 6.05846345e-01
   1.65397162e-03 1.26367691e-03 1.99261354e-03 2.09767069e-03
   6.71424866e-01]
  [6.36365771e-01 4.04576287e-02 7.88090885e-01 4.69498754e-01
   3.01452063e-04 1.86376943e-04 4.25131555e-04 6.74679119e-04
   6.49582982e-01]
  [5.31435311e-01 1.10395603e-01 8.73060167e-01 1.77651808e-01
   6.65482730e-05 3.23689783e-05 9.34549753e-05 1.68101309e-04
   5.82977951e-01]
  [2.76417285e-01 1.34273931e-01 7.89682090e-01 8.23550820e-02
   7.24090714e-05 4.22634985e-05 9.34983836e-05 1.45349026e-04
   5.31877458e-01]
  [1.50647357e-01 5.99839427e-02 5.27168989e-01 9.70768183e-02
   2.49742443e-04 1.90933672e-04 3.53434414e-04 4.08149674e-04
   5.48078299e-01]
  [1.88692689e-01 1.90351922e-02 3.32378983e-01 2.84669906e-01
   1.55729242e-03 1.32385967e-03 2.09053233e-03 1.74851692e-03
   6.06086969e-01]
  [3.20842206e-01 1.39198545e-02 3.73435259e-01 5.67354143e-01
   3.07522737e-03 2.63494370e-03 3.74129764e-03 3.04311141e-03
   6.54897928e-01]
  [5.21387637e-01 1.74067505e-02 5.87812483e-01 6.57283366e-01
   1.57814496e-03 1.19508593e-03 1.90409378e-03 2.09719082e-03
   6.80148840e-01]
  [6.24847233e-01 4.41514701e-02 7.98645914e-01 4.73391175e-01
   2.49827746e-04 1.45910832e-04 3.59389989e-04 5.85268601e-04
   6.50536776e-01]
  [4.94304746e-01 1.09377414e-01 8.59473944e-01 1.85671881e-01
   6.79923105e-05 3.36592238e-05 9.67260421e-05 1.66461730e-04
   5.83390057e-01]
  [2.48421744e-01 1.19973786e-01 7.56465971e-01 9.33981612e-02
   8.13802762e-05 5.07559198e-05 1.10287641e-04 1.59107090e-04
   5.38580954e-01]
  [1.50039122e-01 4.66639251e-02 4.70047474e-01 1.29877910e-01
   3.44547996e-04 2.78758758e-04 5.08720754e-04 5.38987922e-04
   5.62555134e-01]]], shape=(1, 32, 9), dtype=float32)