[array([[[2.7682540e-01, 2.7004209e-01, 2.9138947e-01, 2.6725560e-01,
         2.7199298e-01, 2.7914253e-01, 2.7426210e-01, 2.7445176e-01,
         2.8312382e-01],
        [3.1906793e-01, 2.1999736e-01, 3.0285868e-01, 2.3631100e-01,
         2.6681000e-01, 2.9587135e-01, 3.0124527e-01, 2.8966796e-01,
         3.1516835e-01],
        [3.1501356e-01, 1.9909759e-01, 3.5988265e-01, 2.0200539e-01,
         2.4323888e-01, 2.9004002e-01, 2.8348106e-01, 2.6559776e-01,
         3.4094635e-01],
        [2.9082265e-01, 1.6235329e-01, 4.4918653e-01, 1.4731854e-01,
         1.9604334e-01, 2.5869909e-01, 2.3954046e-01, 2.1542381e-01,
         3.6873358e-01],
        [2.4871522e-01, 1.2542793e-01, 5.6203455e-01, 9.2961103e-02,
         1.3906278e-01, 2.0521890e-01, 1.7711766e-01, 1.4915337e-01,
         3.9696056e-01],
        [1.9281825e-01, 8.8153072e-02, 6.9100881e-01, 4.7137156e-02,
         8.2098149e-02, 1.4055695e-01, 1.0911452e-01, 8.3204269e-02,
         4.2453939e-01],
        [1.3583335e-01, 6.0104642e-02, 8.0209482e-01, 2.0888185e-02,
         4.1658103e-02, 8.2962535e-02, 5.6196600e-02, 3.8113702e-02,
         4.4243097e-01],
        [8.8983528e-02, 4.1844156e-02, 8.8215208e-01, 8.8372771e-03,
         1.9367920e-02, 4.4750974e-02, 2.5803475e-02, 1.5442634e-02,
         4.4707763e-01],
        [5.9115615e-02, 3.3563543e-02, 9.3138701e-01, 4.3026898e-03,
         9.8970365e-03, 2.4601478e-02, 1.2511796e-02, 6.7409654e-03,
         4.3664250e-01],
        [4.2098381e-02, 3.0127300e-02, 9.5992690e-01, 2.5451211e-03,
         5.8675464e-03, 1.5056863e-02, 6.8655675e-03, 3.4449464e-03,
         4.1485587e-01],
        [3.2630257e-02, 2.8982174e-02, 9.7582597e-01, 1.7798276e-03,
         4.0309601e-03, 1.0648679e-02, 4.4292901e-03, 2.1075106e-03,
         3.9102283e-01],
        [2.7243463e-02, 2.8899718e-02, 9.8448330e-01, 1.4419802e-03,
         3.1583228e-03, 8.4250942e-03, 3.2501777e-03, 1.5034447e-03,
         3.7105262e-01],
        [2.4213130e-02, 2.9286796e-02, 9.8924792e-01, 1.2779650e-03,
         2.7140244e-03, 7.2631594e-03, 2.6518733e-03, 1.2094436e-03,
         3.5674673e-01],
        [2.2304272e-02, 2.9426195e-02, 9.9193197e-01, 1.1629573e-03,
         2.4261759e-03, 6.5659722e-03, 2.3063892e-03, 1.0337639e-03,
         3.4658682e-01],
        [2.1317188e-02, 2.9767329e-02, 9.9342084e-01, 1.1034729e-03,
         2.2599732e-03, 6.1521889e-03, 2.1185142e-03, 9.3736424e-04,
         3.3959267e-01],
        [2.0562040e-02, 2.9684016e-02, 9.9429983e-01, 1.0571277e-03,
         2.1418629e-03, 5.9004114e-03, 1.9883413e-03, 8.7355578e-04,
         3.3537167e-01],
        [2.0099077e-02, 2.9816942e-02, 9.9483925e-01, 1.0343762e-03,
         2.0786158e-03, 5.7394337e-03, 1.9043293e-03, 8.3480298e-04,
         3.3049369e-01],
        [1.9721989e-02, 3.0019877e-02, 9.9514043e-01, 1.0232710e-03,
         2.0360071e-03, 5.6136958e-03, 1.8448269e-03, 8.0863450e-04,
         3.2837817e-01],
        [1.9554432e-02, 2.9731547e-02, 9.9534792e-01, 1.0066965e-03,
         1.9903237e-03, 5.5342731e-03, 1.7905877e-03, 7.8353105e-04,
         3.2578897e-01],
        [1.9452138e-02, 2.9961508e-02, 9.9546719e-01, 9.9878968e-04,
         1.9688841e-03, 5.4658204e-03, 1.7794329e-03, 7.7264383e-04,
         3.2419342e-01],
        [1.9354220e-02, 2.9972987e-02, 9.9555558e-01, 9.9322270e-04,
         1.9475772e-03, 5.4187216e-03, 1.7640743e-03, 7.5971050e-04,
         3.2323653e-01],
        [1.9284522e-02, 2.9991232e-02, 9.9560827e-01, 9.8511030e-04,
         1.9189350e-03, 5.3717252e-03, 1.7544528e-03, 7.5190084e-04,
         3.2165125e-01],
        [1.9179607e-02, 3.0061482e-02, 9.9563605e-01, 9.8467118e-04,
         1.9158236e-03, 5.3636022e-03, 1.7439767e-03, 7.4760924e-04,
         3.2189214e-01],
        [1.9059790e-02, 2.9928848e-02, 9.9568051e-01, 9.7224844e-04,
         1.9043583e-03, 5.3465725e-03, 1.7360763e-03, 7.3748984e-04,
         3.2228589e-01],
        [1.8971909e-02, 3.0063290e-02, 9.9567479e-01, 9.7257906e-04,
         1.9162300e-03, 5.3297025e-03, 1.7178000e-03, 7.3492405e-04,
         3.2209861e-01],
        [1.8915104e-02, 3.0152554e-02, 9.9569339e-01, 9.7640965e-04,
         1.9164884e-03, 5.3108716e-03, 1.7104304e-03, 7.3660788e-04,
         3.2157907e-01],
        [1.8808180e-02, 3.0076405e-02, 9.9570686e-01, 9.7167934e-04,
         1.9113594e-03, 5.3005270e-03, 1.7085235e-03, 7.3553057e-04,
         3.1988454e-01],
        [1.8867284e-02, 3.0098563e-02, 9.9570382e-01, 9.7423949e-04,
         1.9059323e-03, 5.3242883e-03, 1.7156751e-03, 7.3643611e-04,
         3.2043746e-01],
        [1.8842565e-02, 3.0216618e-02, 9.9570322e-01, 9.7658893e-04,
         1.9095655e-03, 5.3117005e-03, 1.7225536e-03, 7.3652278e-04,
         3.2025909e-01],
        [1.8861391e-02, 3.0221527e-02, 9.9569505e-01, 9.7687263e-04,
         1.9071789e-03, 5.2967081e-03, 1.7228195e-03, 7.3367514e-04,
         3.2015255e-01],
        [1.8773969e-02, 3.0165730e-02, 9.9568164e-01, 9.7923423e-04,
         1.9059160e-03, 5.2810353e-03, 1.7130523e-03, 7.3147792e-04,
         3.2007757e-01],
        [1.8787617e-02, 3.0139122e-02, 9.9568981e-01, 9.7492506e-04,
         1.9057128e-03, 5.2917986e-03, 1.7187187e-03, 7.3179236e-04,
         3.2009944e-01]]], dtype=float32), array([[[2.85805374e-01, 2.78787017e-01, 3.00581574e-01, 2.54193425e-01,
         2.62217343e-01, 2.71084279e-01, 2.63608754e-01, 2.59658128e-01,
         2.71475017e-01],
        [3.53107482e-01, 2.53344148e-01, 3.37591231e-01, 1.95577994e-01,
         2.29595438e-01, 2.63233632e-01, 2.61492133e-01, 2.40101501e-01,
         2.71117002e-01],
        [3.97028804e-01, 2.88922220e-01, 4.48357791e-01, 1.22302875e-01,
         1.60161749e-01, 2.09678024e-01, 1.91494256e-01, 1.59461096e-01,
         2.26579309e-01],
        [4.55389291e-01, 3.70247841e-01, 6.07710660e-01, 4.84547317e-02,
         7.14849010e-02, 1.21805847e-01, 9.21939760e-02, 6.31148741e-02,
         1.33616418e-01],
        [5.15324831e-01, 5.40431499e-01, 7.50088692e-01, 1.32339839e-02,
         1.98864006e-02, 4.75233048e-02, 2.82809474e-02, 1.42418584e-02,
         4.53165956e-02],
        [5.58916867e-01, 7.30959415e-01, 8.36073458e-01, 4.10076091e-03,
         5.21468231e-03, 1.71254687e-02, 8.95951502e-03, 3.13557801e-03,
         1.13236615e-02],
        [5.80765128e-01, 8.51779282e-01, 8.85215878e-01, 1.99021655e-03,
         1.99184869e-03, 8.38145521e-03, 4.31458186e-03, 1.11603597e-03,
         3.56384763e-03],
        [5.86800814e-01, 9.16015565e-01, 9.14152980e-01, 1.37808046e-03,
         1.14283827e-03, 5.70267858e-03, 3.02673527e-03, 6.42640982e-04,
         1.72915519e-03],
        [5.86854994e-01, 9.49322701e-01, 9.31736231e-01, 1.16237497e-03,
         8.56145343e-04, 4.71500168e-03, 2.62228749e-03, 4.91396349e-04,
         1.17136992e-03],
        [5.84914088e-01, 9.66562808e-01, 9.42915738e-01, 1.07260735e-03,
         7.38872855e-04, 4.30695340e-03, 2.46190000e-03, 4.30337328e-04,
         9.66404914e-04],
        [5.83782792e-01, 9.75498140e-01, 9.50321198e-01, 1.03912107e-03,
         6.88742497e-04, 4.10760986e-03, 2.42089503e-03, 4.05767292e-04,
         8.89556890e-04],
        [5.82766235e-01, 9.80151892e-01, 9.55399334e-01, 1.03173160e-03,
         6.67104439e-04, 4.01308388e-03, 2.41100416e-03, 3.95760464e-04,
         8.59659340e-04],
        [5.81972063e-01, 9.82676864e-01, 9.58994567e-01, 1.02490652e-03,
         6.53749739e-04, 3.96239990e-03, 2.40186579e-03, 3.88511689e-04,
         8.47524207e-04],
        [5.81389487e-01, 9.84036326e-01, 9.61589813e-01, 1.02438242e-03,
         6.45055610e-04, 3.93503439e-03, 2.40843440e-03, 3.85876396e-04,
         8.43726157e-04],
        [5.81400633e-01, 9.84836221e-01, 9.63507295e-01, 1.02843950e-03,
         6.42208499e-04, 3.91129171e-03, 2.41071195e-03, 3.84378276e-04,
         8.49160890e-04],
        [5.81252217e-01, 9.85275149e-01, 9.64894831e-01, 1.03073462e-03,
         6.39367325e-04, 3.88515648e-03, 2.40690471e-03, 3.82352795e-04,
         8.47181713e-04],
        [5.81263244e-01, 9.85532105e-01, 9.66015518e-01, 1.02954591e-03,
         6.36981218e-04, 3.87498015e-03, 2.40835524e-03, 3.81605991e-04,
         8.52122204e-04],
        [5.80868781e-01, 9.85686421e-01, 9.66904938e-01, 1.02441595e-03,
         6.34789059e-04, 3.87443183e-03, 2.40717526e-03, 3.80304351e-04,
         8.51060729e-04],
        [5.80423236e-01, 9.85803545e-01, 9.67564285e-01, 1.02530583e-03,
         6.34595344e-04, 3.84769007e-03, 2.40747235e-03, 3.81039979e-04,
         8.52121739e-04],
        [5.80274701e-01, 9.85807478e-01, 9.68119621e-01, 1.02417020e-03,
         6.30733673e-04, 3.84574593e-03, 2.40500458e-03, 3.79467820e-04,
         8.54252605e-04],
        [5.79733729e-01, 9.85937953e-01, 9.68549967e-01, 1.02090882e-03,
         6.28520385e-04, 3.82716395e-03, 2.39803898e-03, 3.77766206e-04,
         8.53491423e-04],
        [5.80003738e-01, 9.85954225e-01, 9.68917966e-01, 1.01891416e-03,
         6.29694143e-04, 3.83211393e-03, 2.40163459e-03, 3.78533441e-04,
         8.55734805e-04],
        [5.80109060e-01, 9.85966265e-01, 9.69172955e-01, 1.02236273e-03,
         6.28008682e-04, 3.83650931e-03, 2.40617502e-03, 3.78021854e-04,
         8.58738727e-04],
        [5.79834521e-01, 9.85986114e-01, 9.69341457e-01, 1.02338730e-03,
         6.28415786e-04, 3.82409291e-03, 2.40033958e-03, 3.77804332e-04,
         8.62314075e-04],
        [5.79959273e-01, 9.85979140e-01, 9.69468713e-01, 1.02154957e-03,
         6.25663379e-04, 3.83505481e-03, 2.39154440e-03, 3.76440265e-04,
         8.63134745e-04],
        [5.79618216e-01, 9.85979021e-01, 9.69571769e-01, 1.01854792e-03,
         6.26388530e-04, 3.82860494e-03, 2.39641732e-03, 3.77575401e-04,
         8.58791347e-04],
        [5.79281211e-01, 9.86007035e-01, 9.69652712e-01, 1.01794023e-03,
         6.24598353e-04, 3.81972175e-03, 2.40307348e-03, 3.78570374e-04,
         8.63824564e-04],
        [5.79052210e-01, 9.85975504e-01, 9.69705820e-01, 1.01756258e-03,
         6.25319430e-04, 3.81854968e-03, 2.40020920e-03, 3.78488563e-04,
         8.67367897e-04],
        [5.79305947e-01, 9.85995770e-01, 9.69740808e-01, 1.02146342e-03,
         6.27802743e-04, 3.84305697e-03, 2.39692605e-03, 3.78943747e-04,
         8.69405398e-04],
        [5.79169750e-01, 9.85985279e-01, 9.69775915e-01, 1.01954862e-03,
         6.23044674e-04, 3.81760625e-03, 2.40275892e-03, 3.78130149e-04,
         8.68181698e-04],
        [5.79193056e-01, 9.85979676e-01, 9.69780684e-01, 1.01751485e-03,
         6.24087639e-04, 3.80871026e-03, 2.40220386e-03, 3.77764722e-04,
         8.64523172e-04],
        [5.78868330e-01, 9.85980034e-01, 9.69807804e-01, 1.02092756e-03,
         6.25260291e-04, 3.82034015e-03, 2.39831465e-03, 3.78511933e-04,
         8.72646749e-04]]], dtype=float32), array([[[2.9729444e-01, 2.8270727e-01, 3.0630553e-01, 2.3370786e-01,
         2.4479434e-01, 2.5506815e-01, 2.4469075e-01, 2.4036294e-01,
         2.6505575e-01],
        [3.9735690e-01, 2.7759084e-01, 3.5483786e-01, 1.3870902e-01,
         1.7556992e-01, 2.0843928e-01, 1.9658990e-01, 1.7834827e-01,
         2.3970088e-01],
        [5.0652707e-01, 3.7316030e-01, 4.6829116e-01, 5.2674964e-02,
         7.8178167e-02, 1.1115019e-01, 8.5380934e-02, 6.8430789e-02,
         1.4937676e-01],
        [6.5129298e-01, 5.7175809e-01, 5.5947876e-01, 1.0918774e-02,
         1.7105266e-02, 3.2743569e-02, 1.7366888e-02, 1.1268331e-02,
         4.6952624e-02],
        [7.6788449e-01, 7.7879608e-01, 5.5474555e-01, 2.6030745e-03,
         3.3759752e-03, 8.9894272e-03, 3.3971856e-03, 1.7937075e-03,
         1.0231647e-02],
        [8.4026814e-01, 8.9203846e-01, 5.2317059e-01, 1.1297560e-03,
         1.1109547e-03, 4.1552833e-03, 1.2088080e-03, 5.8371178e-04,
         3.1204696e-03],
        [8.8177335e-01, 9.4617134e-01, 5.0883198e-01, 8.0113707e-04,
         6.3420052e-04, 3.0561215e-03, 7.4835663e-04, 3.5744678e-04,
         1.6579741e-03],
        [9.0575773e-01, 9.7191143e-01, 5.0434685e-01, 7.1844179e-04,
         4.9767049e-04, 2.7708183e-03, 6.1875849e-04, 2.9833702e-04,
         1.2757694e-03],
        [9.2000073e-01, 9.8401654e-01, 5.0279957e-01, 6.9801748e-04,
         4.4909937e-04, 2.6816484e-03, 5.7572901e-04, 2.8138078e-04,
         1.1620517e-03],
        [9.2894095e-01, 9.8971987e-01, 5.0215340e-01, 6.8284001e-04,
         4.2270048e-04, 2.6475433e-03, 5.5321562e-04, 2.7402447e-04,
         1.1251250e-03],
        [9.3501306e-01, 9.9242002e-01, 5.0179535e-01, 6.7841797e-04,
         4.1269392e-04, 2.6466718e-03, 5.4456334e-04, 2.7168629e-04,
         1.1268660e-03],
        [9.3870521e-01, 9.9368608e-01, 5.0159883e-01, 6.7473960e-04,
         4.0661564e-04, 2.6396215e-03, 5.3953822e-04, 2.7112148e-04,
         1.1282885e-03],
        [9.4126630e-01, 9.9430954e-01, 5.0148618e-01, 6.7227258e-04,
         4.0360208e-04, 2.6347837e-03, 5.3730066e-04, 2.7213866e-04,
         1.1435603e-03],
        [9.4323635e-01, 9.9461633e-01, 5.0138891e-01, 6.7487609e-04,
         4.0351925e-04, 2.6421908e-03, 5.3424889e-04, 2.7174081e-04,
         1.1592784e-03],
        [9.4458276e-01, 9.9477893e-01, 5.0134945e-01, 6.7277899e-04,
         4.0193752e-04, 2.6491017e-03, 5.3302111e-04, 2.7190195e-04,
         1.1687891e-03],
        [9.4580501e-01, 9.9485421e-01, 5.0131685e-01, 6.7303516e-04,
         3.9920065e-04, 2.6420087e-03, 5.3141534e-04, 2.7119243e-04,
         1.1827138e-03],
        [9.4638795e-01, 9.9490607e-01, 5.0128686e-01, 6.7305780e-04,
         4.0010081e-04, 2.6400869e-03, 5.3182297e-04, 2.7253025e-04,
         1.1904482e-03],
        [9.4693744e-01, 9.9495167e-01, 5.0126970e-01, 6.7103835e-04,
         3.9604551e-04, 2.6208621e-03, 5.2946038e-04, 2.7031972e-04,
         1.1893270e-03],
        [9.4741666e-01, 9.9496001e-01, 5.0127608e-01, 6.6990434e-04,
         3.9657214e-04, 2.6372683e-03, 5.3123833e-04, 2.7188109e-04,
         1.2059473e-03],
        [9.4780552e-01, 9.9495947e-01, 5.0126445e-01, 6.6905248e-04,
         3.9714304e-04, 2.6333253e-03, 5.3326460e-04, 2.7230781e-04,
         1.2107706e-03],
        [9.4809902e-01, 9.9499094e-01, 5.0125623e-01, 6.6893507e-04,
         3.9616646e-04, 2.6338734e-03, 5.2900019e-04, 2.7153883e-04,
         1.2217533e-03],
        [9.4830018e-01, 9.9498743e-01, 5.0123954e-01, 6.7070988e-04,
         3.9598977e-04, 2.6254298e-03, 5.3179293e-04, 2.7253176e-04,
         1.2305395e-03],
        [9.4832802e-01, 9.9499452e-01, 5.0126410e-01, 6.6323247e-04,
         3.9333131e-04, 2.6217941e-03, 5.2788423e-04, 2.7014368e-04,
         1.2208698e-03],
        [9.4855714e-01, 9.9499166e-01, 5.0127184e-01, 6.6695543e-04,
         3.9589955e-04, 2.6266440e-03, 5.3032540e-04, 2.7177460e-04,
         1.2378169e-03],
        [9.4869965e-01, 9.9502528e-01, 5.0123549e-01, 6.6797872e-04,
         3.9455912e-04, 2.6289024e-03, 5.2972027e-04, 2.7213336e-04,
         1.2450967e-03],
        [9.4878203e-01, 9.9500334e-01, 5.0125271e-01, 6.6981709e-04,
         3.9681693e-04, 2.6375835e-03, 5.3179142e-04, 2.7369289e-04,
         1.2607581e-03],
        [9.4873446e-01, 9.9499464e-01, 5.0125945e-01, 6.6793663e-04,
         3.9574411e-04, 2.6285148e-03, 5.2918243e-04, 2.7175550e-04,
         1.2545564e-03],
        [9.4905597e-01, 9.9499404e-01, 5.0122380e-01, 6.7342480e-04,
         3.9767279e-04, 2.6456804e-03, 5.3306844e-04, 2.7324571e-04,
         1.2667823e-03],
        [9.4907492e-01, 9.9500179e-01, 5.0126904e-01, 6.6960626e-04,
         3.9710233e-04, 2.6441617e-03, 5.3243450e-04, 2.7292216e-04,
         1.2712508e-03],
        [9.4925350e-01, 9.9500227e-01, 5.0123441e-01, 6.6820416e-04,
         3.9667398e-04, 2.6439554e-03, 5.3097791e-04, 2.7225577e-04,
         1.2722472e-03],
        [9.4931877e-01, 9.9499029e-01, 5.0124282e-01, 6.6782156e-04,
         3.9495714e-04, 2.6296121e-03, 5.3121394e-04, 2.7174124e-04,
         1.2699454e-03],
        [9.4926226e-01, 9.9499208e-01, 5.0126433e-01, 6.7150587e-04,
         3.9689496e-04, 2.6358177e-03, 5.3100841e-04, 2.7190868e-04,
         1.2823736e-03]]], dtype=float32), array([[[2.9122579e-01, 2.7831268e-01, 3.1197515e-01, 2.1737036e-01,
         2.3098557e-01, 2.4523968e-01, 2.3111477e-01, 2.2514266e-01,
         2.5575021e-01],
        [3.6615232e-01, 2.6517290e-01, 3.7163219e-01, 1.0750105e-01,
         1.4395301e-01, 1.7431146e-01, 1.5608247e-01, 1.3595833e-01,
         2.0817491e-01],
        [3.9972517e-01, 3.6654100e-01, 4.9636278e-01, 2.4974188e-02,
         4.2928245e-02, 6.1139081e-02, 3.9931569e-02, 2.9475750e-02,
         9.3346447e-02],
        [3.4271049e-01, 6.0131085e-01, 5.5575079e-01, 3.5210773e-03,
         6.6275783e-03, 1.0963676e-02, 4.8146998e-03, 2.9548593e-03,
         1.8221179e-02],
        [1.7812610e-01, 7.9969496e-01, 5.2839208e-01, 9.0144004e-04,
         1.3962382e-03, 2.8234087e-03, 9.3991455e-04, 5.5580330e-04,
         3.6397858e-03],
        [8.1988350e-02, 8.9715111e-01, 5.0474072e-01, 5.3890696e-04,
         6.4606976e-04, 1.5491653e-03, 4.5425125e-04, 2.9297444e-04,
         1.5700936e-03],
        [5.0446846e-02, 9.4638795e-01, 4.9754333e-01, 4.7223922e-04,
         4.8520000e-04, 1.2457694e-03, 3.5181578e-04, 2.4660933e-04,
         1.1707013e-03],
        [3.9720632e-02, 9.7108436e-01, 4.9532872e-01, 4.6277660e-04,
         4.4330562e-04, 1.1524737e-03, 3.2187326e-04, 2.3806089e-04,
         1.0744180e-03],
        [3.5517737e-02, 9.8319387e-01, 4.9439761e-01, 4.6584764e-04,
         4.3215428e-04, 1.1185682e-03, 3.1271961e-04, 2.3863063e-04,
         1.0615874e-03],
        [3.3689015e-02, 9.8909551e-01, 4.9403802e-01, 4.6417880e-04,
         4.2911366e-04, 1.1040550e-03, 3.0824429e-04, 2.4036090e-04,
         1.0717647e-03],
        [3.2839838e-02, 9.9196643e-01, 4.9374110e-01, 4.6682818e-04,
         4.2789851e-04, 1.0918474e-03, 3.0702780e-04, 2.4248214e-04,
         1.0839130e-03],
        [3.2556701e-02, 9.9337894e-01, 4.9366388e-01, 4.6799632e-04,
         4.2991855e-04, 1.0993332e-03, 3.0741145e-04, 2.4435014e-04,
         1.1057932e-03],
        [3.2309402e-02, 9.9409157e-01, 4.9358770e-01, 4.6645969e-04,
         4.3043168e-04, 1.0971157e-03, 3.0591124e-04, 2.4511028e-04,
         1.1179486e-03],
        [3.2068934e-02, 9.9447358e-01, 4.9355042e-01, 4.6663001e-04,
         4.2882108e-04, 1.0933762e-03, 3.0456434e-04, 2.4421295e-04,
         1.1270274e-03],
        [3.1917207e-02, 9.9464399e-01, 4.9350631e-01, 4.6680754e-04,
         4.2981136e-04, 1.0941454e-03, 3.0555157e-04, 2.4512890e-04,
         1.1366975e-03],
        [3.1907577e-02, 9.9475318e-01, 4.9348357e-01, 4.6641767e-04,
         4.2820434e-04, 1.0900950e-03, 3.0496228e-04, 2.4527984e-04,
         1.1497600e-03],
        [3.1898260e-02, 9.9480379e-01, 4.9349898e-01, 4.6811273e-04,
         4.2965898e-04, 1.0964337e-03, 3.0455997e-04, 2.4608732e-04,
         1.1584613e-03],
        [3.1921852e-02, 9.9482757e-01, 4.9347088e-01, 4.6740184e-04,
         4.3045750e-04, 1.0977894e-03, 3.0471385e-04, 2.4611028e-04,
         1.1750590e-03],
        [3.1884521e-02, 9.9484700e-01, 4.9346837e-01, 4.6805968e-04,
         4.2908805e-04, 1.0917949e-03, 3.0493623e-04, 2.4587646e-04,
         1.1843240e-03],
        [3.1838834e-02, 9.9485606e-01, 4.9345741e-01, 4.6694939e-04,
         4.2825291e-04, 1.0945448e-03, 3.0466550e-04, 2.4653960e-04,
         1.1904512e-03],
        [3.1969093e-02, 9.9484587e-01, 4.9346295e-01, 4.6852723e-04,
         4.3059082e-04, 1.0952674e-03, 3.0612072e-04, 2.4705628e-04,
         1.2038237e-03],
        [3.1952996e-02, 9.9486774e-01, 4.9343660e-01, 4.6810365e-04,
         4.3137945e-04, 1.0968148e-03, 3.0537549e-04, 2.4647079e-04,
         1.2156432e-03],
        [3.1850513e-02, 9.9485946e-01, 4.9347824e-01, 4.6763712e-04,
         4.2986727e-04, 1.0947700e-03, 3.0523783e-04, 2.4614594e-04,
         1.2143020e-03],
        [3.1982113e-02, 9.9485469e-01, 4.9339417e-01, 4.6833084e-04,
         4.3339451e-04, 1.0988851e-03, 3.0703118e-04, 2.4709964e-04,
         1.2295432e-03],
        [3.1951495e-02, 9.9485767e-01, 4.9347168e-01, 4.6645937e-04,
         4.2827695e-04, 1.0946424e-03, 3.0364937e-04, 2.4507495e-04,
         1.2289116e-03],
        [3.1733975e-02, 9.9488264e-01, 4.9347132e-01, 4.6793470e-04,
         4.2825655e-04, 1.0920175e-03, 3.0349504e-04, 2.4572873e-04,
         1.2241610e-03],
        [3.1876348e-02, 9.9486423e-01, 4.9343276e-01, 4.6851640e-04,
         4.2944888e-04, 1.0987757e-03, 3.0550512e-04, 2.4647961e-04,
         1.2424020e-03],
        [3.1875692e-02, 9.9487323e-01, 4.9346036e-01, 4.6714637e-04,
         4.3078378e-04, 1.0984888e-03, 3.0534039e-04, 2.4697144e-04,
         1.2475660e-03],
        [3.1797171e-02, 9.9488139e-01, 4.9349031e-01, 4.6444905e-04,
         4.2538292e-04, 1.0875011e-03, 3.0390618e-04, 2.4581311e-04,
         1.2405816e-03],
        [3.1770416e-02, 9.9487168e-01, 4.9344787e-01, 4.6561338e-04,
         4.2769231e-04, 1.0930018e-03, 3.0379623e-04, 2.4583100e-04,
         1.2533985e-03],
        [3.1666271e-02, 9.9487221e-01, 4.9347973e-01, 4.6530861e-04,
         4.2681454e-04, 1.0922002e-03, 3.0254928e-04, 2.4570656e-04,
         1.2510923e-03],
        [3.1770647e-02, 9.9487031e-01, 4.9345651e-01, 4.6679849e-04,
         4.2755809e-04, 1.0920033e-03, 3.0389728e-04, 2.4553484e-04,
         1.2610732e-03]]], dtype=float32), array([[[2.89266169e-01, 2.70931512e-01, 2.96315521e-01, 2.53394783e-01,
         2.59449631e-01, 2.62553692e-01, 2.57867843e-01, 2.55941391e-01,
         2.70850927e-01],
        [3.69267792e-01, 2.09861621e-01, 3.38359207e-01, 1.71431750e-01,
         2.07370445e-01, 2.22582310e-01, 2.23036528e-01, 2.05561504e-01,
         2.55509824e-01],
        [4.36277658e-01, 1.67023093e-01, 4.61755663e-01, 7.27492943e-02,
         1.08361587e-01, 1.20873675e-01, 1.07238129e-01, 8.59851167e-02,
         1.73063010e-01],
        [5.08933127e-01, 1.10433795e-01, 6.02094710e-01, 1.32572288e-02,
         2.67995447e-02, 3.03106625e-02, 2.08046474e-02, 1.27852233e-02,
         5.81486374e-02],
        [5.13923705e-01, 7.85154402e-02, 6.56624615e-01, 2.02553952e-03,
         5.40576782e-03, 5.77811012e-03, 2.91597913e-03, 1.38284429e-03,
         1.06397159e-02],
        [4.24793631e-01, 6.63303062e-02, 6.41717672e-01, 5.91246411e-04,
         1.94095902e-03, 1.98918930e-03, 7.50855368e-04, 3.31363437e-04,
         2.38295109e-03],
        [3.10228467e-01, 5.96234426e-02, 6.05813742e-01, 3.24284920e-04,
         1.19487615e-03, 1.22959819e-03, 3.77025310e-04, 1.73154200e-04,
         9.55907512e-04],
        [2.30755150e-01, 5.65847792e-02, 5.76417387e-01, 2.56984611e-04,
         9.88327200e-04, 1.03712664e-03, 2.80698179e-04, 1.36097762e-04,
         6.04731555e-04],
        [1.89681336e-01, 5.62516972e-02, 5.58744252e-01, 2.47531047e-04,
         9.46175773e-04, 9.94718750e-04, 2.58029497e-04, 1.29220411e-04,
         4.98359965e-04],
        [1.66717023e-01, 5.59812970e-02, 5.49840093e-01, 2.45768606e-04,
         9.28955968e-04, 9.85981198e-04, 2.50208395e-04, 1.26874977e-04,
         4.56522888e-04],
        [1.54104039e-01, 5.64203374e-02, 5.45627832e-01, 2.46545766e-04,
         9.24429158e-04, 9.83855338e-04, 2.46919051e-04, 1.26008381e-04,
         4.36357892e-04],
        [1.46460414e-01, 5.68792969e-02, 5.43736815e-01, 2.46220763e-04,
         9.10633767e-04, 9.80676501e-04, 2.45691743e-04, 1.25097460e-04,
         4.23777936e-04],
        [1.42069846e-01, 5.75405434e-02, 5.42653322e-01, 2.47802061e-04,
         9.09191614e-04, 9.78609896e-04, 2.45275529e-04, 1.24381855e-04,
         4.16933763e-04],
        [1.39995486e-01, 5.86669855e-02, 5.42221785e-01, 2.50601151e-04,
         9.11561830e-04, 9.78800585e-04, 2.47417891e-04, 1.24806655e-04,
         4.15298244e-04],
        [1.37788326e-01, 5.90099357e-02, 5.42102218e-01, 2.50190293e-04,
         9.05899447e-04, 9.76651558e-04, 2.45900243e-04, 1.23739286e-04,
         4.10612003e-04],
        [1.37404636e-01, 6.01320937e-02, 5.42155325e-01, 2.54844344e-04,
         9.14429664e-04, 9.85227991e-04, 2.49243341e-04, 1.25221486e-04,
         4.14412614e-04],
        [1.35852084e-01, 6.04674891e-02, 5.42218149e-01, 2.54258222e-04,
         9.09467868e-04, 9.85744176e-04, 2.48608063e-04, 1.24602433e-04,
         4.11696557e-04],
        [1.35199115e-01, 6.10879697e-02, 5.42122245e-01, 2.53942708e-04,
         9.13082797e-04, 9.85966064e-04, 2.48534605e-04, 1.24614380e-04,
         4.11795947e-04],
        [1.34417012e-01, 6.14920631e-02, 5.42072475e-01, 2.53241276e-04,
         9.10954026e-04, 9.84383863e-04, 2.48509692e-04, 1.24172730e-04,
         4.10454202e-04],
        [1.33964971e-01, 6.22520708e-02, 5.42004108e-01, 2.55495543e-04,
         9.15231940e-04, 9.85955703e-04, 2.49244622e-04, 1.24644255e-04,
         4.11023182e-04],
        [1.34148195e-01, 6.28786236e-02, 5.42097270e-01, 2.56061961e-04,
         9.15395969e-04, 9.89779364e-04, 2.49843899e-04, 1.24664162e-04,
         4.12772439e-04],
        [1.33001372e-01, 6.28089532e-02, 5.41970789e-01, 2.55001651e-04,
         9.06358880e-04, 9.84156504e-04, 2.48235039e-04, 1.23398640e-04,
         4.09989269e-04],
        [1.33200988e-01, 6.31524995e-02, 5.42094469e-01, 2.54706654e-04,
         9.08341724e-04, 9.88481450e-04, 2.49046949e-04, 1.23654288e-04,
         4.10839537e-04],
        [1.33489057e-01, 6.40689209e-02, 5.42156935e-01, 2.57318956e-04,
         9.16357734e-04, 9.93747497e-04, 2.51557067e-04, 1.24696846e-04,
         4.12163907e-04],
        [1.33142740e-01, 6.38810694e-02, 5.42272985e-01, 2.55960767e-04,
         9.06358764e-04, 9.91264358e-04, 2.51045160e-04, 1.23819991e-04,
         4.13289556e-04],
        [1.33207187e-01, 6.45745248e-02, 5.42195439e-01, 2.57388689e-04,
         9.13963770e-04, 9.91126872e-04, 2.52098951e-04, 1.24220678e-04,
         4.13662347e-04],
        [1.33125126e-01, 6.45894557e-02, 5.42170644e-01, 2.56248284e-04,
         9.09106049e-04, 9.95092792e-04, 2.50591955e-04, 1.24046404e-04,
         4.12919093e-04],
        [1.32509425e-01, 6.49833456e-02, 5.42104125e-01, 2.55680905e-04,
         9.08203889e-04, 9.88372951e-04, 2.50861602e-04, 1.23320395e-04,
         4.13296511e-04],
        [1.33004114e-01, 6.53411448e-02, 5.41959941e-01, 2.57373904e-04,
         9.09251394e-04, 9.94622591e-04, 2.51466699e-04, 1.24075726e-04,
         4.11855872e-04],
        [1.32920817e-01, 6.54096380e-02, 5.42168260e-01, 2.55246356e-04,
         9.04756307e-04, 9.90925939e-04, 2.50456971e-04, 1.23409467e-04,
         4.14016336e-04],
        [1.32304713e-01, 6.51997030e-02, 5.42110026e-01, 2.53677106e-04,
         9.00644634e-04, 9.90920351e-04, 2.49419507e-04, 1.22838697e-04,
         4.11149987e-04],
        [1.32410347e-01, 6.54658899e-02, 5.42192936e-01, 2.52890517e-04,
         8.96283600e-04, 9.83516686e-04, 2.49652105e-04, 1.22039441e-04,
         4.12428344e-04]]], dtype=float32), array([[[3.02998245e-01, 2.51946121e-01, 3.20475340e-01, 2.19203815e-01,
         2.28420436e-01, 2.34382108e-01, 2.25825384e-01, 2.18587101e-01,
         2.56730258e-01],
        [4.24502492e-01, 1.40660152e-01, 4.46108371e-01, 7.29613304e-02,
         1.01480447e-01, 1.16572447e-01, 1.06353372e-01, 8.35905075e-02,
         1.80052266e-01],
        [5.16027153e-01, 6.78299069e-02, 6.13387287e-01, 1.06805982e-02,
         1.97841097e-02, 2.16144025e-02, 1.62273981e-02, 9.17750783e-03,
         5.75116388e-02],
        [5.23954570e-01, 2.89097242e-02, 6.80967867e-01, 1.57245516e-03,
         3.81709239e-03, 3.52506596e-03, 2.21666484e-03, 9.50688031e-04,
         1.08119287e-02],
        [4.12467271e-01, 1.38947563e-02, 6.79208696e-01, 4.68135811e-04,
         1.49121205e-03, 1.19909528e-03, 6.35249482e-04, 2.49157369e-04,
         2.76491442e-03],
        [2.62618452e-01, 8.49725492e-03, 6.43091202e-01, 2.53538921e-04,
         9.88779357e-04, 7.46143342e-04, 3.41486535e-04, 1.34038797e-04,
         1.26486190e-03],
        [1.62760302e-01, 6.76798355e-03, 5.97362220e-01, 2.00916475e-04,
         8.71426717e-04, 6.46797882e-04, 2.60854868e-04, 1.05058156e-04,
         8.84990615e-04],
        [1.10725522e-01, 6.25999225e-03, 5.58940232e-01, 1.87157711e-04,
         8.65066599e-04, 6.36896351e-04, 2.36218446e-04, 9.67237938e-05,
         7.67540711e-04],
        [8.39421228e-02, 6.16889074e-03, 5.33267438e-01, 1.81858195e-04,
         8.75848229e-04, 6.41407561e-04, 2.25509270e-04, 9.34037816e-05,
         7.21218472e-04],
        [6.91277310e-02, 6.25376496e-03, 5.18233776e-01, 1.80430492e-04,
         8.91210861e-04, 6.52997056e-04, 2.22191535e-04, 9.28842637e-05,
         6.99915399e-04],
        [6.09029010e-02, 6.42567268e-03, 5.09847045e-01, 1.81517054e-04,
         9.04283719e-04, 6.58808742e-04, 2.22015369e-04, 9.26685316e-05,
         6.89705368e-04],
        [5.56991622e-02, 6.56206487e-03, 5.05452394e-01, 1.81441617e-04,
         9.06670641e-04, 6.63676299e-04, 2.20930335e-04, 9.26240537e-05,
         6.80456171e-04],
        [5.20061739e-02, 6.65359572e-03, 5.02985954e-01, 1.78971430e-04,
         8.99801205e-04, 6.62693696e-04, 2.18074390e-04, 9.20247039e-05,
         6.71551854e-04],
        [4.97481190e-02, 6.74348837e-03, 5.01562595e-01, 1.77456503e-04,
         8.94086144e-04, 6.62760925e-04, 2.17720328e-04, 9.13500553e-05,
         6.63829152e-04],
        [4.83263806e-02, 6.87084626e-03, 5.00731587e-01, 1.76869711e-04,
         8.93640856e-04, 6.61833095e-04, 2.17422014e-04, 9.10415401e-05,
         6.58650999e-04],
        [4.73483205e-02, 6.97618583e-03, 5.00175714e-01, 1.77774200e-04,
         8.93813965e-04, 6.63425948e-04, 2.17386420e-04, 9.13818949e-05,
         6.58003613e-04],
        [4.66012433e-02, 7.06297997e-03, 4.99870598e-01, 1.76682588e-04,
         8.91315809e-04, 6.61953585e-04, 2.16987610e-04, 9.11821262e-05,
         6.52955845e-04],
        [4.61436845e-02, 7.11346790e-03, 4.99629349e-01, 1.76484376e-04,
         8.89372197e-04, 6.63603947e-04, 2.17617868e-04, 9.11301977e-05,
         6.51185343e-04],
        [4.53948528e-02, 7.11239642e-03, 4.99460667e-01, 1.74870598e-04,
         8.79627187e-04, 6.59377954e-04, 2.15866414e-04, 9.00499290e-05,
         6.45934197e-04],
        [4.48998921e-02, 7.19773630e-03, 4.99264061e-01, 1.74508605e-04,
         8.82407709e-04, 6.58378762e-04, 2.16264656e-04, 9.01846142e-05,
         6.46400498e-04],
        [4.49900590e-02, 7.22373556e-03, 4.99159068e-01, 1.75170469e-04,
         8.82595021e-04, 6.61358179e-04, 2.16917164e-04, 9.05101770e-05,
         6.44789019e-04],
        [4.46195453e-02, 7.26577453e-03, 4.99081522e-01, 1.74770801e-04,
         8.81337444e-04, 6.57704135e-04, 2.16244924e-04, 9.00111190e-05,
         6.42442901e-04],
        [4.47531268e-02, 7.31495768e-03, 4.99072790e-01, 1.75405192e-04,
         8.82214925e-04, 6.61569880e-04, 2.16970977e-04, 9.05089328e-05,
         6.46028318e-04],
        [4.44427244e-02, 7.30552757e-03, 4.99017477e-01, 1.73970649e-04,
         8.77188402e-04, 6.55746670e-04, 2.15528271e-04, 8.96753481e-05,
         6.40656392e-04],
        [4.37859520e-02, 7.28664408e-03, 4.98927325e-01, 1.72871500e-04,
         8.71709432e-04, 6.52421673e-04, 2.13922802e-04, 8.90537558e-05,
         6.38124475e-04],
        [4.37087007e-02, 7.31606083e-03, 4.98881966e-01, 1.72996850e-04,
         8.75733909e-04, 6.55197771e-04, 2.14614003e-04, 8.90238371e-05,
         6.36040058e-04],
        [4.40389924e-02, 7.40950834e-03, 4.98891860e-01, 1.75049543e-04,
         8.82233260e-04, 6.58877892e-04, 2.16692890e-04, 9.03271139e-05,
         6.40440616e-04],
        [4.38447520e-02, 7.39588728e-03, 4.98843163e-01, 1.73565320e-04,
         8.78972118e-04, 6.56883174e-04, 2.15115128e-04, 8.94618497e-05,
         6.39985316e-04],
        [4.39507514e-02, 7.39681721e-03, 4.98880267e-01, 1.74141329e-04,
         8.74680991e-04, 6.55763142e-04, 2.15850057e-04, 8.97173377e-05,
         6.38846308e-04],
        [4.39894982e-02, 7.43478630e-03, 4.98819321e-01, 1.74587054e-04,
         8.81701417e-04, 6.58662408e-04, 2.16607470e-04, 9.00655359e-05,
         6.41662511e-04],
        [4.39794883e-02, 7.41206948e-03, 4.98864502e-01, 1.74510918e-04,
         8.76937702e-04, 6.59078301e-04, 2.15859007e-04, 9.00186787e-05,
         6.40803250e-04],
        [4.36671190e-02, 7.40220444e-03, 4.98884410e-01, 1.72845379e-04,
         8.71534983e-04, 6.55619544e-04, 2.15002990e-04, 8.93943579e-05,
         6.39418082e-04]]], dtype=float32), array([[[3.1008887e-01, 2.4767064e-01, 3.2468498e-01, 2.0145372e-01,
         2.0967321e-01, 2.1939206e-01, 2.0704560e-01, 1.9654046e-01,
         2.5154981e-01],
        [4.5330244e-01, 1.2751308e-01, 4.5483279e-01, 4.2865563e-02,
         5.9294477e-02, 7.2775833e-02, 6.1159763e-02, 4.3743476e-02,
         1.5450844e-01],
        [5.3005904e-01, 5.9082102e-02, 5.8119601e-01, 4.0301825e-03,
         6.9361073e-03, 7.8630988e-03, 5.2024284e-03, 2.5946309e-03,
         3.5932373e-02],
        [4.4510338e-01, 2.7062889e-02, 5.6009716e-01, 6.6896720e-04,
         1.4216329e-03, 1.3191957e-03, 7.5232901e-04, 3.0416480e-04,
         6.6833012e-03],
        [2.5260267e-01, 1.5908053e-02, 4.1772348e-01, 2.8444559e-04,
         7.0154644e-04, 5.8692147e-04, 2.8741124e-04, 1.1500010e-04,
         2.3634054e-03],
        [1.3219610e-01, 1.2574756e-02, 2.7473131e-01, 2.1167920e-04,
         5.6391035e-04, 4.7723789e-04, 1.9579659e-04, 8.3675724e-05,
         1.5583709e-03],
        [8.2593486e-02, 1.1329379e-02, 1.9548419e-01, 1.8853584e-04,
         5.2078365e-04, 4.6496908e-04, 1.6514545e-04, 7.5181742e-05,
         1.3427354e-03],
        [6.3340865e-02, 1.0995943e-02, 1.6167757e-01, 1.8470155e-04,
         5.1714241e-04, 4.7786877e-04, 1.5522265e-04, 7.3720883e-05,
         1.2767296e-03],
        [5.5668656e-02, 1.0981261e-02, 1.4791283e-01, 1.8703577e-04,
         5.2017980e-04, 4.9356953e-04, 1.5380316e-04, 7.4967145e-05,
         1.2678178e-03],
        [5.1527705e-02, 1.0916231e-02, 1.4190070e-01, 1.8587059e-04,
         5.1341346e-04, 4.9760379e-04, 1.5150711e-04, 7.4621101e-05,
         1.2671439e-03],
        [4.9791340e-02, 1.0949106e-02, 1.3940428e-01, 1.8715617e-04,
         5.1426113e-04, 5.0467509e-04, 1.5127756e-04, 7.5216936e-05,
         1.2677808e-03],
        [4.8712347e-02, 1.1009926e-02, 1.3812868e-01, 1.8702951e-04,
         5.1355554e-04, 5.0785049e-04, 1.5132915e-04, 7.5342286e-05,
         1.2730337e-03],
        [4.8020057e-02, 1.1068347e-02, 1.3755602e-01, 1.8673872e-04,
         5.1171600e-04, 5.0900696e-04, 1.5030167e-04, 7.5448072e-05,
         1.2778121e-03],
        [4.7455639e-02, 1.1088893e-02, 1.3714804e-01, 1.8569769e-04,
         5.0732645e-04, 5.0946942e-04, 1.4998893e-04, 7.5267097e-05,
         1.2771619e-03],
        [4.7079153e-02, 1.1133328e-02, 1.3672186e-01, 1.8626622e-04,
         5.0753856e-04, 5.0996250e-04, 1.4960079e-04, 7.5267802e-05,
         1.2895275e-03],
        [4.6969187e-02, 1.1178889e-02, 1.3637635e-01, 1.8615738e-04,
         5.0651090e-04, 5.1093957e-04, 1.4942324e-04, 7.5477532e-05,
         1.2945081e-03],
        [4.6746183e-02, 1.1262602e-02, 1.3638349e-01, 1.8598915e-04,
         5.0561334e-04, 5.1003881e-04, 1.4943935e-04, 7.5369739e-05,
         1.3020172e-03],
        [4.6672743e-02, 1.1342371e-02, 1.3641840e-01, 1.8591540e-04,
         5.0616177e-04, 5.1084434e-04, 1.4958921e-04, 7.5446951e-05,
         1.3034893e-03],
        [4.6470892e-02, 1.1321664e-02, 1.3590685e-01, 1.8534983e-04,
         5.0499180e-04, 5.1015278e-04, 1.4884105e-04, 7.4976466e-05,
         1.3055411e-03],
        [4.6263479e-02, 1.1335011e-02, 1.3597307e-01, 1.8453617e-04,
         5.0275214e-04, 5.0919596e-04, 1.4864796e-04, 7.4991556e-05,
         1.3082402e-03],
        [4.6509989e-02, 1.1439693e-02, 1.3600229e-01, 1.8583325e-04,
         5.0610211e-04, 5.1290175e-04, 1.4954688e-04, 7.5596879e-05,
         1.3201074e-03],
        [4.6630993e-02, 1.1509755e-02, 1.3657488e-01, 1.8620158e-04,
         5.0680875e-04, 5.1314221e-04, 1.4959089e-04, 7.5734482e-05,
         1.3245647e-03],
        [4.6444561e-02, 1.1555673e-02, 1.3633816e-01, 1.8614135e-04,
         5.0589337e-04, 5.1109702e-04, 1.4924689e-04, 7.5387215e-05,
         1.3274859e-03],
        [4.6421356e-02, 1.1529001e-02, 1.3610753e-01, 1.8557628e-04,
         5.0331868e-04, 5.1172322e-04, 1.4909792e-04, 7.5321681e-05,
         1.3290728e-03],
        [4.6375643e-02, 1.1542594e-02, 1.3587239e-01, 1.8527108e-04,
         5.0300115e-04, 5.1142316e-04, 1.4872236e-04, 7.5033720e-05,
         1.3323532e-03],
        [4.6207104e-02, 1.1597942e-02, 1.3606359e-01, 1.8512247e-04,
         5.0327898e-04, 5.1088521e-04, 1.4837716e-04, 7.5006457e-05,
         1.3330341e-03],
        [4.6049535e-02, 1.1594414e-02, 1.3589726e-01, 1.8520733e-04,
         5.0238625e-04, 5.0955493e-04, 1.4782281e-04, 7.4733936e-05,
         1.3361955e-03],
        [4.6212874e-02, 1.1665456e-02, 1.3583739e-01, 1.8498561e-04,
         5.0356617e-04, 5.1070610e-04, 1.4867690e-04, 7.5248041e-05,
         1.3397497e-03],
        [4.6234354e-02, 1.1691076e-02, 1.3601436e-01, 1.8532197e-04,
         5.0433271e-04, 5.1114050e-04, 1.4905259e-04, 7.5264856e-05,
         1.3449043e-03],
        [4.5839164e-02, 1.1553226e-02, 1.3555257e-01, 1.8336881e-04,
         4.9671222e-04, 5.0690968e-04, 1.4671471e-04, 7.4140153e-05,
         1.3402804e-03],
        [4.5840029e-02, 1.1637154e-02, 1.3543138e-01, 1.8456882e-04,
         5.0124188e-04, 5.0941756e-04, 1.4747799e-04, 7.4838259e-05,
         1.3423492e-03],
        [4.6005901e-02, 1.1686488e-02, 1.3539925e-01, 1.8456034e-04,
         5.0034578e-04, 5.0924020e-04, 1.4777722e-04, 7.4960808e-05,
         1.3453460e-03]]], dtype=float32), array([[[3.36534917e-01, 2.51758367e-01, 3.57295513e-01, 1.59677431e-01,
         1.62142456e-01, 1.80345774e-01, 1.58595055e-01, 1.47733837e-01,
         2.40631759e-01],
        [5.12899816e-01, 1.83457389e-01, 5.36625087e-01, 2.14928892e-02,
         2.50238776e-02, 3.44941728e-02, 2.43465286e-02, 1.64555758e-02,
         1.30160242e-01],
        [6.08724117e-01, 2.09452227e-01, 6.63888633e-01, 1.99586130e-03,
         2.34858389e-03, 2.89626746e-03, 1.65463355e-03, 7.65387376e-04,
         2.98890322e-02],
        [6.05219424e-01, 2.78560162e-01, 6.67446792e-01, 5.37347572e-04,
         6.37772086e-04, 6.24447537e-04, 3.46128742e-04, 1.28334708e-04,
         8.08751211e-03],
        [5.43446839e-01, 3.44958127e-01, 5.84372044e-01, 3.39168939e-04,
         3.98456585e-04, 3.44299129e-04, 1.84028060e-04, 6.14649471e-05,
         4.13214322e-03],
        [4.71551716e-01, 4.00823593e-01, 4.67527896e-01, 3.10405449e-04,
         3.61508544e-04, 2.99506122e-04, 1.44986363e-04, 4.76306304e-05,
         3.26332892e-03],
        [4.17308152e-01, 4.43685740e-01, 3.62876236e-01, 3.09866737e-04,
         3.59848404e-04, 2.95497855e-04, 1.29392094e-04, 4.30012733e-05,
         3.08803958e-03],
        [3.80868226e-01, 4.73545790e-01, 2.88368851e-01, 3.09596304e-04,
         3.65953165e-04, 2.99629726e-04, 1.20021570e-04, 4.09049026e-05,
         3.08660045e-03],
        [3.62304121e-01, 4.98148233e-01, 2.42831141e-01, 3.25918256e-04,
         3.90759233e-04, 3.14496196e-04, 1.19534561e-04, 4.19014395e-05,
         3.23888124e-03],
        [3.50886732e-01, 5.11445403e-01, 2.14491367e-01, 3.27440357e-04,
         4.00565477e-04, 3.15722951e-04, 1.17216478e-04, 4.15351933e-05,
         3.33456672e-03],
        [3.46023321e-01, 5.22860229e-01, 1.96492404e-01, 3.31891468e-04,
         4.13013622e-04, 3.19322397e-04, 1.16938230e-04, 4.17401243e-05,
         3.45841935e-03],
        [3.44497502e-01, 5.31896830e-01, 1.86487228e-01, 3.37107282e-04,
         4.24396858e-04, 3.22622480e-04, 1.17410913e-04, 4.21851510e-05,
         3.57556366e-03],
        [3.42815071e-01, 5.36414266e-01, 1.79559246e-01, 3.37670383e-04,
         4.28903790e-04, 3.19166342e-04, 1.16168107e-04, 4.19509488e-05,
         3.62546789e-03],
        [3.40713710e-01, 5.39699793e-01, 1.73337728e-01, 3.33931239e-04,
         4.28490137e-04, 3.16318939e-04, 1.15134251e-04, 4.14606802e-05,
         3.66255105e-03],
        [3.41830730e-01, 5.44048607e-01, 1.69886678e-01, 3.36700730e-04,
         4.35526366e-04, 3.18244216e-04, 1.16207346e-04, 4.19487078e-05,
         3.72486422e-03],
        [3.41701865e-01, 5.46203911e-01, 1.67772487e-01, 3.38001875e-04,
         4.38447430e-04, 3.18645674e-04, 1.16086536e-04, 4.19967691e-05,
         3.75288096e-03],
        [3.41801286e-01, 5.47961593e-01, 1.65705919e-01, 3.37641337e-04,
         4.39448399e-04, 3.16507649e-04, 1.15293937e-04, 4.18206946e-05,
         3.79342376e-03],
        [3.42965245e-01, 5.50844729e-01, 1.64551079e-01, 3.41986975e-04,
         4.44656820e-04, 3.19467334e-04, 1.16562100e-04, 4.22887097e-05,
         3.84549308e-03],
        [3.42867076e-01, 5.50932407e-01, 1.63499817e-01, 3.41096835e-04,
         4.43910423e-04, 3.19076848e-04, 1.16426316e-04, 4.21694822e-05,
         3.87461064e-03],
        [3.43784004e-01, 5.54057479e-01, 1.62916496e-01, 3.44025175e-04,
         4.48451698e-04, 3.19361163e-04, 1.16336218e-04, 4.23306483e-05,
         3.88922333e-03],
        [3.43320817e-01, 5.53528607e-01, 1.62184596e-01, 3.44086089e-04,
         4.47718223e-04, 3.19136598e-04, 1.15932424e-04, 4.22794183e-05,
         3.91425425e-03],
        [3.44235808e-01, 5.55071652e-01, 1.61788598e-01, 3.44758533e-04,
         4.49168059e-04, 3.20241088e-04, 1.15946728e-04, 4.23807724e-05,
         3.93945538e-03],
        [3.44221711e-01, 5.54967105e-01, 1.61117449e-01, 3.46341374e-04,
         4.49873944e-04, 3.20823223e-04, 1.15826791e-04, 4.24612226e-05,
         3.95903643e-03],
        [3.43645275e-01, 5.57160258e-01, 1.60432518e-01, 3.46839748e-04,
         4.52101580e-04, 3.20824678e-04, 1.16274205e-04, 4.26309816e-05,
         3.96541227e-03],
        [3.44150305e-01, 5.55984437e-01, 1.59750327e-01, 3.47393478e-04,
         4.50317573e-04, 3.20228399e-04, 1.15437550e-04, 4.24920981e-05,
         3.99397081e-03],
        [3.44269782e-01, 5.56013703e-01, 1.59361884e-01, 3.50341725e-04,
         4.54396533e-04, 3.22037260e-04, 1.16094292e-04, 4.27132982e-05,
         3.98467341e-03],
        [3.44799548e-01, 5.56906760e-01, 1.58956125e-01, 3.49212933e-04,
         4.53724817e-04, 3.20513180e-04, 1.15690353e-04, 4.26172810e-05,
         4.01924504e-03],
        [3.43155116e-01, 5.54979622e-01, 1.57083049e-01, 3.44202184e-04,
         4.48185252e-04, 3.16531543e-04, 1.13897688e-04, 4.19151584e-05,
         3.94429872e-03],
        [3.41577590e-01, 5.55481613e-01, 1.56889260e-01, 3.42358457e-04,
         4.47701197e-04, 3.16500897e-04, 1.13165428e-04, 4.18135605e-05,
         3.95471929e-03],
        [3.44560623e-01, 5.57852387e-01, 1.57653302e-01, 3.49518959e-04,
         4.54917114e-04, 3.21854663e-04, 1.15434937e-04, 4.28024432e-05,
         4.03960887e-03],
        [3.44196826e-01, 5.56565702e-01, 1.57226026e-01, 3.46763700e-04,
         4.53334796e-04, 3.19091137e-04, 1.14673538e-04, 4.23985730e-05,
         4.01674910e-03],
        [3.44751745e-01, 5.56885421e-01, 1.57238603e-01, 3.48462345e-04,
         4.54262015e-04, 3.20570834e-04, 1.15345654e-04, 4.26166007e-05,
         4.02252423e-03]]], dtype=float32), array([[[3.10804933e-01, 2.77249366e-01, 3.44431251e-01, 1.90185785e-01,
         1.87891304e-01, 2.01502457e-01, 1.86587557e-01, 1.77808970e-01,
         2.60995924e-01],
        [4.45972741e-01, 2.84728050e-01, 5.80278277e-01, 2.03061886e-02,
         2.11350042e-02, 2.99077909e-02, 2.12898366e-02, 1.47730121e-02,
         1.70793459e-01],
        [3.85743648e-01, 5.16452551e-01, 7.57554293e-01, 1.57267204e-03,
         1.42705801e-03, 1.66624913e-03, 9.83650214e-04, 5.01614355e-04,
         5.32124937e-02],
        [1.84125558e-01, 7.11887479e-01, 8.32630038e-01, 4.71957057e-04,
         3.79068777e-04, 3.57414567e-04, 2.05684948e-04, 9.06836722e-05,
         2.27966830e-02],
        [8.94253179e-02, 8.14936280e-01, 8.62235367e-01, 3.42564570e-04,
         2.54542683e-04, 2.24591291e-04, 1.25151593e-04, 5.18966190e-05,
         1.76832676e-02],
        [5.95866963e-02, 8.78336906e-01, 8.71454775e-01, 3.32274387e-04,
         2.38738678e-04, 2.09310296e-04, 1.10443791e-04, 4.46260929e-05,
         1.73845757e-02],
        [4.86682355e-02, 9.17931557e-01, 8.72312367e-01, 3.43063672e-04,
         2.45520408e-04, 2.11968800e-04, 1.07737796e-04, 4.36083756e-05,
         1.81597210e-02],
        [4.37637269e-02, 9.42475259e-01, 8.70264411e-01, 3.51699942e-04,
         2.52012833e-04, 2.15164531e-04, 1.06819003e-04, 4.36012342e-05,
         1.88650675e-02],
        [4.12352532e-02, 9.57516611e-01, 8.66463900e-01, 3.59696220e-04,
         2.57027685e-04, 2.17186927e-04, 1.06119864e-04, 4.36842311e-05,
         1.94015354e-02],
        [3.99570018e-02, 9.66689408e-01, 8.61983657e-01, 3.70941038e-04,
         2.66232353e-04, 2.22908711e-04, 1.07721040e-04, 4.48242135e-05,
         1.99418981e-02],
        [3.90234292e-02, 9.72369969e-01, 8.57847452e-01, 3.73678748e-04,
         2.69140844e-04, 2.24729985e-04, 1.07229578e-04, 4.47803068e-05,
         2.01415885e-02],
        [3.81835178e-02, 9.75912631e-01, 8.53252172e-01, 3.75964912e-04,
         2.71154597e-04, 2.25445576e-04, 1.06715808e-04, 4.47469320e-05,
         2.02214960e-02],
        [3.76883671e-02, 9.78260279e-01, 8.49722445e-01, 3.72543494e-04,
         2.70512188e-04, 2.24799282e-04, 1.06115709e-04, 4.46921040e-05,
         2.02425867e-02],
        [3.75250652e-02, 9.79742050e-01, 8.46372366e-01, 3.78746685e-04,
         2.76540814e-04, 2.28190373e-04, 1.07504988e-04, 4.53810389e-05,
         2.05607880e-02],
        [3.74697484e-02, 9.80631232e-01, 8.43693793e-01, 3.79398785e-04,
         2.76585750e-04, 2.28054094e-04, 1.07012413e-04, 4.51468404e-05,
         2.06262730e-02],
        [3.73845845e-02, 9.81299043e-01, 8.41217518e-01, 3.81163583e-04,
         2.78629683e-04, 2.29366386e-04, 1.07102525e-04, 4.52504210e-05,
         2.05955375e-02],
        [3.70576680e-02, 9.81767178e-01, 8.38943124e-01, 3.79954261e-04,
         2.78881518e-04, 2.28796445e-04, 1.06176740e-04, 4.49978834e-05,
         2.04780269e-02],
        [3.68825048e-02, 9.82079148e-01, 8.36786628e-01, 3.78208613e-04,
         2.79269036e-04, 2.28123332e-04, 1.05744148e-04, 4.48766004e-05,
         2.04855744e-02],
        [3.68270725e-02, 9.82334852e-01, 8.35341871e-01, 3.77913966e-04,
         2.79567554e-04, 2.28404941e-04, 1.05819243e-04, 4.50964071e-05,
         2.05132551e-02],
        [3.66229191e-02, 9.82505679e-01, 8.33707511e-01, 3.78183846e-04,
         2.79461587e-04, 2.27776720e-04, 1.04908395e-04, 4.48560131e-05,
         2.04807185e-02],
        [3.66257764e-02, 9.82565463e-01, 8.32596600e-01, 3.79280798e-04,
         2.80804845e-04, 2.28641948e-04, 1.05252373e-04, 4.49874642e-05,
         2.04212777e-02],
        [3.64775062e-02, 9.82642531e-01, 8.31366122e-01, 3.76963813e-04,
         2.80416018e-04, 2.27608136e-04, 1.04819570e-04, 4.47492530e-05,
         2.02997103e-02],
        [3.62032764e-02, 9.82719541e-01, 8.29893470e-01, 3.78581200e-04,
         2.80922599e-04, 2.28369739e-04, 1.04820232e-04, 4.46705926e-05,
         2.03108005e-02],
        [3.65984738e-02, 9.82817709e-01, 8.29234421e-01, 3.82283586e-04,
         2.84564303e-04, 2.30387450e-04, 1.06195082e-04, 4.53128305e-05,
         2.04904601e-02],
        [3.63506563e-02, 9.82753813e-01, 8.28410685e-01, 3.79202684e-04,
         2.80953216e-04, 2.28098666e-04, 1.04402279e-04, 4.46434424e-05,
         2.03473028e-02],
        [3.62749286e-02, 9.82870340e-01, 8.27681124e-01, 3.79816949e-04,
         2.82339839e-04, 2.27979341e-04, 1.04268249e-04, 4.48266692e-05,
         2.02667080e-02],
        [3.62028368e-02, 9.82869387e-01, 8.27051580e-01, 3.80866899e-04,
         2.83279485e-04, 2.28470904e-04, 1.04164050e-04, 4.48403152e-05,
         2.03140415e-02],
        [3.62788923e-02, 9.82847035e-01, 8.26482475e-01, 3.84205661e-04,
         2.85175076e-04, 2.30576887e-04, 1.04971106e-04, 4.50728767e-05,
         2.03358550e-02],
        [3.59982699e-02, 9.82914448e-01, 8.25862944e-01, 3.79164325e-04,
         2.83845526e-04, 2.28828198e-04, 1.03970291e-04, 4.45998157e-05,
         2.01558508e-02],
        [3.60507444e-02, 9.82960582e-01, 8.25540364e-01, 3.80590325e-04,
         2.84144626e-04, 2.29455385e-04, 1.04387946e-04, 4.48581486e-05,
         2.02957541e-02],
        [3.61834764e-02, 9.82991934e-01, 8.25581551e-01, 3.80836485e-04,
         2.85189715e-04, 2.29993602e-04, 1.04806808e-04, 4.51043234e-05,
         2.03471426e-02],
        [3.61588188e-02, 9.82925832e-01, 8.25210452e-01, 3.83110106e-04,
         2.85607821e-04, 2.30262405e-04, 1.04761966e-04, 4.50396146e-05,
         2.03109719e-02]]], dtype=float32), array([[[3.3677542e-01, 2.6736161e-01, 3.7864017e-01, 1.3856417e-01,
         1.3095191e-01, 1.5034455e-01, 1.2871845e-01, 1.1813465e-01,
         2.8718823e-01],
        [4.8467982e-01, 2.7074608e-01, 5.8309621e-01, 1.4733889e-02,
         1.3063819e-02, 1.7851096e-02, 1.2013650e-02, 8.6146379e-03,
         3.4727809e-01],
        [4.8036638e-01, 4.4898745e-01, 7.0958203e-01, 1.2435351e-03,
         1.0864944e-03, 1.0769276e-03, 6.0194562e-04, 3.8301604e-04,
         5.4478675e-01],
        [3.4202293e-01, 5.9979743e-01, 7.3308587e-01, 3.4691469e-04,
         3.6914239e-04, 2.3824832e-04, 1.3137302e-04, 8.7702618e-05,
         7.8413677e-01],
        [2.3839845e-01, 6.8097037e-01, 7.0497727e-01, 2.0881969e-04,
         2.6989379e-04, 1.3979382e-04, 7.6928722e-05, 5.1520630e-05,
         8.9561945e-01],
        [1.9702782e-01, 7.3761231e-01, 6.6256678e-01, 1.9025158e-04,
         2.6276815e-04, 1.2686777e-04, 6.9756112e-05, 4.4922690e-05,
         9.4094151e-01],
        [1.8299359e-01, 7.8338993e-01, 6.2748486e-01, 1.8836555e-04,
         2.6410271e-04, 1.2690517e-04, 6.8956084e-05, 4.3141994e-05,
         9.6171045e-01],
        [1.7836201e-01, 8.2105392e-01, 6.0393089e-01, 1.8713219e-04,
         2.6188832e-04, 1.2664110e-04, 6.8469060e-05, 4.2274634e-05,
         9.7178566e-01],
        [1.7891829e-01, 8.5142410e-01, 5.9057200e-01, 1.8999312e-04,
         2.6430393e-04, 1.2923952e-04, 6.9757698e-05, 4.2796179e-05,
         9.7661948e-01],
        [1.7874274e-01, 8.7612188e-01, 5.8242923e-01, 1.8744885e-04,
         2.5815822e-04, 1.2729477e-04, 6.8951122e-05, 4.1898253e-05,
         9.7948843e-01],
        [1.8028410e-01, 8.9530301e-01, 5.7823175e-01, 1.9047670e-04,
         2.6124605e-04, 1.3017429e-04, 7.0450886e-05, 4.2597519e-05,
         9.8064929e-01],
        [1.8008642e-01, 9.1069627e-01, 5.7558614e-01, 1.8703633e-04,
         2.5460811e-04, 1.2820390e-04, 6.9329319e-05, 4.1694107e-05,
         9.8159409e-01],
        [1.8065405e-01, 9.2259884e-01, 5.7405388e-01, 1.8793270e-04,
         2.5492065e-04, 1.2826400e-04, 6.9764210e-05, 4.1922762e-05,
         9.8197162e-01],
        [1.8180931e-01, 9.3192273e-01, 5.7331878e-01, 1.8947605e-04,
         2.5599473e-04, 1.2929431e-04, 7.0184615e-05, 4.2237247e-05,
         9.8209864e-01],
        [1.8279518e-01, 9.3920600e-01, 5.7303518e-01, 1.9009117e-04,
         2.5623332e-04, 1.2953366e-04, 7.0469869e-05, 4.2259388e-05,
         9.8222858e-01],
        [1.8219583e-01, 9.4510740e-01, 5.7251775e-01, 1.8930939e-04,
         2.5477138e-04, 1.2835492e-04, 6.9946414e-05, 4.1917319e-05,
         9.8242605e-01],
        [1.8224359e-01, 9.4956690e-01, 5.7218695e-01, 1.8868293e-04,
         2.5378689e-04, 1.2893711e-04, 7.0081136e-05, 4.1932864e-05,
         9.8244298e-01],
        [1.8298399e-01, 9.5322597e-01, 5.7212478e-01, 1.8943600e-04,
         2.5386133e-04, 1.2895200e-04, 7.0066810e-05, 4.2047959e-05,
         9.8246777e-01],
        [1.8238902e-01, 9.5600092e-01, 5.7183194e-01, 1.8943033e-04,
         2.5286197e-04, 1.2816103e-04, 6.9782836e-05, 4.1810279e-05,
         9.8248005e-01],
        [1.8258825e-01, 9.5838171e-01, 5.7150888e-01, 1.8909853e-04,
         2.5342891e-04, 1.2857882e-04, 7.0231421e-05, 4.1831456e-05,
         9.8251033e-01],
        [1.8330394e-01, 9.6006578e-01, 5.7180911e-01, 1.9085902e-04,
         2.5511446e-04, 1.2989262e-04, 7.0576687e-05, 4.2211890e-05,
         9.8240513e-01],
        [1.8142782e-01, 9.6171844e-01, 5.7137495e-01, 1.8709071e-04,
         2.5048954e-04, 1.2731014e-04, 6.9199348e-05, 4.1445433e-05,
         9.8265183e-01],
        [1.8173577e-01, 9.6289861e-01, 5.7094753e-01, 1.8805984e-04,
         2.5126559e-04, 1.2808568e-04, 6.9812770e-05, 4.1631625e-05,
         9.8258740e-01],
        [1.8265820e-01, 9.6389574e-01, 5.7108903e-01, 1.8843290e-04,
         2.5320461e-04, 1.2868315e-04, 7.0082708e-05, 4.1926935e-05,
         9.8258972e-01],
        [1.8353499e-01, 9.6452957e-01, 5.7137573e-01, 1.9076404e-04,
         2.5417467e-04, 1.3002683e-04, 7.0726972e-05, 4.2220239e-05,
         9.8243141e-01],
        [1.8323313e-01, 9.6520764e-01, 5.7155764e-01, 1.8941937e-04,
         2.5295143e-04, 1.2923610e-04, 7.0188064e-05, 4.1983883e-05,
         9.8250842e-01],
        [1.8324400e-01, 9.6578026e-01, 5.7145411e-01, 1.8891056e-04,
         2.5238466e-04, 1.2866889e-04, 6.9993330e-05, 4.1831223e-05,
         9.8251414e-01],
        [1.8358077e-01, 9.6602637e-01, 5.7181507e-01, 1.9155543e-04,
         2.5511454e-04, 1.3046000e-04, 7.0891510e-05, 4.2343840e-05,
         9.8239011e-01],
        [1.8287441e-01, 9.6661377e-01, 5.7176089e-01, 1.8762608e-04,
         2.5078852e-04, 1.2750471e-04, 6.9333917e-05, 4.1468997e-05,
         9.8269540e-01],
        [1.8293509e-01, 9.6687812e-01, 5.7155389e-01, 1.9028517e-04,
         2.5414419e-04, 1.2934048e-04, 7.0382644e-05, 4.2107844e-05,
         9.8257017e-01],
        [1.8314496e-01, 9.6712440e-01, 5.7172281e-01, 1.8919419e-04,
         2.5269800e-04, 1.2907191e-04, 6.9993279e-05, 4.1920135e-05,
         9.8255026e-01],
        [1.8286134e-01, 9.6723610e-01, 5.7169533e-01, 1.8928404e-04,
         2.5238440e-04, 1.2922102e-04, 7.0247304e-05, 4.2005151e-05,
         9.8252350e-01]]], dtype=float32)]