tf.Tensor(
[[[3.53818744e-01 2.66612202e-01 4.12366420e-01 1.01292595e-01
   9.23010632e-02 1.11722820e-01 9.05729234e-02 7.92689472e-02
   2.91890591e-01]
  [4.90168184e-01 2.94854343e-01 6.13626361e-01 8.43709521e-03
   7.24231685e-03 9.43681225e-03 6.09237701e-03 4.15619556e-03
   3.69064987e-01]
  [4.42396432e-01 4.89839137e-01 7.13322103e-01 8.15859123e-04
   7.48909428e-04 6.60467951e-04 3.65195912e-04 2.32633858e-04
   6.06300354e-01]
  [2.98425347e-01 6.19139552e-01 7.21202254e-01 2.76993611e-04
   3.20808904e-04 1.89977116e-04 1.05968211e-04 7.06377032e-05
   8.19218874e-01]
  [2.19328851e-01 6.91188395e-01 6.88507736e-01 1.97923087e-04
   2.66922783e-04 1.34033966e-04 7.45142243e-05 4.89451922e-05
   9.08164442e-01]
  [1.89985856e-01 7.45132804e-01 6.49062037e-01 1.86862759e-04
   2.61557114e-04 1.26703904e-04 6.94322443e-05 4.39212636e-05
   9.46180582e-01]
  [1.80989608e-01 7.89300740e-01 6.18812919e-01 1.88462043e-04
   2.64562404e-04 1.27644686e-04 6.94574701e-05 4.30887521e-05
   9.63944316e-01]
  [1.77904129e-01 8.25849891e-01 5.98985791e-01 1.87947677e-04
   2.60978792e-04 1.27558596e-04 6.90813904e-05 4.22802877e-05
   9.72790956e-01]
  [1.77884951e-01 8.55654836e-01 5.87641239e-01 1.87043086e-04
   2.59053515e-04 1.27967694e-04 6.87845168e-05 4.20172400e-05
   9.77450132e-01]
  [1.78734377e-01 8.79275918e-01 5.80809057e-01 1.87966070e-04
   2.58933986e-04 1.28606916e-04 6.92961257e-05 4.20476135e-05
   9.79720116e-01]
  [1.79535165e-01 8.97835016e-01 5.77087939e-01 1.89267899e-04
   2.59500608e-04 1.28681815e-04 6.98078366e-05 4.23208330e-05
   9.80849683e-01]
  [1.79959804e-01 9.12739456e-01 5.75062931e-01 1.86952660e-04
   2.54309736e-04 1.27711377e-04 6.90751258e-05 4.16740913e-05
   9.81749713e-01]
  [1.79985777e-01 9.24280286e-01 5.73334277e-01 1.87038735e-04
   2.53578386e-04 1.27771098e-04 6.94201590e-05 4.16103394e-05
   9.82073665e-01]
  [1.80876955e-01 9.33272898e-01 5.72685719e-01 1.88904378e-04
   2.55501946e-04 1.28965592e-04 6.99156008e-05 4.20732867e-05
   9.82244551e-01]
  [1.81365043e-01 9.40302312e-01 5.72103262e-01 1.88464182e-04
   2.54025828e-04 1.28697269e-04 6.99757729e-05 4.19640128e-05
   9.82322812e-01]
  [1.81646392e-01 9.45881426e-01 5.71841061e-01 1.89107144e-04
   2.54070532e-04 1.29160297e-04 7.00964665e-05 4.19305397e-05
   9.82393324e-01]
  [1.81529567e-01 9.50293064e-01 5.71469069e-01 1.88289399e-04
   2.52683036e-04 1.28876723e-04 6.99465600e-05 4.17610281e-05
   9.82452512e-01]
  [1.82105601e-01 9.53841627e-01 5.71285486e-01 1.89043843e-04
   2.53682229e-04 1.29041291e-04 7.02620819e-05 4.19595563e-05
   9.82482851e-01]
  [1.82378441e-01 9.56493258e-01 5.71398616e-01 1.89667117e-04
   2.54010374e-04 1.29160879e-04 7.03069527e-05 4.19940006e-05
   9.82477307e-01]
  [1.82750776e-01 9.58622336e-01 5.71355343e-01 1.90336883e-04
   2.54696788e-04 1.29966837e-04 7.05470957e-05 4.21584700e-05
   9.82388318e-01]
  [1.82303622e-01 9.60547805e-01 5.71306229e-01 1.88810896e-04
   2.52608530e-04 1.28996893e-04 6.98587246e-05 4.18760574e-05
   9.82510507e-01]
  [1.82151049e-01 9.61870134e-01 5.71136177e-01 1.88390768e-04
   2.51922087e-04 1.29056250e-04 7.00079399e-05 4.17949595e-05
   9.82578576e-01]
  [1.82640895e-01 9.62917864e-01 5.71280718e-01 1.90615960e-04
   2.54308979e-04 1.29608889e-04 7.05472339e-05 4.21273726e-05
   9.82483745e-01]
  [1.82462826e-01 9.64030623e-01 5.71109295e-01 1.88000646e-04
   2.51951831e-04 1.28236046e-04 6.97541982e-05 4.17390547e-05
   9.82605219e-01]
  [1.82602823e-01 9.64680195e-01 5.71183145e-01 1.88612816e-04
   2.52384139e-04 1.28937318e-04 7.00387754e-05 4.17965057e-05
   9.82579768e-01]
  [1.82925120e-01 9.65366721e-01 5.71322799e-01 1.89688086e-04
   2.52861588e-04 1.29101492e-04 7.01130775e-05 4.19177959e-05
   9.82544541e-01]
  [1.83499128e-01 9.65786397e-01 5.71501434e-01 1.90734107e-04
   2.53995619e-04 1.30071872e-04 7.06370556e-05 4.22222693e-05
   9.82430398e-01]
  [1.82907149e-01 9.66350853e-01 5.71472883e-01 1.88193735e-04
   2.51131481e-04 1.28564177e-04 6.97083160e-05 4.18242889e-05
   9.82574105e-01]
  [1.82624072e-01 9.66740012e-01 5.71161389e-01 1.88521866e-04
   2.52085913e-04 1.28459884e-04 6.99779121e-05 4.17662704e-05
   9.82600927e-01]
  [1.81893036e-01 9.66956973e-01 5.71018815e-01 1.87385478e-04
   2.50788580e-04 1.27982203e-04 6.95436902e-05 4.16487346e-05
   9.82670128e-01]
  [1.81884706e-01 9.67290759e-01 5.70583344e-01 1.88175938e-04
   2.52309808e-04 1.27833337e-04 6.97685828e-05 4.17687661e-05
   9.82663870e-01]
  [1.82562098e-01 9.67471361e-01 5.70703268e-01 1.89102124e-04
   2.52652972e-04 1.28788175e-04 6.99935626e-05 4.19157113e-05
   9.82612848e-01]]], shape=(1, 32, 9), dtype=float32)