tf.Tensor(
[[[0.41821092]
  [0.41194406]
  [0.4048946 ]
  ...
  [0.4008958 ]
  [0.42725635]
  [0.44843617]]

 [[0.44331524]
  [0.4384381 ]
  [0.4343031 ]
  ...
  [0.40232113]
  [0.42924637]
  [0.4544918 ]]

 [[0.45837325]
  [0.459023  ]
  [0.45446876]
  ...
  [0.46393993]
  [0.47609726]
  [0.49329695]]

 ...

 [[0.447856  ]
  [0.44481516]
  [0.4463673 ]
  ...
  [0.29277393]
  [0.2929395 ]
  [0.29520214]]

 [[0.44677857]
  [0.44422635]
  [0.44621342]
  ...
  [0.29719678]
  [0.29664654]
  [0.29834566]]

 [[0.44750836]
  [0.44488811]
  [0.446725  ]
  ...
  [0.29750183]
  [0.29690266]
  [0.29855907]]], shape=(105, 32, 1), dtype=float32)