tf.Tensor(
[[[3.08708459e-01 2.24128008e-01 2.95631379e-01 1.72101945e-01
   1.94204241e-01 2.27969363e-01 1.56124309e-01 1.85105458e-01
   2.59328932e-01]
  [3.20841908e-01 1.20958395e-01 3.05230916e-01 2.54254788e-02
   5.30721396e-02 9.12501663e-02 1.40032014e-02 3.12359761e-02
   1.72452241e-01]
  [1.98138863e-01 6.93358183e-02 1.90456837e-01 4.16675024e-03
   7.11381529e-03 9.85450856e-03 5.65633993e-04 2.02369248e-03
   2.77543254e-02]
  [1.53883010e-01 6.05965406e-02 2.69886583e-01 1.64233812e-03
   3.10276891e-03 2.21326877e-03 1.51601882e-04 7.89125683e-04
   5.36702108e-03]
  [3.17165464e-01 1.35903107e-02 3.87539059e-01 5.59167587e-04
   2.26311106e-03 2.46144272e-03 1.50448919e-04 1.14285597e-03
   3.87655082e-03]
  [4.04435843e-01 1.54587836e-03 2.03994662e-01 2.90971686e-04
   1.75440498e-03 3.21441516e-03 1.18383854e-04 6.61127560e-04
   4.49567242e-03]
  [3.58124077e-01 9.09424969e-04 3.30326930e-02 3.33525008e-04
   1.86591293e-03 2.20014504e-03 8.14316008e-05 2.52859114e-04
   3.36453551e-03]
  [2.94015646e-01 1.60078448e-03 1.53243085e-02 5.70962089e-04
   2.27719801e-03 1.90772291e-03 8.55473481e-05 2.06113953e-04
   2.51369667e-03]
  [2.63730198e-01 2.53896718e-03 1.48983896e-02 7.91645085e-04
   2.58282386e-03 1.92876707e-03 9.86222367e-05 2.48657801e-04
   2.31634825e-03]
  [2.55387902e-01 3.13015399e-03 1.70628056e-02 8.75934493e-04
   2.67098821e-03 2.01553944e-03 1.08588254e-04 3.03786772e-04
   2.32642586e-03]
  [2.62461931e-01 3.17077735e-03 1.94678064e-02 8.26063508e-04
   2.59011798e-03 2.12722784e-03 1.11523470e-04 3.40375176e-04
   2.42203893e-03]
  [2.72604465e-01 2.80141365e-03 1.94989294e-02 7.47487473e-04
   2.44616042e-03 2.20276811e-03 1.09066546e-04 3.39476421e-04
   2.56356876e-03]
  [2.71203190e-01 2.55414424e-03 1.64937712e-02 7.45763420e-04
   2.40297848e-03 2.11174670e-03 1.03596067e-04 3.11152544e-04
   2.61895591e-03]
  [2.59924561e-01 2.72323564e-03 1.46416631e-02 8.12206010e-04
   2.46100826e-03 1.98997417e-03 1.00774487e-04 2.98918952e-04
   2.55286088e-03]
  [2.50002295e-01 3.11544188e-03 1.48996888e-02 8.83904868e-04
   2.54798960e-03 1.94064341e-03 1.02489037e-04 3.11709940e-04
   2.46917061e-03]
  [2.52269626e-01 3.34943878e-03 1.67989060e-02 8.66457762e-04
   2.55331467e-03 1.99682801e-03 1.04814062e-04 3.38079961e-04
   2.46563251e-03]
  [2.58271039e-01 3.20908101e-03 1.73497703e-02 8.15732928e-04
   2.49239360e-03 2.02429900e-03 1.04045117e-04 3.41362640e-04
   2.54580076e-03]
  [2.62231410e-01 2.98945419e-03 1.67818759e-02 7.73452630e-04
   2.41284259e-03 2.02014437e-03 1.00675628e-04 3.31079238e-04
   2.60217534e-03]
  [2.58791029e-01 2.93339114e-03 1.53942909e-02 7.92064413e-04
   2.43967632e-03 1.96720217e-03 9.86805317e-05 3.19156068e-04
   2.59860954e-03]
  [2.52291739e-01 3.10296589e-03 1.48980021e-02 8.40148714e-04
   2.49998830e-03 1.93054811e-03 9.88997999e-05 3.16369464e-04
   2.53834226e-03]
  [2.46581137e-01 3.37365805e-03 1.52319614e-02 8.87769973e-04
   2.56993435e-03 1.90259679e-03 1.00310994e-04 3.23388696e-04
   2.48880778e-03]
  [2.45381474e-01 3.57187842e-03 1.60834771e-02 9.00299812e-04
   2.62093777e-03 1.92198064e-03 1.01901096e-04 3.40508414e-04
   2.45630299e-03]
  [2.49476910e-01 3.54672526e-03 1.70153379e-02 8.65042442e-04
   2.56457087e-03 1.95876393e-03 1.02110127e-04 3.48584319e-04
   2.50454620e-03]
  [2.52458453e-01 3.38613405e-03 1.67951509e-02 8.35859508e-04
   2.52220081e-03 1.96992327e-03 1.00645673e-04 3.45239590e-04
   2.54459772e-03]
  [2.51130372e-01 3.32974247e-03 1.60627197e-02 8.39957967e-04
   2.53698090e-03 1.93975156e-03 9.97835887e-05 3.36255209e-04
   2.54929368e-03]
  [2.50094891e-01 3.38225695e-03 1.59059986e-02 8.51082092e-04
   2.56204070e-03 1.93271856e-03 9.98334435e-05 3.36943340e-04
   2.52543297e-03]
  [2.48885572e-01 3.45370453e-03 1.62170958e-02 8.57384701e-04
   2.55841389e-03 1.94442843e-03 1.00463301e-04 3.39379330e-04
   2.51375604e-03]
  [2.52938658e-01 3.41032073e-03 1.69341657e-02 8.23099981e-04
   2.52148625e-03 1.97072281e-03 1.00431833e-04 3.43139807e-04
   2.54295813e-03]
  [2.52519518e-01 3.28369276e-03 1.62274633e-02 8.22052127e-04
   2.50772387e-03 1.95695576e-03 9.94911243e-05 3.35988996e-04
   2.56843143e-03]
  [2.50652313e-01 3.31695541e-03 1.57011412e-02 8.43216199e-04
   2.53965775e-03 1.93695200e-03 9.91717388e-05 3.32199474e-04
   2.54320144e-03]
  [2.48019025e-01 3.42707499e-03 1.58548839e-02 8.60783213e-04
   2.56641349e-03 1.92786788e-03 9.98405449e-05 3.33710719e-04
   2.51565641e-03]
  [2.49653012e-01 3.46946367e-03 1.65114012e-02 8.48887081e-04
   2.56422488e-03 1.95345702e-03 1.00941259e-04 3.41994251e-04
   2.51572859e-03]]], shape=(1, 32, 9), dtype=float32)