tf.Tensor(
[[[0.49960425]
  [0.50272804]
  [0.50363153]
  ...
  [0.46877578]
  [0.47398975]
  [0.47053176]]

 [[0.5156784 ]
  [0.52535516]
  [0.5334486 ]
  ...
  [0.46200484]
  [0.46574926]
  [0.46890402]]

 [[0.57524264]
  [0.5925818 ]
  [0.60819954]
  ...
  [0.45428577]
  [0.45844215]
  [0.4579262 ]]

 ...

 [[0.50041777]
  [0.5043439 ]
  [0.5066573 ]
  ...
  [0.47343194]
  [0.47792053]
  [0.4823678 ]]

 [[0.5000468 ]
  [0.50386494]
  [0.50612164]
  ...
  [0.47343576]
  [0.477956  ]
  [0.4824268 ]]

 [[0.50148445]
  [0.5055574 ]
  [0.50799483]
  ...
  [0.4740008 ]
  [0.47844014]
  [0.48284194]]], shape=(105, 32, 1), dtype=float32)