tf.Tensor(
[[[2.79177040e-01 2.57585377e-01 2.78704762e-01 1.87835380e-01
   1.94831982e-01 1.97591349e-01 1.78903744e-01 1.78408220e-01
   2.41899177e-01]
  [2.94475079e-01 2.29944542e-01 2.86125541e-01 1.06337130e-01
   1.37612194e-01 1.23909324e-01 1.00281626e-01 1.13797940e-01
   2.19435304e-01]
  [3.38878870e-01 2.11138844e-01 2.90017694e-01 5.61613925e-02
   7.92045519e-02 7.23451525e-02 5.11376522e-02 5.72901331e-02
   1.74337626e-01]
  [3.88047725e-01 1.81288719e-01 2.88714886e-01 2.56094038e-02
   3.88228185e-02 3.66238169e-02 2.22184639e-02 2.47279610e-02
   1.23877168e-01]
  [4.43413526e-01 1.49883121e-01 2.81571567e-01 1.09634558e-02
   1.77721735e-02 1.74251292e-02 8.96887295e-03 1.01983109e-02
   8.12802464e-02]
  [5.00836015e-01 1.22687697e-01 2.72626609e-01 5.07030776e-03
   8.63403175e-03 8.79762508e-03 3.91693367e-03 4.65025753e-03
   5.30808531e-02]
  [5.56302726e-01 1.01447895e-01 2.62460023e-01 2.59032915e-03
   4.60230373e-03 4.85492498e-03 1.91360922e-03 2.38944730e-03
   3.61937396e-02]
  [6.06895030e-01 8.58452618e-02 2.53743529e-01 1.50699331e-03
   2.77084019e-03 3.01901507e-03 1.07685477e-03 1.42110442e-03
   2.63422448e-02]
  [6.51126564e-01 7.48161823e-02 2.46016279e-01 9.85587831e-04
   1.86679943e-03 2.09726300e-03 6.89719920e-04 9.57443379e-04
   2.02264078e-02]
  [6.90077245e-01 6.67599365e-02 2.37536579e-01 6.81064965e-04
   1.34496379e-03 1.52955356e-03 4.71504580e-04 6.84328377e-04
   1.60695333e-02]
  [7.22185850e-01 6.04898967e-02 2.31606767e-01 4.90431907e-04
   1.01085752e-03 1.16342632e-03 3.37412057e-04 5.11437363e-04
   1.33111766e-02]
  [7.48320341e-01 5.60463145e-02 2.26959214e-01 3.85882071e-04
   8.18818982e-04 9.57836048e-04 2.64551578e-04 4.17461415e-04
   1.15905022e-02]
  [7.71220207e-01 5.29196672e-02 2.22913206e-01 3.10237781e-04
   6.84173603e-04 8.08111799e-04 2.12015206e-04 3.44084052e-04
   1.02554364e-02]
  [7.89611220e-01 5.02252243e-02 2.19423831e-01 2.59343506e-04
   5.91284886e-04 7.03453727e-04 1.78569244e-04 2.95730802e-04
   9.28945467e-03]
  [8.04748118e-01 4.81177755e-02 2.17732698e-01 2.27444762e-04
   5.33412036e-04 6.40215061e-04 1.57129558e-04 2.66491028e-04
   8.58762581e-03]
  [8.17283392e-01 4.69336472e-02 2.16560408e-01 2.08673358e-04
   4.95038927e-04 5.99335879e-04 1.44531848e-04 2.49207311e-04
   8.12305231e-03]
  [8.27969074e-01 4.57910895e-02 2.15137109e-01 1.96431400e-04
   4.69277205e-04 5.73026366e-04 1.35962138e-04 2.38619396e-04
   7.76386401e-03]
  [8.36748779e-01 4.50780615e-02 2.13273719e-01 1.85012104e-04
   4.50263266e-04 5.46154333e-04 1.28512824e-04 2.28779492e-04
   7.44594820e-03]
  [8.43986273e-01 4.45267670e-02 2.12954223e-01 1.78140574e-04
   4.34818649e-04 5.30953461e-04 1.23753591e-04 2.23361974e-04
   7.23298779e-03]
  [8.49640310e-01 4.41453159e-02 2.11910233e-01 1.71826643e-04
   4.22819168e-04 5.18967747e-04 1.19847682e-04 2.17026303e-04
   7.04323361e-03]
  [8.54542851e-01 4.36141342e-02 2.10439935e-01 1.66020909e-04
   4.11135989e-04 5.05211763e-04 1.16318937e-04 2.11707302e-04
   6.89514820e-03]
  [8.58331859e-01 4.32372764e-02 2.09164664e-01 1.59774543e-04
   4.03524667e-04 4.92114224e-04 1.12645292e-04 2.05398217e-04
   6.80783065e-03]
  [8.61894429e-01 4.31505218e-02 2.09191650e-01 1.55491958e-04
   3.96085321e-04 4.84618475e-04 1.10507259e-04 2.02352778e-04
   6.70650648e-03]
  [8.64927411e-01 4.26347032e-02 2.09549978e-01 1.52741239e-04
   3.90721078e-04 4.77799098e-04 1.07612854e-04 1.99497023e-04
   6.58772839e-03]
  [8.67462695e-01 4.23361585e-02 2.10598290e-01 1.49012296e-04
   3.81747988e-04 4.68920305e-04 1.05492778e-04 1.95373606e-04
   6.57054596e-03]
  [8.69030118e-01 4.22223508e-02 2.10467800e-01 1.47956118e-04
   3.76772252e-04 4.64864046e-04 1.04607054e-04 1.92320033e-04
   6.53132191e-03]
  [8.70899975e-01 4.18444499e-02 2.10232526e-01 1.47693208e-04
   3.74595722e-04 4.62748547e-04 1.04427854e-04 1.92841078e-04
   6.52280217e-03]
  [8.71840835e-01 4.17644009e-02 2.10289329e-01 1.48579566e-04
   3.74174444e-04 4.65304271e-04 1.05483479e-04 1.94600376e-04
   6.54679211e-03]
  [8.73588979e-01 4.15605903e-02 2.09204242e-01 1.46425664e-04
   3.69491201e-04 4.57366055e-04 1.03692808e-04 1.92985186e-04
   6.49231626e-03]
  [8.74763548e-01 4.12053689e-02 2.08664685e-01 1.44526100e-04
   3.66802560e-04 4.51359403e-04 1.02747101e-04 1.90435938e-04
   6.48761820e-03]
  [8.75268996e-01 4.12072279e-02 2.08636507e-01 1.43220488e-04
   3.65262589e-04 4.53036802e-04 1.01957317e-04 1.88528837e-04
   6.53121341e-03]
  [8.76091719e-01 4.13719378e-02 2.08488733e-01 1.41186480e-04
   3.62134975e-04 4.49017069e-04 1.00619276e-04 1.85740748e-04
   6.51025074e-03]]], shape=(1, 32, 9), dtype=float32)