tf.Tensor(
[[[0.68245995]
  [0.6894676 ]
  [0.69185954]
  ...
  [0.62451565]
  [0.61330444]
  [0.5999712 ]]

 [[0.73836297]
  [0.7512318 ]
  [0.7597174 ]
  ...
  [0.7250658 ]
  [0.7107758 ]
  [0.6925201 ]]

 [[0.74874806]
  [0.76495326]
  [0.7785197 ]
  ...
  [0.70405096]
  [0.68663174]
  [0.6659222 ]]

 ...

 [[0.3572753 ]
  [0.33976313]
  [0.32537168]
  ...
  [0.4033885 ]
  [0.4128241 ]
  [0.42282054]]

 [[0.35698962]
  [0.33947104]
  [0.32512996]
  ...
  [0.405949  ]
  [0.41512507]
  [0.42492747]]

 [[0.32620075]
  [0.30599323]
  [0.2889551 ]
  ...
  [0.37635547]
  [0.3879737 ]
  [0.40035453]]], shape=(105, 32, 1), dtype=float32)