tf.Tensor(
[[[0.28011802 0.28835657 0.28769723 0.25287127 0.25583053 0.24757932
   0.24948674 0.25121436 0.26475984]
  [0.2632142  0.34367108 0.3233607  0.23205772 0.2696003  0.23937151
   0.25083256 0.2602114  0.28748012]
  [0.27156946 0.37108913 0.3473134  0.2227452  0.26319787 0.2256346
   0.24094366 0.24890518 0.29042917]
  [0.27579546 0.39333162 0.3652552  0.20782995 0.25063524 0.20792024
   0.22703123 0.23228186 0.2870178 ]
  [0.2787584  0.41224888 0.37875697 0.19465901 0.23477125 0.19065781
   0.21131131 0.21568741 0.28285748]
  [0.27935895 0.4296238  0.38935167 0.18222836 0.21822807 0.17464025
   0.19573782 0.20032752 0.27790827]
  [0.2797588  0.44349852 0.39761737 0.17110197 0.20365706 0.16013247
   0.18252495 0.18605492 0.2729478 ]
  [0.27921885 0.45533806 0.4034685  0.1616844  0.191114   0.1476379
   0.17070875 0.17393452 0.2684096 ]
  [0.27752224 0.46574435 0.40680805 0.15262555 0.179623   0.13499041
   0.1584131  0.16130407 0.2621853 ]
  [0.27620006 0.47547892 0.40991765 0.14365144 0.16911379 0.1227729
   0.14642224 0.15072717 0.25520438]
  [0.27469715 0.48572084 0.41259596 0.13626353 0.15880981 0.1129357
   0.13722655 0.14089078 0.24709466]
  [0.2735451  0.49439764 0.41490176 0.13023174 0.15017979 0.10528907
   0.12966111 0.13369992 0.24227194]
  [0.27164924 0.5016644  0.41586676 0.12477887 0.14244537 0.09892901
   0.12369972 0.12679245 0.23791525]
  [0.27012137 0.5077435  0.4159185  0.11914752 0.13519788 0.09277654
   0.11764748 0.12017439 0.23284236]
  [0.26909372 0.5132018  0.41547838 0.11512581 0.12891218 0.0881945
   0.11317199 0.11525781 0.2280399 ]
  [0.26678202 0.5189796  0.41781077 0.11060699 0.12266457 0.08394681
   0.10811228 0.11033537 0.22278117]
  [0.26609656 0.5240391  0.42001513 0.10607599 0.11734132 0.07973983
   0.10314731 0.10586713 0.21948943]
  [0.2642841  0.52716887 0.42244288 0.10144825 0.11244301 0.07516284
   0.09740528 0.10031927 0.21490607]
  [0.26308    0.5301436  0.425013   0.09877758 0.10867053 0.07154071
   0.09247701 0.09614198 0.21140674]
  [0.26118913 0.53189915 0.42749858 0.09496602 0.1053213  0.06765732
   0.08789291 0.09194258 0.20541543]
  [0.25927544 0.53278285 0.42986682 0.09254029 0.10272243 0.06511837
   0.08475956 0.0887474  0.20191701]
  [0.2569044  0.5350163  0.43225217 0.09197719 0.10060334 0.06396133
   0.08308342 0.08688843 0.20034923]
  [0.25513545 0.5387647  0.43385    0.09123511 0.09816153 0.06221046
   0.08165766 0.08513694 0.19719547]
  [0.25365517 0.54146445 0.4333993  0.09060082 0.09657492 0.06134611
   0.08132581 0.08419963 0.19507854]
  [0.25273454 0.54358613 0.43465436 0.08986689 0.09596812 0.06062709
   0.08092868 0.08348485 0.19427958]
  [0.2528661  0.5466028  0.43362972 0.08938797 0.09502099 0.05958509
   0.08018147 0.08266442 0.19289687]
  [0.25316796 0.54909647 0.43225476 0.08878241 0.0935661  0.0583327
   0.07867423 0.08110579 0.19178312]
  [0.25198987 0.550519   0.43213686 0.08819365 0.09268866 0.05751642
   0.07707309 0.07978    0.19173792]
  [0.2528542  0.55313134 0.4325413  0.08779272 0.09189228 0.05703728
   0.07663511 0.07876037 0.19242087]
  [0.25247365 0.5531195  0.4333019  0.08798353 0.09155162 0.05704819
   0.07663854 0.07838798 0.19295813]
  [0.25300527 0.55384105 0.4332007  0.08870411 0.09152037 0.0570112
   0.07661852 0.07863963 0.19365335]
  [0.25364143 0.55504096 0.43137413 0.08843096 0.09112638 0.05620693
   0.07653522 0.07827832 0.1928118 ]]], shape=(1, 32, 9), dtype=float32)