[array([[[0.28159854, 0.28092363, 0.27980098, 0.2812831 , 0.28092146,
         0.27973992, 0.28264433, 0.2803391 , 0.2808091 ],
        [0.3084085 , 0.25204873, 0.27919835, 0.29907018, 0.29775763,
         0.33787012, 0.34413385, 0.27235892, 0.29760733],
        [0.32556477, 0.267583  , 0.29263452, 0.3129246 , 0.31021875,
         0.35803318, 0.36534995, 0.28792283, 0.31287807],
        [0.33938503, 0.27668005, 0.3011129 , 0.32323834, 0.32046545,
         0.37093642, 0.38022292, 0.29770836, 0.32270476],
        [0.34950057, 0.2838503 , 0.30783582, 0.3300219 , 0.3280456 ,
         0.37999612, 0.39239934, 0.30240503, 0.32929927],
        [0.35762328, 0.29070112, 0.31259784, 0.33519116, 0.33416426,
         0.38535842, 0.4021263 , 0.30496448, 0.33391398],
        [0.3630508 , 0.295173  , 0.3156217 , 0.34002912, 0.3377981 ,
         0.3890317 , 0.4099556 , 0.30823004, 0.33799574],
        [0.36955082, 0.29906034, 0.31714237, 0.34352916, 0.34195697,
         0.39229318, 0.41552758, 0.31083333, 0.3404083 ],
        [0.3746481 , 0.3025609 , 0.32066113, 0.34576666, 0.34538758,
         0.3946242 , 0.41931042, 0.3121092 , 0.34263623],
        [0.3785292 , 0.30455408, 0.32383585, 0.34627676, 0.3479545 ,
         0.39636147, 0.4213864 , 0.31198132, 0.34365252],
        [0.38148513, 0.3065116 , 0.32590517, 0.3473668 , 0.35010353,
         0.3989056 , 0.42286256, 0.31398964, 0.34418967],
        [0.38369134, 0.3080985 , 0.32568562, 0.34831056, 0.35146126,
         0.40158978, 0.42388004, 0.3157242 , 0.3443013 ],
        [0.3862627 , 0.30929834, 0.32559222, 0.34908405, 0.35234734,
         0.40423247, 0.4254104 , 0.31668085, 0.34432232],
        [0.38848725, 0.3097296 , 0.32555348, 0.34893337, 0.35268784,
         0.4065394 , 0.4266    , 0.31689668, 0.3437233 ],
        [0.38770837, 0.31017172, 0.32557264, 0.348456  , 0.3526774 ,
         0.40691796, 0.4275438 , 0.31687978, 0.34357828],
        [0.3877375 , 0.31067157, 0.3252787 , 0.34759971, 0.3523648 ,
         0.40732482, 0.42725486, 0.31736234, 0.34342054],
        [0.3881836 , 0.3119713 , 0.32557717, 0.3475223 , 0.3525168 ,
         0.40728176, 0.42717162, 0.31893024, 0.3430809 ],
        [0.38862672, 0.31256685, 0.3267688 , 0.34775585, 0.35182354,
         0.40735477, 0.42715222, 0.31919518, 0.34286985],
        [0.3899362 , 0.3138285 , 0.32820857, 0.34813192, 0.3506312 ,
         0.40750352, 0.42775953, 0.31976673, 0.34265924],
        [0.391814  , 0.3140163 , 0.32767248, 0.34878168, 0.3500727 ,
         0.40696043, 0.42757812, 0.3211523 , 0.34276623],
        [0.39151657, 0.31395417, 0.32530206, 0.3493932 , 0.3496257 ,
         0.40565586, 0.42789477, 0.3210982 , 0.34316596],
        [0.39280972, 0.31272018, 0.3240307 , 0.34911296, 0.34807235,
         0.4053838 , 0.42715132, 0.3209747 , 0.34244326],
        [0.39278984, 0.3131095 , 0.324012  , 0.34928393, 0.34688273,
         0.40423512, 0.4270286 , 0.32224438, 0.3420269 ],
        [0.39127782, 0.31206724, 0.32450992, 0.34911478, 0.3452029 ,
         0.403164  , 0.42797032, 0.32199055, 0.34154734],
        [0.3875258 , 0.31129798, 0.32550198, 0.3488864 , 0.34527457,
         0.40349096, 0.42802328, 0.32151252, 0.34095055],
        [0.3860297 , 0.30993086, 0.32542866, 0.34835443, 0.34491113,
         0.40333435, 0.42779943, 0.32156762, 0.3404349 ],
        [0.38468874, 0.31029287, 0.32643214, 0.34838662, 0.34442127,
         0.40356207, 0.42775223, 0.32206768, 0.33953568],
        [0.38354483, 0.31064585, 0.32679668, 0.34875008, 0.34453908,
         0.40370572, 0.4280593 , 0.32211566, 0.33871704],
        [0.38196826, 0.3106785 , 0.32725036, 0.34818697, 0.34550565,
         0.40372318, 0.42751846, 0.32198924, 0.3378672 ],
        [0.3798916 , 0.31061903, 0.3267294 , 0.34808633, 0.34622088,
         0.40376022, 0.42726982, 0.32044584, 0.33687004],
        [0.3788854 , 0.3120259 , 0.32743436, 0.3477895 , 0.34680754,
         0.4035487 , 0.42633733, 0.3199244 , 0.33647808],
        [0.37791723, 0.31201136, 0.32763946, 0.34762377, 0.3468427 ,
         0.40359545, 0.4249516 , 0.31959882, 0.33663192]]], dtype=float32), array([[[0.2812183 , 0.28051788, 0.28146377, 0.28085706, 0.28155497,
         0.28066167, 0.2820921 , 0.2809656 , 0.2818542 ],
        [0.310439  , 0.25271663, 0.28229788, 0.29855424, 0.29936492,
         0.34063575, 0.34267387, 0.27278745, 0.2975949 ],
        [0.32887113, 0.26730567, 0.29609066, 0.31143442, 0.31213033,
         0.36136672, 0.3645453 , 0.2878839 , 0.31247386],
        [0.34363502, 0.27537873, 0.3052792 , 0.3213011 , 0.32428893,
         0.3753196 , 0.3813373 , 0.2964742 , 0.32207003],
        [0.3541878 , 0.2821635 , 0.31204405, 0.32851997, 0.3327203 ,
         0.3849226 , 0.39370427, 0.30141944, 0.32873917],
        [0.36037388, 0.28781682, 0.31719476, 0.33508402, 0.3389375 ,
         0.3923649 , 0.40358672, 0.30349994, 0.33318847],
        [0.36524132, 0.2921298 , 0.32132477, 0.33998927, 0.34441116,
         0.39638743, 0.41005567, 0.30727172, 0.33750662],
        [0.36915863, 0.29607198, 0.32358375, 0.34347022, 0.34880945,
         0.39956233, 0.41485137, 0.3106714 , 0.33924   ],
        [0.37308824, 0.30085397, 0.32411984, 0.3461558 , 0.35064512,
         0.4017196 , 0.41915748, 0.3118536 , 0.33984813],
        [0.37735337, 0.30308348, 0.32432854, 0.34731427, 0.35118413,
         0.40301433, 0.42212248, 0.3126821 , 0.34005404],
        [0.3796679 , 0.30592057, 0.32469714, 0.34796444, 0.3518864 ,
         0.40422773, 0.4251361 , 0.31288233, 0.34065816],
        [0.38097948, 0.30835503, 0.32348332, 0.3486411 , 0.35231006,
         0.40580446, 0.42777672, 0.31217635, 0.3411624 ],
        [0.38286203, 0.31051123, 0.32429186, 0.348697  , 0.35249293,
         0.40685782, 0.4285891 , 0.31323868, 0.3423289 ],
        [0.38339388, 0.31161696, 0.32456964, 0.34889913, 0.3512621 ,
         0.4070487 , 0.42854285, 0.3151685 , 0.34372553],
        [0.38489875, 0.31228718, 0.32485658, 0.34911123, 0.350825  ,
         0.4071974 , 0.42796758, 0.31510028, 0.34398383],
        [0.38311583, 0.31260198, 0.32415727, 0.3485289 , 0.35111305,
         0.40729865, 0.4274196 , 0.31536847, 0.34498632],
        [0.38264242, 0.31248003, 0.3243268 , 0.34886393, 0.35009304,
         0.40724006, 0.42689383, 0.31581953, 0.34556958],
        [0.38191   , 0.31252652, 0.3242357 , 0.34914708, 0.3499234 ,
         0.4080038 , 0.4254452 , 0.3160442 , 0.34618866],
        [0.38293785, 0.31173894, 0.3244104 , 0.34971663, 0.3498444 ,
         0.4093895 , 0.42548886, 0.31624624, 0.3467834 ],
        [0.38422337, 0.311389  , 0.32518727, 0.35030147, 0.35094693,
         0.4101394 , 0.42559585, 0.3171118 , 0.348657  ],
        [0.38669446, 0.31153724, 0.32678223, 0.35046315, 0.35072404,
         0.41160342, 0.4251131 , 0.31800035, 0.34928113],
        [0.38649955, 0.31173763, 0.32869688, 0.35052708, 0.35142073,
         0.4111155 , 0.4260815 , 0.31652597, 0.34888494],
        [0.3850794 , 0.31216982, 0.32928374, 0.35121268, 0.35106072,
         0.40989023, 0.42649552, 0.3165767 , 0.34846577],
        [0.38529274, 0.3112911 , 0.32868963, 0.35143155, 0.35071975,
         0.40989196, 0.42660448, 0.31614304, 0.34886572],
        [0.3848899 , 0.31064296, 0.32810864, 0.35157135, 0.351092  ,
         0.41075122, 0.42624676, 0.31551775, 0.3487978 ],
        [0.38443103, 0.31041145, 0.32604754, 0.35247168, 0.3506345 ,
         0.41022435, 0.42667162, 0.31463358, 0.3481535 ],
        [0.38248754, 0.31079084, 0.32461557, 0.35174504, 0.35193056,
         0.41012037, 0.42705864, 0.31322032, 0.34752285],
        [0.38279262, 0.3112167 , 0.3242584 , 0.35129836, 0.35261753,
         0.41088036, 0.42773002, 0.3138458 , 0.3460303 ],
        [0.3834848 , 0.3117135 , 0.32438084, 0.35057026, 0.35304707,
         0.41015008, 0.42873058, 0.31323895, 0.34532866],
        [0.38222468, 0.31208575, 0.32531834, 0.35102817, 0.3534312 ,
         0.4106854 , 0.42894545, 0.3135385 , 0.3446454 ],
        [0.3807658 , 0.3118689 , 0.32674035, 0.34996316, 0.35468403,
         0.41111863, 0.4286647 , 0.31457502, 0.3441812 ],
        [0.381223  , 0.3110141 , 0.3277245 , 0.34838507, 0.35484877,
         0.41072375, 0.4282268 , 0.31584495, 0.34379843]]], dtype=float32), array([[[0.28161636, 0.28101537, 0.28019288, 0.28115547, 0.28019857,
         0.27962565, 0.28152907, 0.2822595 , 0.2815307 ],
        [0.30958313, 0.25286293, 0.28121686, 0.2992861 , 0.29665762,
         0.33813152, 0.34212992, 0.27502716, 0.2987131 ],
        [0.32878608, 0.26822722, 0.29587552, 0.3127389 , 0.3084081 ,
         0.35770693, 0.3629324 , 0.2911693 , 0.31501195],
        [0.34303188, 0.27782157, 0.305733  , 0.32336733, 0.3188833 ,
         0.37083885, 0.3795062 , 0.3001298 , 0.32426605],
        [0.35359755, 0.28633758, 0.3129819 , 0.33076587, 0.32756793,
         0.38134575, 0.39021707, 0.30818167, 0.33026966],
        [0.36197662, 0.29251826, 0.31728932, 0.33566624, 0.3341639 ,
         0.38807315, 0.3986572 , 0.311143  , 0.33469567],
        [0.36813828, 0.29760468, 0.32056957, 0.3387228 , 0.33848667,
         0.39276502, 0.40530092, 0.31273726, 0.3380331 ],
        [0.37389392, 0.3008989 , 0.3234663 , 0.34212226, 0.33956665,
         0.39500684, 0.41089126, 0.31475353, 0.34040165],
        [0.378825  , 0.3033509 , 0.32559434, 0.34431478, 0.34013823,
         0.39818278, 0.414436  , 0.3153089 , 0.34071034],
        [0.38205865, 0.3051486 , 0.3274878 , 0.34598392, 0.34080166,
         0.40058216, 0.4171853 , 0.31473467, 0.34146562],
        [0.38415036, 0.30737847, 0.32844532, 0.34772786, 0.34242007,
         0.40243024, 0.42011634, 0.31613278, 0.34247962],
        [0.38548696, 0.3093769 , 0.32922822, 0.3493016 , 0.34266898,
         0.4032039 , 0.42173555, 0.318095  , 0.34308058],
        [0.386297  , 0.31118995, 0.32900098, 0.35082534, 0.34388512,
         0.40403017, 0.42292118, 0.3188113 , 0.34247428],
        [0.3868604 , 0.31301486, 0.32857728, 0.35173368, 0.34457067,
         0.40548462, 0.42353147, 0.31904486, 0.34242016],
        [0.38775384, 0.31357005, 0.3281818 , 0.35231635, 0.34473124,
         0.40739632, 0.42357984, 0.32037997, 0.3431107 ],
        [0.38805756, 0.3149219 , 0.32638824, 0.3530948 , 0.34444243,
         0.4077462 , 0.42458797, 0.3193955 , 0.34272015],
        [0.385769  , 0.31642565, 0.3255822 , 0.35453755, 0.34527856,
         0.40898734, 0.42637327, 0.31667352, 0.3426415 ],
        [0.38608962, 0.31695485, 0.3234596 , 0.3560074 , 0.34527177,
         0.4094886 , 0.42771742, 0.31668818, 0.34322068],
        [0.38523808, 0.31691846, 0.32341355, 0.3558943 , 0.3452698 ,
         0.40932748, 0.4287826 , 0.31704974, 0.3439932 ],
        [0.38411084, 0.31645334, 0.32408175, 0.35538527, 0.34591582,
         0.40920463, 0.42915353, 0.31636465, 0.34380466],
        [0.38348255, 0.31551912, 0.3257967 , 0.35492766, 0.3456572 ,
         0.40823454, 0.4289064 , 0.3165484 , 0.34389278],
        [0.3838779 , 0.3154447 , 0.32653785, 0.35478443, 0.34519124,
         0.40687194, 0.42984152, 0.31571046, 0.34219489],
        [0.38529179, 0.31599957, 0.3266506 , 0.35401553, 0.34618372,
         0.40670562, 0.43051374, 0.3154158 , 0.3419238 ],
        [0.3862577 , 0.31531978, 0.3266833 , 0.35382116, 0.34637085,
         0.40669012, 0.4309333 , 0.31530762, 0.342479  ],
        [0.387992  , 0.31399855, 0.32638165, 0.35429695, 0.34608045,
         0.40692863, 0.4322739 , 0.31560844, 0.34197977],
        [0.38978663, 0.31271008, 0.32593402, 0.35417724, 0.34642294,
         0.40562937, 0.43261644, 0.31754747, 0.34283864],
        [0.39097786, 0.31190473, 0.3260333 , 0.35374007, 0.34740445,
         0.4052997 , 0.43233728, 0.31795815, 0.34300473],
        [0.39254737, 0.31186998, 0.32582605, 0.35314363, 0.3482102 ,
         0.4058168 , 0.43164936, 0.31730616, 0.34285733],
        [0.39516118, 0.31322432, 0.32806435, 0.3529226 , 0.3482025 ,
         0.40620163, 0.43160167, 0.31631023, 0.3425411 ],
        [0.39656937, 0.31438607, 0.33171254, 0.35250375, 0.34878606,
         0.4073944 , 0.43072513, 0.3150631 , 0.34264782],
        [0.39731097, 0.3152883 , 0.33288035, 0.35251507, 0.35045764,
         0.4072838 , 0.43004707, 0.31410867, 0.3419603 ],
        [0.39742684, 0.31549335, 0.33172697, 0.35243392, 0.3505358 ,
         0.40591827, 0.4307327 , 0.31306565, 0.341969  ]]], dtype=float32), array([[[0.28209484, 0.2815675 , 0.28087187, 0.28158996, 0.2801826 ,
         0.28086662, 0.2813984 , 0.28184807, 0.2801506 ],
        [0.30965734, 0.25474572, 0.28034768, 0.2997766 , 0.2969391 ,
         0.33965728, 0.34248158, 0.27540344, 0.29702002],
        [0.32768315, 0.27146786, 0.29460016, 0.31349197, 0.30773968,
         0.35833797, 0.3651533 , 0.2906998 , 0.3122401 ],
        [0.34278202, 0.28215724, 0.30313843, 0.32487088, 0.31654307,
         0.37069252, 0.3824912 , 0.29924813, 0.32084343],
        [0.35335895, 0.29008082, 0.30860803, 0.3332919 , 0.32272786,
         0.380037  , 0.39614293, 0.30420688, 0.3266858 ],
        [0.36021465, 0.2958993 , 0.31226107, 0.33986422, 0.32808772,
         0.3873169 , 0.40617672, 0.30861247, 0.33083087],
        [0.3653372 , 0.29983172, 0.3142391 , 0.34479392, 0.332963  ,
         0.39281482, 0.41364264, 0.3111311 , 0.33459294],
        [0.3700707 , 0.3037712 , 0.31704816, 0.3482802 , 0.33720207,
         0.3988431 , 0.41805777, 0.31420013, 0.33685592],
        [0.37519565, 0.30540073, 0.3188215 , 0.350733  , 0.34024593,
         0.4032679 , 0.422266  , 0.31568316, 0.33747524],
        [0.37935603, 0.30596015, 0.32114497, 0.3517524 , 0.34233654,
         0.40553987, 0.4252238 , 0.3168868 , 0.33856243],
        [0.3818984 , 0.30595574, 0.32273012, 0.35118866, 0.34398878,
         0.40715444, 0.42579457, 0.31695297, 0.3399958 ],
        [0.38263822, 0.3072316 , 0.32457477, 0.3500681 , 0.34664586,
         0.40843987, 0.42511228, 0.3171706 , 0.34102222],
        [0.38291562, 0.3085048 , 0.32689562, 0.34895042, 0.3484578 ,
         0.40796307, 0.42446664, 0.31723532, 0.34150735],
        [0.38612574, 0.30932453, 0.3285634 , 0.34753007, 0.34806103,
         0.406995  , 0.42381254, 0.31713206, 0.34142002],
        [0.38802832, 0.31010422, 0.32928953, 0.34775114, 0.3481957 ,
         0.40625837, 0.42395777, 0.317037  , 0.34126642],
        [0.38951638, 0.31141737, 0.33028257, 0.34673408, 0.34927353,
         0.40632954, 0.42289153, 0.3169637 , 0.34123456],
        [0.39063254, 0.31160805, 0.33073023, 0.34588492, 0.35015157,
         0.40698808, 0.422117  , 0.31703836, 0.34046653],
        [0.39226362, 0.3123642 , 0.33175305, 0.34397867, 0.3512612 ,
         0.4075979 , 0.42015934, 0.31844732, 0.34065428],
        [0.39356065, 0.31241238, 0.33131105, 0.34369117, 0.35066402,
         0.40711755, 0.4208682 , 0.31724966, 0.3404184 ],
        [0.39339218, 0.31231698, 0.33258563, 0.34313744, 0.35017994,
         0.40794602, 0.42089945, 0.317014  , 0.3404615 ],
        [0.39300713, 0.3124396 , 0.3326846 , 0.34409457, 0.3492643 ,
         0.40835282, 0.42159876, 0.3168197 , 0.33996987],
        [0.3933278 , 0.31306902, 0.33206934, 0.3449643 , 0.34870505,
         0.40886515, 0.4217447 , 0.3189103 , 0.33998078],
        [0.39277092, 0.31292507, 0.3316296 , 0.34539497, 0.34818694,
         0.40875623, 0.42272392, 0.31909746, 0.33997643],
        [0.39323598, 0.31293672, 0.33153534, 0.34558988, 0.3484395 ,
         0.4078986 , 0.4234621 , 0.31963688, 0.341172  ],
        [0.39407375, 0.31260017, 0.3312421 , 0.34640813, 0.3478088 ,
         0.40602478, 0.42461726, 0.3209449 , 0.34223375],
        [0.39229953, 0.31248432, 0.33133572, 0.34729052, 0.34724745,
         0.40599477, 0.42498508, 0.32309243, 0.3427706 ],
        [0.39140463, 0.31300995, 0.33103678, 0.3485948 , 0.346608  ,
         0.4071766 , 0.4249435 , 0.3244731 , 0.34231788],
        [0.39040247, 0.31373683, 0.33080697, 0.35015616, 0.34663326,
         0.40808913, 0.4248614 , 0.32558993, 0.34244552],
        [0.38993123, 0.31345364, 0.3323047 , 0.35102624, 0.34668687,
         0.40939212, 0.42553625, 0.32312652, 0.3417133 ],
        [0.3907661 , 0.3131953 , 0.33107308, 0.35167938, 0.34659204,
         0.40972555, 0.4264705 , 0.32086182, 0.3406866 ],
        [0.39049008, 0.31363583, 0.32984653, 0.3523045 , 0.34570843,
         0.41032693, 0.42739066, 0.31878296, 0.3394204 ],
        [0.39016867, 0.31342173, 0.3296693 , 0.35270375, 0.345209  ,
         0.41117236, 0.42890272, 0.31709257, 0.33928674]]], dtype=float32), array([[[0.28180858, 0.2811725 , 0.2806018 , 0.28068155, 0.2809651 ,
         0.2811623 , 0.28204247, 0.2800429 , 0.28058732],
        [0.30917826, 0.25296995, 0.28122196, 0.29856527, 0.29880014,
         0.34140754, 0.34258798, 0.27301896, 0.29763868],
        [0.32715988, 0.26809895, 0.29449162, 0.3124106 , 0.3104322 ,
         0.36163053, 0.36404082, 0.28895965, 0.31299317],
        [0.34174705, 0.27682453, 0.30413464, 0.32265714, 0.32111037,
         0.375559  , 0.37896487, 0.29943714, 0.32337397],
        [0.35304698, 0.28531292, 0.31103534, 0.32929108, 0.3295021 ,
         0.3850971 , 0.38996315, 0.30538642, 0.32951784],
        [0.36125982, 0.29248363, 0.31640399, 0.3350349 , 0.33512154,
         0.3918093 , 0.39925608, 0.3090994 , 0.33422425],
        [0.3676077 , 0.29761228, 0.31907338, 0.33984935, 0.33883414,
         0.39691857, 0.40765917, 0.30950022, 0.33705565],
        [0.3726962 , 0.30135062, 0.32154396, 0.34310555, 0.34144977,
         0.39959162, 0.41477937, 0.30757493, 0.3393717 ],
        [0.3755596 , 0.3033225 , 0.32343778, 0.34494236, 0.34476256,
         0.40255183, 0.41960707, 0.30614588, 0.3397085 ],
        [0.3782727 , 0.30605963, 0.32466567, 0.34686765, 0.34723365,
         0.40456858, 0.42364836, 0.30547312, 0.34016106],
        [0.38146025, 0.30788347, 0.32517147, 0.34822407, 0.3481577 ,
         0.40575615, 0.42744234, 0.3053892 , 0.3401373 ],
        [0.38313845, 0.30790448, 0.32770914, 0.348687  , 0.34840882,
         0.40707594, 0.42864478, 0.3063116 , 0.34040445],
        [0.38425124, 0.3077793 , 0.32927662, 0.3501825 , 0.3484417 ,
         0.40791947, 0.42922813, 0.30663243, 0.34116858],
        [0.3857037 , 0.30805743, 0.33112383, 0.3505333 , 0.34813568,
         0.40806237, 0.42910686, 0.30733237, 0.34230435],
        [0.38789853, 0.30849192, 0.3324111 , 0.3516107 , 0.3478314 ,
         0.4083732 , 0.42899314, 0.30840492, 0.34265137],
        [0.388663  , 0.30995366, 0.3324749 , 0.35213998, 0.3479405 ,
         0.40783086, 0.42922023, 0.3096808 , 0.3421378 ],
        [0.38943738, 0.31034082, 0.33113855, 0.35185784, 0.34652898,
         0.40925175, 0.42915723, 0.31063977, 0.34078857],
        [0.390383  , 0.31052342, 0.33016825, 0.35107678, 0.34606674,
         0.41039744, 0.428706  , 0.31193542, 0.33989468],
        [0.39156675, 0.3103559 , 0.3278489 , 0.35024157, 0.34626156,
         0.40982562, 0.4285923 , 0.31274113, 0.34030744],
        [0.39344892, 0.30978626, 0.32672894, 0.34847382, 0.34722838,
         0.40871868, 0.42690852, 0.316214  , 0.3402552 ],
        [0.39558145, 0.31068665, 0.32727823, 0.34650537, 0.3467944 ,
         0.40660977, 0.4269582 , 0.31722844, 0.3395852 ],
        [0.3963844 , 0.31073958, 0.3273429 , 0.34524018, 0.34698516,
         0.4053403 , 0.42691872, 0.3184749 , 0.3389478 ],
        [0.3983838 , 0.3116327 , 0.3280495 , 0.34466767, 0.34784594,
         0.40478668, 0.42640328, 0.31762326, 0.33941734],
        [0.39797515, 0.31149665, 0.3286411 , 0.3450522 , 0.34739754,
         0.40496862, 0.42613435, 0.3155621 , 0.33952734],
        [0.3969539 , 0.31074676, 0.32934555, 0.344876  , 0.3465221 ,
         0.40515104, 0.42524594, 0.31513256, 0.3397551 ],
        [0.39470294, 0.3092828 , 0.32939845, 0.34531468, 0.3449855 ,
         0.40578887, 0.42397603, 0.3158057 , 0.33973098],
        [0.39229366, 0.3089735 , 0.32964376, 0.3465326 , 0.3450192 ,
         0.4057576 , 0.42398122, 0.31563893, 0.3402804 ],
        [0.39220196, 0.30918768, 0.32969543, 0.34840885, 0.34362254,
         0.405929  , 0.42411053, 0.31673807, 0.3408975 ],
        [0.3925964 , 0.31002536, 0.32993683, 0.34953126, 0.34259874,
         0.4061391 , 0.42477712, 0.3170207 , 0.34187105],
        [0.39304867, 0.3105119 , 0.32969922, 0.35027748, 0.34034643,
         0.40625185, 0.42573673, 0.31775862, 0.34216833],
        [0.39515463, 0.31184024, 0.32867518, 0.35101303, 0.33754534,
         0.4063951 , 0.42693835, 0.31808874, 0.34191376],
        [0.39646333, 0.31299052, 0.328179  , 0.35185495, 0.33656698,
         0.40579814, 0.42864695, 0.31847683, 0.3420917 ]]], dtype=float32), array([[[0.28083965, 0.2810377 , 0.28094167, 0.28062898, 0.28151673,
         0.28070068, 0.28173196, 0.28226703, 0.28132355],
        [0.30814373, 0.25358605, 0.2807082 , 0.29784995, 0.2995552 ,
         0.3395641 , 0.34355912, 0.27496198, 0.29812872],
        [0.32541987, 0.26956248, 0.29404643, 0.3117093 , 0.3116644 ,
         0.35958406, 0.3655763 , 0.29116398, 0.3131646 ],
        [0.34005257, 0.27839723, 0.30315813, 0.32276118, 0.32205027,
         0.37274113, 0.38126838, 0.3011007 , 0.32242498],
        [0.35233638, 0.28613883, 0.31135333, 0.32969776, 0.33003494,
         0.3825141 , 0.39317483, 0.30540052, 0.32785326],
        [0.36240923, 0.2923519 , 0.31842694, 0.33481207, 0.33491182,
         0.38966534, 0.40058306, 0.30866906, 0.33149177],
        [0.3694181 , 0.2970686 , 0.32285914, 0.33956254, 0.33951026,
         0.39571917, 0.40658298, 0.3115675 , 0.33446726],
        [0.3736417 , 0.30070087, 0.32568696, 0.34358573, 0.34288436,
         0.4006243 , 0.411288  , 0.31302422, 0.3365853 ],
        [0.3773899 , 0.3041449 , 0.32696804, 0.34674308, 0.34497094,
         0.40347037, 0.41483232, 0.31404692, 0.3383763 ],
        [0.3812052 , 0.30591616, 0.32826722, 0.34876487, 0.34571016,
         0.40597495, 0.4186564 , 0.31503764, 0.33993286],
        [0.38321373, 0.30613616, 0.32895294, 0.3500706 , 0.34528542,
         0.40743053, 0.4213881 , 0.31596932, 0.34148926],
        [0.38486782, 0.30687273, 0.33001274, 0.3509178 , 0.34627965,
         0.4083075 , 0.42365837, 0.3166136 , 0.34323284],
        [0.38609836, 0.3076631 , 0.33078718, 0.35137254, 0.346185  ,
         0.40925843, 0.42552805, 0.31499767, 0.3438732 ],
        [0.38621336, 0.30858266, 0.33132496, 0.35178694, 0.34611666,
         0.4096576 , 0.42786282, 0.31363523, 0.34484455],
        [0.38700917, 0.3093474 , 0.33259547, 0.35313562, 0.34567526,
         0.41035628, 0.428678  , 0.3143984 , 0.34515035],
        [0.38677666, 0.3096124 , 0.33241904, 0.3533514 , 0.34547335,
         0.41019675, 0.4288448 , 0.31573054, 0.34511346],
        [0.38780528, 0.31015682, 0.3318    , 0.35399053, 0.3458648 ,
         0.4100009 , 0.4286651 , 0.31675237, 0.34525892],
        [0.38813677, 0.3108084 , 0.33095166, 0.35347226, 0.34753942,
         0.41056013, 0.42866838, 0.3162522 , 0.3457308 ],
        [0.38974956, 0.31146568, 0.32977486, 0.3530737 , 0.34890518,
         0.41057792, 0.4282993 , 0.31678993, 0.3461198 ],
        [0.39081374, 0.31207982, 0.3285348 , 0.35315996, 0.35008267,
         0.41072   , 0.4279681 , 0.3171282 , 0.3467851 ],
        [0.3908883 , 0.31235483, 0.32704434, 0.35315722, 0.35049817,
         0.41149625, 0.42720932, 0.3175753 , 0.34748054],
        [0.38911918, 0.31202745, 0.32590804, 0.35313433, 0.35043284,
         0.4129827 , 0.4268302 , 0.31836215, 0.3480259 ],
        [0.3887784 , 0.31204128, 0.32585186, 0.35259506, 0.34934732,
         0.41364482, 0.4263418 , 0.31827936, 0.3484092 ],
        [0.38738477, 0.31163806, 0.3251781 , 0.3518905 , 0.3482819 ,
         0.41307563, 0.42609683, 0.31793055, 0.3486426 ],
        [0.38618597, 0.31144032, 0.32461873, 0.35122356, 0.34857035,
         0.4115834 , 0.42591357, 0.31853145, 0.3487168 ],
        [0.38466322, 0.31140816, 0.32301322, 0.35046104, 0.34841236,
         0.40974644, 0.4265278 , 0.31948647, 0.3487293 ],
        [0.38300425, 0.31169355, 0.32128546, 0.35042205, 0.34856758,
         0.4081075 , 0.42786038, 0.31955782, 0.34852666],
        [0.3841988 , 0.3113465 , 0.31991336, 0.35120738, 0.348773  ,
         0.4081959 , 0.4294727 , 0.31949472, 0.34899113],
        [0.38521552, 0.31250992, 0.3197571 , 0.35227463, 0.3497836 ,
         0.40865707, 0.43177292, 0.31828457, 0.34895954],
        [0.3855002 , 0.312883  , 0.32054427, 0.35314366, 0.3494624 ,
         0.4097409 , 0.43317434, 0.3192563 , 0.34970424],
        [0.3852328 , 0.3137052 , 0.32177523, 0.35428554, 0.34893778,
         0.41022146, 0.43421006, 0.3196125 , 0.34997362],
        [0.3854335 , 0.314131  , 0.3231094 , 0.3559559 , 0.34831268,
         0.4111472 , 0.43489572, 0.32003006, 0.35056424]]], dtype=float32), array([[[0.2817958 , 0.28116828, 0.2805879 , 0.281403  , 0.28082502,
         0.28087646, 0.28134266, 0.28057227, 0.2803015 ],
        [0.30841252, 0.2541751 , 0.28047037, 0.29958603, 0.298991  ,
         0.34087154, 0.34249777, 0.27144283, 0.29626718],
        [0.3258858 , 0.27042654, 0.29491174, 0.31325892, 0.31167868,
         0.36116254, 0.36420494, 0.28786027, 0.3119221 ],
        [0.34093362, 0.27999192, 0.30479267, 0.32363245, 0.32214898,
         0.37449238, 0.38005215, 0.298897  , 0.32045713],
        [0.3522234 , 0.2875975 , 0.31133384, 0.33154207, 0.3290799 ,
         0.38417616, 0.39218122, 0.30585238, 0.3265362 ],
        [0.36039722, 0.29373586, 0.31624836, 0.33733836, 0.33524492,
         0.3917881 , 0.40178543, 0.31095633, 0.3323383 ],
        [0.36733517, 0.2982603 , 0.32080573, 0.34116146, 0.33888662,
         0.3959281 , 0.4097016 , 0.3152882 , 0.33744073],
        [0.37317434, 0.30186754, 0.32480314, 0.34420976, 0.34050322,
         0.39766204, 0.4161805 , 0.31798375, 0.34048155],
        [0.37978247, 0.30551744, 0.32790554, 0.3469742 , 0.3417639 ,
         0.40047333, 0.42006442, 0.31992498, 0.3419152 ],
        [0.38334686, 0.30780748, 0.32926854, 0.34905538, 0.3433639 ,
         0.40306482, 0.42205277, 0.3232207 , 0.34401497],
        [0.3876449 , 0.3099414 , 0.32916734, 0.34967545, 0.34527084,
         0.40619582, 0.42335784, 0.32493332, 0.3451939 ],
        [0.3915316 , 0.31120986, 0.32850006, 0.3496657 , 0.34525403,
         0.40685552, 0.42467704, 0.32523823, 0.34537786],
        [0.39465433, 0.3129729 , 0.32845142, 0.34970737, 0.34547287,
         0.40744638, 0.42599842, 0.32420295, 0.34496742],
        [0.39688128, 0.31384057, 0.32874635, 0.34956294, 0.34607896,
         0.40719718, 0.42707837, 0.3233332 , 0.34479567],
        [0.39738703, 0.31486753, 0.32871798, 0.34893507, 0.34663826,
         0.40752682, 0.42749703, 0.32198188, 0.34463525],
        [0.39739096, 0.31558016, 0.3280218 , 0.3484293 , 0.34717646,
         0.40837386, 0.42841628, 0.3198679 , 0.34393877],
        [0.3980153 , 0.31638056, 0.32886717, 0.3471727 , 0.3473217 ,
         0.40981647, 0.42832184, 0.3181446 , 0.34332335],
        [0.39783216, 0.31600863, 0.32853937, 0.34835905, 0.3457779 ,
         0.40982035, 0.42868617, 0.3185544 , 0.3430964 ],
        [0.3985316 , 0.31532204, 0.32786462, 0.34946218, 0.34510747,
         0.40981418, 0.42910188, 0.3208237 , 0.3436394 ],
        [0.3975584 , 0.3141557 , 0.32745928, 0.3498743 , 0.34470496,
         0.40974158, 0.42948446, 0.32139295, 0.34407067],
        [0.39791617, 0.31297636, 0.32782593, 0.35024923, 0.3451463 ,
         0.410375  , 0.43085483, 0.32041916, 0.3432851 ],
        [0.39851746, 0.31298408, 0.32725832, 0.35162437, 0.34471735,
         0.41034374, 0.43310055, 0.32016775, 0.34272555],
        [0.39843255, 0.3125659 , 0.32769692, 0.35245135, 0.3451464 ,
         0.40873823, 0.43365267, 0.32155138, 0.34323722],
        [0.39775622, 0.31206936, 0.3279857 , 0.3526839 , 0.3458333 ,
         0.40863007, 0.4332056 , 0.32126045, 0.34352583],
        [0.396566  , 0.31111532, 0.32762364, 0.35302165, 0.3454935 ,
         0.40841156, 0.43250173, 0.3213295 , 0.34349298],
        [0.39660588, 0.3110658 , 0.3266495 , 0.35375056, 0.34451315,
         0.4089265 , 0.4314568 , 0.32072276, 0.34238842],
        [0.39537242, 0.31100503, 0.32674566, 0.3548138 , 0.3441597 ,
         0.40952548, 0.43036494, 0.32101336, 0.34238222],
        [0.39421093, 0.3126232 , 0.32778156, 0.35627258, 0.3443787 ,
         0.41025236, 0.42963785, 0.32150826, 0.3426593 ],
        [0.39379984, 0.31181076, 0.32821947, 0.35638365, 0.34471983,
         0.4108721 , 0.42833075, 0.32216907, 0.34379134],
        [0.39406767, 0.31130818, 0.327573  , 0.3567466 , 0.34530163,
         0.41181692, 0.42717913, 0.3232099 , 0.3452343 ],
        [0.3945383 , 0.310769  , 0.3279007 , 0.3561438 , 0.34542412,
         0.41178378, 0.42590722, 0.32402802, 0.34634992],
        [0.39385375, 0.3109205 , 0.32785317, 0.35523498, 0.34588507,
         0.41184962, 0.42557022, 0.32426932, 0.3461633 ]]], dtype=float32), array([[[0.2817384 , 0.2805752 , 0.2802075 , 0.28118426, 0.28040642,
         0.28023568, 0.28182018, 0.28153315, 0.28140157],
        [0.3096288 , 0.2538068 , 0.27984434, 0.2986986 , 0.2983633 ,
         0.3396284 , 0.34206918, 0.27408028, 0.2976227 ],
        [0.32669187, 0.27020353, 0.2925309 , 0.31282806, 0.31006607,
         0.35925996, 0.3630688 , 0.29014596, 0.31277665],
        [0.3407849 , 0.28020707, 0.30087754, 0.3242058 , 0.32014403,
         0.37203377, 0.37937307, 0.3004925 , 0.32258525],
        [0.35133296, 0.28769475, 0.30774817, 0.3323209 , 0.3276735 ,
         0.38095453, 0.3917226 , 0.30779773, 0.33005297],
        [0.36062694, 0.29375425, 0.31219378, 0.3391103 , 0.33264354,
         0.38785776, 0.4014219 , 0.31265545, 0.33445886],
        [0.36728528, 0.29791048, 0.3150806 , 0.34385362, 0.33610737,
         0.39506227, 0.4096746 , 0.31507534, 0.33709443],
        [0.3729331 , 0.30112174, 0.31754312, 0.34678644, 0.33852363,
         0.39905864, 0.4153201 , 0.31768215, 0.34051794],
        [0.37625375, 0.30441764, 0.31993508, 0.34922707, 0.34108275,
         0.40183502, 0.42003548, 0.31953216, 0.34242937],
        [0.380209  , 0.30628657, 0.32002994, 0.35089663, 0.3434111 ,
         0.40430793, 0.4232665 , 0.32018685, 0.3437202 ],
        [0.38307327, 0.30842665, 0.32079327, 0.35114422, 0.34563702,
         0.4065359 , 0.42543784, 0.32124907, 0.3451884 ],
        [0.3849911 , 0.31084108, 0.3220467 , 0.35185444, 0.34729767,
         0.4080328 , 0.42798716, 0.3212271 , 0.3458714 ],
        [0.3870619 , 0.31222105, 0.3238861 , 0.35146993, 0.3483565 ,
         0.41011307, 0.42959568, 0.32057998, 0.34655714],
        [0.38938117, 0.31404963, 0.32546976, 0.35199338, 0.34885567,
         0.410793  , 0.43116793, 0.3207654 , 0.34685728],
        [0.39174944, 0.31500512, 0.32737806, 0.35244045, 0.34884277,
         0.41097498, 0.432335  , 0.3202406 , 0.346893  ],
        [0.3932774 , 0.31542197, 0.32761472, 0.35284805, 0.34929624,
         0.41154778, 0.43183202, 0.32078212, 0.34689227],
        [0.39439082, 0.3149335 , 0.32780814, 0.35352933, 0.34889537,
         0.411315  , 0.4324959 , 0.32079583, 0.3470809 ],
        [0.39498204, 0.31499016, 0.32761076, 0.35479698, 0.3484718 ,
         0.4115084 , 0.432866  , 0.32082134, 0.34650865],
        [0.39539444, 0.31513068, 0.32749942, 0.35622895, 0.34680372,
         0.41148826, 0.43299243, 0.321531  , 0.3459128 ],
        [0.39558563, 0.3155007 , 0.32645246, 0.35697863, 0.34796193,
         0.41117126, 0.43337047, 0.32221398, 0.34606993],
        [0.395335  , 0.31476262, 0.32638434, 0.35765234, 0.348192  ,
         0.4107963 , 0.4337174 , 0.32200217, 0.3460424 ],
        [0.39586368, 0.31515166, 0.32661277, 0.3576099 , 0.34837875,
         0.41017625, 0.4346691 , 0.32238615, 0.34533817],
        [0.39475846, 0.3143005 , 0.32622412, 0.3574232 , 0.3489053 ,
         0.41006613, 0.4345403 , 0.3230804 , 0.3445846 ],
        [0.39389518, 0.31477654, 0.32591107, 0.35699838, 0.3499701 ,
         0.4098976 , 0.4344234 , 0.32350323, 0.34442458],
        [0.39319822, 0.3146171 , 0.32656476, 0.35667068, 0.350194  ,
         0.4089228 , 0.43456176, 0.32416442, 0.3439981 ],
        [0.39181012, 0.3144307 , 0.32707417, 0.35652283, 0.34951097,
         0.40749896, 0.43464002, 0.32532063, 0.34464714],
        [0.3903235 , 0.31373253, 0.3272063 , 0.356342  , 0.34873706,
         0.40689713, 0.43380788, 0.32578945, 0.34461835],
        [0.3910794 , 0.3142286 , 0.32880417, 0.3566599 , 0.34841934,
         0.40665653, 0.4327726 , 0.32430446, 0.34438813],
        [0.3907511 , 0.31405082, 0.32953978, 0.35590136, 0.3479719 ,
         0.40489408, 0.4315171 , 0.32458746, 0.34534946],
        [0.38981974, 0.31347048, 0.32907286, 0.35604632, 0.3485343 ,
         0.40384078, 0.430999  , 0.32395715, 0.34465817],
        [0.38976946, 0.31315306, 0.3282381 , 0.35590136, 0.34831896,
         0.40417188, 0.43000957, 0.32350048, 0.34389073],
        [0.39017648, 0.31208652, 0.32727778, 0.355152  , 0.34778064,
         0.4041763 , 0.42827863, 0.3242898 , 0.34331247]]], dtype=float32), array([[[0.28260213, 0.28093114, 0.28081018, 0.28126407, 0.28081843,
         0.2812926 , 0.28147325, 0.28161204, 0.2811313 ],
        [0.31199166, 0.25250044, 0.27989638, 0.2982779 , 0.29761535,
         0.34084588, 0.34227413, 0.27367324, 0.29870993],
        [0.32922894, 0.26764363, 0.29298177, 0.31122166, 0.3098842 ,
         0.36046743, 0.36384192, 0.28969237, 0.314856  ],
        [0.34424627, 0.27804956, 0.300625  , 0.32103178, 0.320023  ,
         0.3723081 , 0.3797676 , 0.29970467, 0.3233749 ],
        [0.35581443, 0.2854219 , 0.30641583, 0.32806858, 0.32655016,
         0.38004106, 0.39190164, 0.3071726 , 0.3298109 ],
        [0.3649036 , 0.2911316 , 0.31082976, 0.33317754, 0.33066148,
         0.3853421 , 0.40055496, 0.31274205, 0.33378625],
        [0.371646  , 0.2962484 , 0.3139026 , 0.3385237 , 0.33240235,
         0.38949776, 0.40761417, 0.3162301 , 0.33562452],
        [0.3767342 , 0.29987708, 0.31686413, 0.34196907, 0.33385903,
         0.39231738, 0.41418862, 0.31721854, 0.3368752 ],
        [0.37976155, 0.3022154 , 0.31900305, 0.34468603, 0.33592296,
         0.3943924 , 0.41912925, 0.3170902 , 0.33837077],
        [0.38335958, 0.3043403 , 0.31999922, 0.34652555, 0.33840436,
         0.39740524, 0.4237363 , 0.3162026 , 0.33797735],
        [0.3849115 , 0.30548236, 0.32154676, 0.34753847, 0.3407743 ,
         0.3997273 , 0.4250986 , 0.3164311 , 0.3387959 ],
        [0.38483712, 0.30495635, 0.32181653, 0.34831077, 0.34287053,
         0.40334558, 0.42564276, 0.3173628 , 0.34057367],
        [0.3858806 , 0.30536845, 0.32185823, 0.34921834, 0.3438884 ,
         0.40516323, 0.425448  , 0.31860816, 0.3417608 ],
        [0.38661692, 0.30540204, 0.32252374, 0.3498157 , 0.3446086 ,
         0.40530246, 0.42538452, 0.3188991 , 0.34238553],
        [0.38793984, 0.3048984 , 0.3230902 , 0.34859425, 0.34522414,
         0.40501508, 0.42683706, 0.31684637, 0.3420451 ],
        [0.38867927, 0.30568233, 0.32278326, 0.34815314, 0.3469128 ,
         0.4048498 , 0.4286448 , 0.31496876, 0.34152824],
        [0.38916457, 0.3073458 , 0.3239425 , 0.34753993, 0.34830552,
         0.40724942, 0.42936972, 0.3137348 , 0.3409771 ],
        [0.3871087 , 0.30771184, 0.3239948 , 0.34827307, 0.34932792,
         0.40941942, 0.43047342, 0.31232694, 0.3414504 ],
        [0.3854203 , 0.30794856, 0.32547414, 0.34835213, 0.34954602,
         0.4116301 , 0.43064886, 0.31107756, 0.34248412],
        [0.3822225 , 0.3083098 , 0.32688078, 0.34759933, 0.35114494,
         0.4120333 , 0.43061566, 0.31198612, 0.34349078],
        [0.38099506, 0.30841416, 0.3289416 , 0.3471324 , 0.3523269 ,
         0.41221055, 0.43040642, 0.31304646, 0.344052  ],
        [0.3800821 , 0.3086611 , 0.32891336, 0.34802052, 0.35266083,
         0.4117349 , 0.43132856, 0.31284216, 0.3439623 ],
        [0.37920347, 0.30886135, 0.32880077, 0.34958893, 0.35188907,
         0.41161343, 0.43250147, 0.31331593, 0.34351832],
        [0.37922114, 0.30940777, 0.3294392 , 0.3503668 , 0.35044637,
         0.41158476, 0.43239552, 0.31382006, 0.3430087 ],
        [0.38093153, 0.30989954, 0.33132714, 0.3508572 , 0.3500076 ,
         0.41191444, 0.4312111 , 0.31423324, 0.3426379 ],
        [0.38218513, 0.3105752 , 0.33183774, 0.35099998, 0.34945244,
         0.41143042, 0.43037957, 0.313741  , 0.3426321 ],
        [0.3818732 , 0.3101936 , 0.3324793 , 0.3505062 , 0.34997505,
         0.41066808, 0.428646  , 0.3146771 , 0.34308425],
        [0.3822653 , 0.3105767 , 0.33242482, 0.35055637, 0.35084113,
         0.41136253, 0.42761913, 0.31662026, 0.34386414],
        [0.3840626 , 0.31141445, 0.33235306, 0.35077736, 0.3510209 ,
         0.4124037 , 0.42657495, 0.31777072, 0.3445401 ],
        [0.3852237 , 0.3126519 , 0.3337894 , 0.3512019 , 0.3506413 ,
         0.41291043, 0.4262713 , 0.31708193, 0.3445074 ],
        [0.3853057 , 0.31362557, 0.33408883, 0.35348907, 0.34927413,
         0.41369906, 0.42720672, 0.31524178, 0.34489587],
        [0.3867185 , 0.3145137 , 0.3334093 , 0.35565373, 0.34910294,
         0.41399777, 0.42779925, 0.31512263, 0.34486428]]], dtype=float32), array([[[0.28081232, 0.28073564, 0.28041697, 0.28081834, 0.28134042,
         0.2803848 , 0.28051123, 0.28164   , 0.28150946],
        [0.3076281 , 0.2525142 , 0.28079045, 0.29850438, 0.29934835,
         0.33992404, 0.3407107 , 0.2744888 , 0.29882938],
        [0.32497162, 0.26775903, 0.29461554, 0.31189036, 0.3121267 ,
         0.3602091 , 0.3617054 , 0.29265696, 0.31548733],
        [0.33885428, 0.27751794, 0.30256698, 0.32273227, 0.32317892,
         0.37402132, 0.37747487, 0.30266827, 0.3250429 ],
        [0.34793928, 0.2848764 , 0.3079619 , 0.33059347, 0.33125213,
         0.38377693, 0.38927788, 0.30856428, 0.33224156],
        [0.356478  , 0.29026756, 0.3120913 , 0.33698836, 0.33728763,
         0.38983592, 0.39911386, 0.31165674, 0.33723336],
        [0.36345652, 0.29402822, 0.3145135 , 0.34167665, 0.34051624,
         0.39382914, 0.4066289 , 0.31387988, 0.3401933 ],
        [0.3687582 , 0.29646385, 0.31697267, 0.3444652 , 0.34299645,
         0.39694092, 0.41219357, 0.3154063 , 0.34217572],
        [0.37356243, 0.2985574 , 0.31873205, 0.34759346, 0.3444303 ,
         0.39931172, 0.41675687, 0.3166076 , 0.34339643],
        [0.37785682, 0.301824  , 0.3207474 , 0.35000584, 0.34639373,
         0.40199676, 0.4198847 , 0.31663767, 0.34308964],
        [0.38161635, 0.3051047 , 0.32255608, 0.35182902, 0.34805232,
         0.4047922 , 0.4228703 , 0.31650996, 0.34279153],
        [0.38441756, 0.30750826, 0.32299238, 0.35269198, 0.34993455,
         0.40695864, 0.42575687, 0.3152251 , 0.34300196],
        [0.3851814 , 0.30885535, 0.32319272, 0.35336626, 0.3516453 ,
         0.40826634, 0.42770794, 0.3130171 , 0.34332463],
        [0.38609245, 0.31024954, 0.3235975 , 0.35297832, 0.3521929 ,
         0.4090004 , 0.42910433, 0.31206304, 0.34375975],
        [0.38806263, 0.31173855, 0.32261547, 0.35222536, 0.35242805,
         0.40917116, 0.4307355 , 0.31171292, 0.34323674],
        [0.38920355, 0.3132209 , 0.32310057, 0.35167482, 0.35263658,
         0.4090621 , 0.43173444, 0.31120712, 0.34302163],
        [0.39108294, 0.31330645, 0.32357374, 0.35050908, 0.35265875,
         0.4093002 , 0.43215492, 0.31093794, 0.34209237],
        [0.39295754, 0.31264913, 0.32301328, 0.3495849 , 0.3518986 ,
         0.41052562, 0.43189657, 0.3122406 , 0.34162423],
        [0.3938525 , 0.31289014, 0.32397425, 0.35006624, 0.35081235,
         0.41055956, 0.43141308, 0.3132088 , 0.34135476],
        [0.39314148, 0.312778  , 0.32442886, 0.3508741 , 0.35050768,
         0.40911373, 0.43163106, 0.31527635, 0.34187517],
        [0.39394954, 0.31374365, 0.3250961 , 0.35150146, 0.35049087,
         0.4079785 , 0.43215236, 0.315461  , 0.34152853],
        [0.39432433, 0.3143959 , 0.325735  , 0.35235992, 0.3504035 ,
         0.40735596, 0.4318607 , 0.31689236, 0.3417191 ],
        [0.39625248, 0.31597364, 0.3270424 , 0.35256562, 0.35092708,
         0.4072898 , 0.43113512, 0.3167902 , 0.3407013 ],
        [0.39882067, 0.31705055, 0.32681522, 0.35231122, 0.34987396,
         0.40756148, 0.43020096, 0.3153513 , 0.3398493 ],
        [0.39974636, 0.31766105, 0.32820266, 0.35190308, 0.3499882 ,
         0.40691876, 0.4298091 , 0.31522667, 0.3399417 ],
        [0.40137154, 0.31722996, 0.32975158, 0.351406  , 0.34993824,
         0.40628025, 0.42953706, 0.3146552 , 0.33965978],
        [0.4042445 , 0.3164595 , 0.32848737, 0.35144976, 0.3500212 ,
         0.40577623, 0.43051288, 0.314269  , 0.33939245],
        [0.4030262 , 0.31631726, 0.32844436, 0.3523453 , 0.34987485,
         0.40709865, 0.43138832, 0.31450436, 0.33970743],
        [0.40292135, 0.31730047, 0.32898754, 0.35241944, 0.3492532 ,
         0.4078543 , 0.43138227, 0.31559026, 0.3401556 ],
        [0.40200284, 0.3176872 , 0.3284237 , 0.35304534, 0.34839383,
         0.4074723 , 0.43200037, 0.31655315, 0.34100458],
        [0.40097606, 0.31935963, 0.3294807 , 0.35379142, 0.34830293,
         0.40793097, 0.43275455, 0.31675315, 0.34152773],
        [0.3985247 , 0.31978413, 0.33006445, 0.35379922, 0.34902087,
         0.40873316, 0.43297723, 0.31629685, 0.3414656 ]]], dtype=float32)]