tf.Tensor(
[[[0.28140008 0.28211412 0.28185228 0.28121358 0.28144068 0.28259137
   0.2815454  0.2795412  0.2802182 ]
  [0.3079389  0.25480714 0.2824665  0.2998328  0.2989866  0.34260315
   0.34294665 0.27081022 0.2971065 ]
  [0.32541376 0.2699952  0.29638946 0.31404787 0.3112944  0.3632615
   0.3640541  0.28733936 0.31296077]
  [0.33967826 0.27874258 0.30513704 0.32532173 0.32185006 0.37677884
   0.3794193  0.2979632  0.32300454]
  [0.35167098 0.2856824  0.3118355  0.33274353 0.32905746 0.38588813
   0.3910864  0.3055446  0.32927865]
  [0.3614625  0.29076752 0.31657106 0.3378351  0.33432266 0.39363074
   0.39929625 0.30990365 0.3330473 ]
  [0.36876404 0.2945661  0.31999567 0.34186307 0.3381091  0.39893943
   0.40499792 0.3143283  0.33669093]
  [0.37478995 0.2978377  0.32220808 0.3453839  0.3401131  0.40274104
   0.41027755 0.31738392 0.3383748 ]
  [0.3797844  0.30010164 0.32361728 0.3479517  0.34207743 0.40470088
   0.41414848 0.31841144 0.33905116]
  [0.38342294 0.30227393 0.32439983 0.34914094 0.34402445 0.4064021
   0.4167916  0.31933182 0.33967832]
  [0.38499    0.3032392  0.32478666 0.34957945 0.3447086  0.40649548
   0.4192269  0.31920555 0.34033272]
  [0.38668993 0.3040835  0.32588217 0.3489423  0.34526736 0.4073217
   0.4203856  0.31846532 0.34103313]
  [0.38786408 0.305549   0.3257578  0.34930217 0.3443378  0.40670976
   0.42139435 0.318342   0.34161025]
  [0.38729206 0.30548474 0.3252768  0.34946954 0.3442269  0.4072662
   0.4226442  0.31727868 0.3423674 ]
  [0.38873854 0.30502033 0.32615602 0.3496172  0.34345666 0.40777445
   0.42405477 0.31784242 0.3430219 ]
  [0.39012086 0.30469942 0.32640135 0.34835148 0.34270903 0.40884766
   0.4248598  0.31667948 0.34304938]
  [0.3903085  0.30546737 0.32709655 0.34764618 0.34302446 0.40894514
   0.42604575 0.3161767  0.34366176]
  [0.38984707 0.3053427  0.32790413 0.34703797 0.34381163 0.4080964
   0.4264073  0.3159471  0.3440463 ]
  [0.38988024 0.30595514 0.32866383 0.34735033 0.3456765  0.40898103
   0.42726916 0.31520462 0.34361368]
  [0.38807964 0.30561835 0.32825887 0.34764764 0.34630087 0.40917113
   0.4274064  0.31539938 0.3433958 ]
  [0.38730183 0.30688748 0.3271408  0.3479416  0.34690934 0.4094614
   0.4267275  0.31542963 0.3431111 ]
  [0.38520283 0.3077106  0.3256521  0.3486984  0.3476314  0.4098616
   0.42649752 0.3150836  0.34347397]
  [0.38381037 0.30874318 0.32455847 0.34993935 0.34872863 0.40935937
   0.42804894 0.31449562 0.34496164]
  [0.38328388 0.31063154 0.3242918  0.3505922  0.3506263  0.40979105
   0.42877653 0.3131658  0.34574428]
  [0.38223198 0.31165874 0.32311112 0.35188258 0.35189915 0.41004273
   0.42881545 0.31278628 0.34595397]
  [0.3816566  0.3134285  0.3222767  0.35304356 0.35319245 0.41105297
   0.4293413  0.3131001  0.3456929 ]
  [0.38288918 0.31410977 0.32145923 0.35324195 0.35301352 0.4118509
   0.42990127 0.31339154 0.34572527]
  [0.38288262 0.315059   0.32084987 0.3526084  0.35249007 0.41280413
   0.42974845 0.31387237 0.34526393]
  [0.38254097 0.3148464  0.32028303 0.3526666  0.35206634 0.4142353
   0.42909387 0.31532    0.34548113]
  [0.38261124 0.3141822  0.31933552 0.35236728 0.3517352  0.41516298
   0.42872798 0.31560692 0.34653702]
  [0.38298807 0.3131821  0.32056564 0.35199752 0.3516498  0.41529372
   0.4288484  0.31559002 0.3471884 ]
  [0.38155678 0.31290078 0.32223466 0.351783   0.3521467  0.41637027
   0.42983496 0.31373763 0.3478221 ]]], shape=(1, 32, 9), dtype=float32)