[array([[[0.2791612 , 0.2748827 , 0.29145125, 0.28578794, 0.2745776 ,
         0.2855262 , 0.27331257, 0.27887166, 0.2711561 ],
        [0.3125005 , 0.31563255, 0.34215504, 0.32075143, 0.30953762,
         0.31298262, 0.28181332, 0.27992874, 0.2825998 ],
        [0.32406813, 0.32063198, 0.391383  , 0.36200166, 0.31449744,
         0.34538934, 0.2769241 , 0.2780562 , 0.27125418],
        [0.32773864, 0.31409794, 0.4488238 , 0.41106308, 0.3014051 ,
         0.38265547, 0.25632122, 0.2642808 , 0.24355268],
        [0.3228999 , 0.29556587, 0.5187263 , 0.4695547 , 0.27427334,
         0.42663094, 0.22388053, 0.24125127, 0.20244013],
        [0.30938226, 0.26914793, 0.5985517 , 0.54001004, 0.23585331,
         0.47617757, 0.1837704 , 0.20954493, 0.15434296],
        [0.29205623, 0.23830642, 0.6818624 , 0.616511  , 0.18886267,
         0.5311702 , 0.14064758, 0.17153822, 0.10959975],
        [0.27019206, 0.20615844, 0.76168936, 0.6931654 , 0.14178051,
         0.5890718 , 0.10096715, 0.13221775, 0.07201517],
        [0.24721286, 0.17422898, 0.8307993 , 0.7632962 , 0.09989125,
         0.644338  , 0.06961012, 0.09715489, 0.04506224],
        [0.22492063, 0.1464174 , 0.88350177, 0.8207133 , 0.06956663,
         0.69442314, 0.0478921 , 0.06968729, 0.02870738],
        [0.20485386, 0.12490601, 0.9205432 , 0.86365396, 0.04932667,
         0.7364907 , 0.03407305, 0.05079588, 0.01925066],
        [0.18897012, 0.10907565, 0.94550174, 0.8948679 , 0.03634549,
         0.7697891 , 0.02553825, 0.03807962, 0.01388077],
        [0.1762831 , 0.09830618, 0.96176183, 0.9167584 , 0.02829426,
         0.7968521 , 0.0201946 , 0.02972084, 0.01066759],
        [0.16645901, 0.0909822 , 0.9721709 , 0.93187904, 0.02316681,
         0.81754166, 0.01682136, 0.02458123, 0.00874234],
        [0.15829943, 0.08521023, 0.97898704, 0.94252133, 0.01975812,
         0.8332695 , 0.01446701, 0.02126252, 0.00748061],
        [0.15253854, 0.08114822, 0.98335594, 0.94981176, 0.01763501,
         0.8464821 , 0.01283554, 0.01897306, 0.0066808 ],
        [0.14759758, 0.07842999, 0.9862687 , 0.9549373 , 0.01595457,
         0.8559761 , 0.0116727 , 0.01736386, 0.00607315],
        [0.14408487, 0.07574462, 0.9881608 , 0.9586662 , 0.0148082 ,
         0.86320686, 0.01081639, 0.01633278, 0.00568763],
        [0.1421212 , 0.07395717, 0.98948866, 0.9612148 , 0.01394277,
         0.8696699 , 0.0101614 , 0.01546911, 0.00535873],
        [0.13928272, 0.07287273, 0.9903825 , 0.9630385 , 0.013266  ,
         0.8743559 , 0.00966661, 0.014923  , 0.00517076],
        [0.13736218, 0.07108111, 0.9910868 , 0.96460056, 0.01279382,
         0.87762237, 0.00919965, 0.0144518 , 0.0049345 ],
        [0.13645083, 0.06997277, 0.9915284 , 0.9655563 , 0.01244521,
         0.88123584, 0.0089193 , 0.01407547, 0.00483916],
        [0.13527708, 0.06922086, 0.99189025, 0.96630055, 0.01209293,
         0.88355577, 0.00869935, 0.01387415, 0.00474242],
        [0.13397421, 0.06843308, 0.9921376 , 0.9669249 , 0.01188903,
         0.8857108 , 0.0084266 , 0.01370918, 0.00468259],
        [0.1330426 , 0.06754685, 0.9924067 , 0.9674583 , 0.01168806,
         0.88775766, 0.00825797, 0.01358903, 0.00458185],
        [0.13200638, 0.06690492, 0.99258363, 0.96779794, 0.01152844,
         0.88884526, 0.00806995, 0.01353811, 0.00450882],
        [0.1321948 , 0.06682357, 0.99269617, 0.9679583 , 0.01146293,
         0.89099413, 0.00801733, 0.01342918, 0.00446001],
        [0.13155983, 0.06626651, 0.992835  , 0.96825516, 0.01133035,
         0.8916921 , 0.00791713, 0.01338954, 0.00437606],
        [0.13077094, 0.06572165, 0.99294746, 0.9686109 , 0.01120913,
         0.8925676 , 0.00782635, 0.01323713, 0.00431626],
        [0.12994859, 0.06499767, 0.9930374 , 0.9688104 , 0.01114125,
         0.89326334, 0.0077459 , 0.01329308, 0.00430806],
        [0.12959918, 0.0650098 , 0.99316585, 0.9691966 , 0.01111832,
         0.8934024 , 0.00766091, 0.01331712, 0.00428076],
        [0.12931758, 0.06443841, 0.99323714, 0.96906996, 0.01108954,
         0.89450836, 0.00764515, 0.01322643, 0.00421074]]], dtype=float32), array([[[2.75670946e-01, 2.76721746e-01, 2.95502990e-01, 2.82329917e-01,
         2.69442499e-01, 2.78593719e-01, 2.70158142e-01, 2.73142695e-01,
         2.68422782e-01],
        [2.94866562e-01, 3.12935799e-01, 3.83961231e-01, 3.09923500e-01,
         2.68427134e-01, 2.80109584e-01, 2.50036031e-01, 2.45772988e-01,
         2.48530746e-01],
        [2.80990571e-01, 3.07264000e-01, 5.13538718e-01, 3.38258356e-01,
         2.01614544e-01, 2.59284437e-01, 1.93099514e-01, 1.89420223e-01,
         1.84463516e-01],
        [2.37599671e-01, 2.79317319e-01, 6.87504530e-01, 3.63934904e-01,
         9.82216671e-02, 1.93837270e-01, 1.05280861e-01, 1.02525733e-01,
         9.31276828e-02],
        [1.76416501e-01, 2.41350278e-01, 8.37105811e-01, 3.83487552e-01,
         2.78529115e-02, 1.00653060e-01, 3.81719172e-02, 3.48375142e-02,
         3.12094335e-02],
        [1.19237363e-01, 2.07979277e-01, 9.24453855e-01, 3.92124146e-01,
         6.40665740e-03, 3.47865708e-02, 1.14927925e-02, 9.17228218e-03,
         9.14133713e-03],
        [8.28709677e-02, 1.90750629e-01, 9.66369569e-01, 3.89225453e-01,
         2.05795886e-03, 1.15430579e-02, 4.45838692e-03, 3.09917191e-03,
         3.59471003e-03],
        [6.50266036e-02, 1.84885114e-01, 9.85093415e-01, 3.85117173e-01,
         1.06977241e-03, 5.04248543e-03, 2.58491212e-03, 1.61445211e-03,
         2.09024502e-03],
        [5.64601459e-02, 1.84411630e-01, 9.93145704e-01, 3.82592559e-01,
         7.66752986e-04, 2.98673753e-03, 1.98729616e-03, 1.15693419e-03,
         1.57116819e-03],
        [5.22932820e-02, 1.85889885e-01, 9.96558309e-01, 3.83108079e-01,
         6.56455522e-04, 2.17869878e-03, 1.74036331e-03, 9.72208916e-04,
         1.36133365e-03],
        [4.99498807e-02, 1.86949208e-01, 9.97995079e-01, 3.85103643e-01,
         6.04347326e-04, 1.80574448e-03, 1.62015727e-03, 8.84026580e-04,
         1.26026396e-03],
        [4.92618233e-02, 1.88757390e-01, 9.98589754e-01, 3.87647361e-01,
         5.79501328e-04, 1.61966367e-03, 1.58415060e-03, 8.46058945e-04,
         1.20674924e-03],
        [4.86614555e-02, 1.89960271e-01, 9.98840630e-01, 3.91074002e-01,
         5.67187963e-04, 1.52269320e-03, 1.57140766e-03, 8.16390559e-04,
         1.17350311e-03],
        [4.86278087e-02, 1.91323906e-01, 9.98946011e-01, 3.93814653e-01,
         5.62496425e-04, 1.47977064e-03, 1.54474587e-03, 8.07671691e-04,
         1.16137729e-03],
        [4.83627170e-02, 1.91681951e-01, 9.98987913e-01, 3.95750642e-01,
         5.60819230e-04, 1.45002094e-03, 1.54500757e-03, 7.96896289e-04,
         1.15047896e-03],
        [4.83120605e-02, 1.91454887e-01, 9.99010563e-01, 3.97885174e-01,
         5.57394116e-04, 1.43279880e-03, 1.55303557e-03, 7.90692575e-04,
         1.14064058e-03],
        [4.82327603e-02, 1.92641407e-01, 9.99017715e-01, 3.99833709e-01,
         5.54471044e-04, 1.40763598e-03, 1.54107052e-03, 7.82141578e-04,
         1.13231665e-03],
        [4.81586382e-02, 1.92753151e-01, 9.99023557e-01, 4.01111186e-01,
         5.56481886e-04, 1.40842015e-03, 1.54432189e-03, 7.82157818e-04,
         1.13124854e-03],
        [4.82434332e-02, 1.93092003e-01, 9.99029279e-01, 4.02815402e-01,
         5.51053497e-04, 1.39427942e-03, 1.52913434e-03, 7.74292275e-04,
         1.12069666e-03],
        [4.81156297e-02, 1.93375498e-01, 9.99027014e-01, 4.03694600e-01,
         5.52783953e-04, 1.38371426e-03, 1.53217907e-03, 7.75029126e-04,
         1.11721957e-03],
        [4.81224246e-02, 1.94275722e-01, 9.99030411e-01, 4.05415446e-01,
         5.51479287e-04, 1.38351554e-03, 1.53509632e-03, 7.74094544e-04,
         1.12090819e-03],
        [4.80223075e-02, 1.94116578e-01, 9.99026775e-01, 4.05019641e-01,
         5.53474994e-04, 1.38300273e-03, 1.53600832e-03, 7.71888415e-04,
         1.11977570e-03],
        [4.82068583e-02, 1.93874925e-01, 9.99022305e-01, 4.06278431e-01,
         5.51892794e-04, 1.37650419e-03, 1.53675070e-03, 7.68204976e-04,
         1.11625274e-03],
        [4.81374189e-02, 1.94215700e-01, 9.99020576e-01, 4.07337546e-01,
         5.52934071e-04, 1.38320273e-03, 1.53610553e-03, 7.70947197e-04,
         1.12104276e-03],
        [4.81355600e-02, 1.94105029e-01, 9.99022722e-01, 4.07624125e-01,
         5.53015678e-04, 1.37676054e-03, 1.54122268e-03, 7.72007857e-04,
         1.12029898e-03],
        [4.82879505e-02, 1.94405422e-01, 9.99020100e-01, 4.07842427e-01,
         5.51429519e-04, 1.38304138e-03, 1.54860807e-03, 7.73460371e-04,
         1.12175930e-03],
        [4.81325313e-02, 1.94803253e-01, 9.99023080e-01, 4.07920837e-01,
         5.51847450e-04, 1.37277227e-03, 1.52963970e-03, 7.70248589e-04,
         1.12104090e-03],
        [4.81682979e-02, 1.94239363e-01, 9.99023438e-01, 4.08310026e-01,
         5.51495817e-04, 1.38467061e-03, 1.53452135e-03, 7.69243925e-04,
         1.11592980e-03],
        [4.81430814e-02, 1.94595575e-01, 9.99019623e-01, 4.09498960e-01,
         5.51531033e-04, 1.37998734e-03, 1.53809355e-03, 7.71603372e-04,
         1.11862004e-03],
        [4.80296388e-02, 1.94340155e-01, 9.99023199e-01, 4.09197301e-01,
         5.51638950e-04, 1.38403568e-03, 1.53655151e-03, 7.71782303e-04,
         1.11460581e-03],
        [4.79672812e-02, 1.94357410e-01, 9.99022603e-01, 4.09915030e-01,
         5.51591103e-04, 1.38250110e-03, 1.53197977e-03, 7.70347251e-04,
         1.11207110e-03],
        [4.80784960e-02, 1.93814188e-01, 9.99018729e-01, 4.09749329e-01,
         5.52895246e-04, 1.38032227e-03, 1.53662381e-03, 7.66916433e-04,
         1.11694098e-03]]], dtype=float32), array([[[2.73002476e-01, 2.79543698e-01, 3.10412645e-01, 2.68921673e-01,
         2.52809614e-01, 2.64776081e-01, 2.55572110e-01, 2.59934187e-01,
         2.52246976e-01],
        [2.86116362e-01, 3.37431878e-01, 4.46729302e-01, 2.39533141e-01,
         2.01005042e-01, 2.18977958e-01, 1.97153091e-01, 1.92491621e-01,
         1.94543481e-01],
        [2.54216552e-01, 3.96131605e-01, 6.71385169e-01, 1.37472808e-01,
         6.60042018e-02, 1.05398409e-01, 8.22011828e-02, 7.55452514e-02,
         7.64526203e-02],
        [1.91395298e-01, 5.32740951e-01, 8.55145276e-01, 3.09019648e-02,
         6.50923327e-03, 1.79312006e-02, 1.33725069e-02, 9.84350871e-03,
         1.17477234e-02],
        [1.42118827e-01, 6.97348237e-01, 9.38876271e-01, 5.16473595e-03,
         8.71055468e-04, 2.80166045e-03, 2.56873481e-03, 1.42161991e-03,
         2.29676510e-03],
        [1.22080922e-01, 7.99830258e-01, 9.74731326e-01, 1.78689486e-03,
         3.63455270e-04, 1.08864973e-03, 1.18964852e-03, 5.62982110e-04,
         1.11013395e-03],
        [1.15633622e-01, 8.57589185e-01, 9.89467680e-01, 1.16470049e-03,
         2.76915787e-04, 7.85379671e-04, 9.26664914e-04, 4.12779802e-04,
         8.75912141e-04],
        [1.13619760e-01, 8.92370701e-01, 9.95363057e-01, 9.96898278e-04,
         2.55086838e-04, 7.01150333e-04, 8.52700090e-04, 3.69561283e-04,
         8.07082397e-04],
        [1.12586848e-01, 9.14108634e-01, 9.97694612e-01, 9.42790881e-04,
         2.50398094e-04, 6.80899946e-04, 8.32047837e-04, 3.55489668e-04,
         7.83928146e-04],
        [1.12507664e-01, 9.27952647e-01, 9.98617232e-01, 9.28300258e-04,
         2.48726108e-04, 6.70160574e-04, 8.25356459e-04, 3.49219219e-04,
         7.73580512e-04],
        [1.12283215e-01, 9.37164664e-01, 9.98980463e-01, 9.22459119e-04,
         2.48064520e-04, 6.60376623e-04, 8.18632368e-04, 3.44949454e-04,
         7.68231461e-04],
        [1.12208351e-01, 9.43232417e-01, 9.99123514e-01, 9.24057385e-04,
         2.48166441e-04, 6.58427540e-04, 8.20579124e-04, 3.43629334e-04,
         7.68784143e-04],
        [1.12206213e-01, 9.47333038e-01, 9.99181747e-01, 9.23561573e-04,
         2.47702119e-04, 6.59836631e-04, 8.26475152e-04, 3.43577092e-04,
         7.64767639e-04],
        [1.12086944e-01, 9.50249553e-01, 9.99205828e-01, 9.22781241e-04,
         2.48506636e-04, 6.58986450e-04, 8.21409514e-04, 3.41867912e-04,
         7.64349359e-04],
        [1.12287082e-01, 9.52013195e-01, 9.99211848e-01, 9.27057350e-04,
         2.48252414e-04, 6.61746832e-04, 8.23873968e-04, 3.43082385e-04,
         7.64764263e-04],
        [1.12217076e-01, 9.53708470e-01, 9.99222517e-01, 9.19942919e-04,
         2.47741904e-04, 6.57965546e-04, 8.17933120e-04, 3.39756138e-04,
         7.62579031e-04],
        [1.12125635e-01, 9.54593897e-01, 9.99221146e-01, 9.21647705e-04,
         2.48041120e-04, 6.57583645e-04, 8.18468397e-04, 3.40941100e-04,
         7.62503478e-04],
        [1.12280428e-01, 9.55345213e-01, 9.99226272e-01, 9.20805498e-04,
         2.47608114e-04, 6.56472926e-04, 8.14607833e-04, 3.39892227e-04,
         7.62075244e-04],
        [1.12412386e-01, 9.55767334e-01, 9.99222159e-01, 9.23467916e-04,
         2.48594122e-04, 6.58655015e-04, 8.23654700e-04, 3.41195351e-04,
         7.64997443e-04],
        [1.12014122e-01, 9.56349671e-01, 9.99227524e-01, 9.17362922e-04,
         2.48546945e-04, 6.50436152e-04, 8.12050130e-04, 3.38600803e-04,
         7.60864874e-04],
        [1.11869961e-01, 9.56698298e-01, 9.99225914e-01, 9.17008729e-04,
         2.47994554e-04, 6.54734438e-04, 8.14475992e-04, 3.39251594e-04,
         7.61159579e-04],
        [1.12065554e-01, 9.56751823e-01, 9.99222159e-01, 9.26460081e-04,
         2.48011260e-04, 6.55473559e-04, 8.19112174e-04, 3.40927771e-04,
         7.65072531e-04],
        [1.12218700e-01, 9.56969857e-01, 9.99225378e-01, 9.20289254e-04,
         2.47814663e-04, 6.53666444e-04, 8.15138803e-04, 3.39187769e-04,
         7.60630937e-04],
        [1.12181723e-01, 9.57148790e-01, 9.99221206e-01, 9.24589229e-04,
         2.48397468e-04, 6.59479294e-04, 8.24165880e-04, 3.40420491e-04,
         7.61658652e-04],
        [1.12101726e-01, 9.57224786e-01, 9.99226511e-01, 9.20918537e-04,
         2.48083757e-04, 6.57800352e-04, 8.19423294e-04, 3.39233200e-04,
         7.61016738e-04],
        [1.12255357e-01, 9.57227826e-01, 9.99224544e-01, 9.22870298e-04,
         2.48501921e-04, 6.56856806e-04, 8.18294473e-04, 3.40847968e-04,
         7.61492527e-04],
        [1.11953318e-01, 9.57311392e-01, 9.99223590e-01, 9.25033994e-04,
         2.48622877e-04, 6.57445053e-04, 8.21628957e-04, 3.40910308e-04,
         7.61471572e-04],
        [1.11756213e-01, 9.57445562e-01, 9.99223411e-01, 9.20189603e-04,
         2.49369361e-04, 6.56420249e-04, 8.17448134e-04, 3.40689032e-04,
         7.63134856e-04],
        [1.12441547e-01, 9.57534969e-01, 9.99224544e-01, 9.25172470e-04,
         2.47428106e-04, 6.56054995e-04, 8.19460722e-04, 3.40360537e-04,
         7.62194803e-04],
        [1.12001784e-01, 9.57546353e-01, 9.99226332e-01, 9.20023478e-04,
         2.48501863e-04, 6.59378129e-04, 8.19814450e-04, 3.40207189e-04,
         7.58404261e-04],
        [1.12267740e-01, 9.57557917e-01, 9.99223709e-01, 9.25183762e-04,
         2.48384429e-04, 6.57359313e-04, 8.21253692e-04, 3.41348263e-04,
         7.62832002e-04],
        [1.11887716e-01, 9.57655132e-01, 9.99223828e-01, 9.19387618e-04,
         2.49189034e-04, 6.56857737e-04, 8.12139071e-04, 3.40329629e-04,
         7.62545620e-04]]], dtype=float32), array([[[2.79776067e-01, 3.08969736e-01, 3.79845142e-01, 2.13524908e-01,
         1.76748112e-01, 2.09982902e-01, 1.91588223e-01, 1.95353732e-01,
         1.89911067e-01],
        [3.42017651e-01, 5.29022872e-01, 6.76884592e-01, 4.31748927e-02,
         2.11010091e-02, 4.17713299e-02, 3.22765335e-02, 2.86729969e-02,
         3.42405960e-02],
        [4.34751838e-01, 7.75731087e-01, 8.56911480e-01, 1.80564472e-03,
         6.90666900e-04, 2.56820233e-03, 1.93506619e-03, 1.38240214e-03,
         2.39449111e-03],
        [4.80450600e-01, 8.90308261e-01, 9.38596308e-01, 2.68999196e-04,
         1.52468609e-04, 6.45602297e-04, 4.62285680e-04, 3.28304741e-04,
         6.58010133e-04],
        [4.87397224e-01, 9.45088625e-01, 9.74362910e-01, 1.61706994e-04,
         1.10423360e-04, 4.68028331e-04, 3.21409199e-04, 2.42183974e-04,
         4.71884501e-04],
        [4.86121416e-01, 9.71603513e-01, 9.89046156e-01, 1.46771155e-04,
         1.04420098e-04, 4.42260323e-04, 3.03508627e-04, 2.31087382e-04,
         4.39280499e-04],
        [4.83978093e-01, 9.84268665e-01, 9.94910836e-01, 1.43700338e-04,
         1.02871803e-04, 4.35840018e-04, 2.98361847e-04, 2.27824246e-04,
         4.30941553e-04],
        [4.82287318e-01, 9.90303874e-01, 9.97227669e-01, 1.42654942e-04,
         1.02406790e-04, 4.35188093e-04, 2.97531777e-04, 2.27358294e-04,
         4.28134168e-04],
        [4.81096148e-01, 9.93223131e-01, 9.98137057e-01, 1.42365927e-04,
         1.02391132e-04, 4.34183778e-04, 2.96317652e-04, 2.26714925e-04,
         4.27148450e-04],
        [4.80383486e-01, 9.94631767e-01, 9.98495519e-01, 1.42515186e-04,
         1.02465492e-04, 4.34302259e-04, 2.96825310e-04, 2.27535158e-04,
         4.27482883e-04],
        [4.79870260e-01, 9.95346367e-01, 9.98640239e-01, 1.42233708e-04,
         1.01958278e-04, 4.33872454e-04, 2.95359496e-04, 2.26504431e-04,
         4.26576560e-04],
        [4.79588389e-01, 9.95703995e-01, 9.98694420e-01, 1.42569421e-04,
         1.02166974e-04, 4.33238514e-04, 2.96135928e-04, 2.26668330e-04,
         4.27024846e-04],
        [4.79409546e-01, 9.95883703e-01, 9.98718619e-01, 1.42350473e-04,
         1.02017773e-04, 4.34223970e-04, 2.95358594e-04, 2.26697681e-04,
         4.26365616e-04],
        [4.79272157e-01, 9.95980859e-01, 9.98727322e-01, 1.42088669e-04,
         1.02062419e-04, 4.34628921e-04, 2.95522041e-04, 2.26847187e-04,
         4.26067418e-04],
        [4.79253829e-01, 9.96025324e-01, 9.98729706e-01, 1.43087440e-04,
         1.01913371e-04, 4.34596266e-04, 2.96629558e-04, 2.27219993e-04,
         4.26338636e-04],
        [4.79176134e-01, 9.96059060e-01, 9.98732328e-01, 1.42240417e-04,
         1.02136983e-04, 4.32664849e-04, 2.95223726e-04, 2.26204837e-04,
         4.26827464e-04],
        [4.79151249e-01, 9.96073663e-01, 9.98733222e-01, 1.42435922e-04,
         1.02062309e-04, 4.33758192e-04, 2.95104081e-04, 2.27055338e-04,
         4.26557468e-04],
        [4.79072928e-01, 9.96087611e-01, 9.98734355e-01, 1.41755649e-04,
         1.02017519e-04, 4.34010202e-04, 2.94399681e-04, 2.25682423e-04,
         4.25016304e-04],
        [4.79072124e-01, 9.96097863e-01, 9.98733699e-01, 1.42057354e-04,
         1.02002603e-04, 4.34055226e-04, 2.95057602e-04, 2.26279502e-04,
         4.25152772e-04],
        [4.79094088e-01, 9.96088505e-01, 9.98733163e-01, 1.42347431e-04,
         1.01868398e-04, 4.34025947e-04, 2.95058533e-04, 2.27070690e-04,
         4.26706887e-04],
        [4.79067534e-01, 9.96093571e-01, 9.98734474e-01, 1.42228178e-04,
         1.01972808e-04, 4.33862297e-04, 2.94460275e-04, 2.26697142e-04,
         4.26557614e-04],
        [4.79064345e-01, 9.96097207e-01, 9.98735070e-01, 1.41907265e-04,
         1.02017446e-04, 4.33320383e-04, 2.93758087e-04, 2.26577409e-04,
         4.26089711e-04],
        [4.79036152e-01, 9.96093988e-01, 9.98733997e-01, 1.42107325e-04,
         1.02017540e-04, 4.33472713e-04, 2.94325524e-04, 2.26711578e-04,
         4.27045685e-04],
        [4.79114503e-01, 9.96084511e-01, 9.98731256e-01, 1.43029785e-04,
         1.02077305e-04, 4.35298803e-04, 2.95462989e-04, 2.28174758e-04,
         4.27334860e-04],
        [4.79004949e-01, 9.96086895e-01, 9.98733997e-01, 1.42861580e-04,
         1.02077203e-04, 4.34370158e-04, 2.95701844e-04, 2.27159951e-04,
         4.26930055e-04],
        [4.79090631e-01, 9.96086836e-01, 9.98734474e-01, 1.42877485e-04,
         1.01778962e-04, 4.33185429e-04, 2.95343634e-04, 2.27338765e-04,
         4.26495506e-04],
        [4.79048342e-01, 9.96088922e-01, 9.98733282e-01, 1.42589852e-04,
         1.02032369e-04, 4.33051202e-04, 2.95059464e-04, 2.27040524e-04,
         4.27138177e-04],
        [4.78919595e-01, 9.96110022e-01, 9.98737335e-01, 1.41857585e-04,
         1.01718957e-04, 4.32152359e-04, 2.93384917e-04, 2.25741023e-04,
         4.25859558e-04],
        [4.79098111e-01, 9.96097445e-01, 9.98737872e-01, 1.42189354e-04,
         1.01748912e-04, 4.33575333e-04, 2.94236263e-04, 2.26621574e-04,
         4.26312909e-04],
        [4.78995323e-01, 9.96094346e-01, 9.98736024e-01, 1.41887067e-04,
         1.01868180e-04, 4.33047710e-04, 2.93684046e-04, 2.26323085e-04,
         4.25816164e-04],
        [4.78954583e-01, 9.96099710e-01, 9.98732805e-01, 1.42328659e-04,
         1.02032245e-04, 4.33994661e-04, 2.94416415e-04, 2.27263881e-04,
         4.26716317e-04],
        [4.79033649e-01, 9.96093035e-01, 9.98735130e-01, 1.42255216e-04,
         1.01853395e-04, 4.33303561e-04, 2.93968158e-04, 2.26890625e-04,
         4.26325307e-04]]], dtype=float32), array([[[3.21197242e-01, 3.36765975e-01, 3.85067165e-01, 1.74155653e-01,
         1.36329204e-01, 1.72472984e-01, 1.56661898e-01, 1.59684911e-01,
         1.67577803e-01],
        [5.43054104e-01, 6.65729821e-01, 6.92966461e-01, 8.35316535e-03,
         3.23823676e-03, 8.97458475e-03, 6.74108602e-03, 5.95855806e-03,
         1.12416232e-02],
        [6.46731734e-01, 8.53862047e-01, 8.49602461e-01, 2.96681596e-04,
         1.10402478e-04, 4.86996374e-04, 3.45120759e-04, 3.07326787e-04,
         7.62472861e-04],
        [6.87242210e-01, 9.33523297e-01, 9.28934395e-01, 1.27521693e-04,
         5.16291475e-05, 2.24396761e-04, 1.69307241e-04, 1.55595655e-04,
         3.54230084e-04],
        [7.18555391e-01, 9.69827354e-01, 9.67118919e-01, 1.14537208e-04,
         4.58799550e-05, 1.97227811e-04, 1.56414200e-04, 1.41365803e-04,
         3.08202201e-04],
        [7.44065225e-01, 9.85686719e-01, 9.84282136e-01, 1.14023023e-04,
         4.47966995e-05, 1.93067652e-04, 1.56689552e-04, 1.40170785e-04,
         3.01931461e-04],
        [7.64702082e-01, 9.92531240e-01, 9.91745293e-01, 1.14289971e-04,
         4.46844824e-05, 1.92555628e-04, 1.57704606e-04, 1.40423785e-04,
         3.00660526e-04],
        [7.81355798e-01, 9.95490909e-01, 9.94947612e-01, 1.14593699e-04,
         4.46046979e-05, 1.91868297e-04, 1.58258321e-04, 1.40826291e-04,
         3.01166408e-04],
        [7.94902802e-01, 9.96788561e-01, 9.96314585e-01, 1.15003917e-04,
         4.47614475e-05, 1.91987725e-04, 1.58945491e-04, 1.41572091e-04,
         3.01469001e-04],
        [8.05893898e-01, 9.97368515e-01, 9.96903718e-01, 1.14809838e-04,
         4.46680315e-05, 1.91802872e-04, 1.58930896e-04, 1.41363082e-04,
         3.00184241e-04],
        [8.14883173e-01, 9.97630835e-01, 9.97147501e-01, 1.15041970e-04,
         4.46048543e-05, 1.91337473e-04, 1.59275616e-04, 1.41914803e-04,
         3.01275257e-04],
        [8.22273910e-01, 9.97753501e-01, 9.97257471e-01, 1.14972972e-04,
         4.46128070e-05, 1.90977764e-04, 1.59320203e-04, 1.41914759e-04,
         3.00544256e-04],
        [8.28476429e-01, 9.97812986e-01, 9.97301161e-01, 1.15247807e-04,
         4.45903352e-05, 1.91559826e-04, 1.59753792e-04, 1.42377234e-04,
         3.00458370e-04],
        [8.33607316e-01, 9.97841060e-01, 9.97321069e-01, 1.15253511e-04,
         4.46373670e-05, 1.91230676e-04, 1.59709249e-04, 1.42138597e-04,
         3.00100277e-04],
        [8.37810636e-01, 9.97855067e-01, 9.97326970e-01, 1.15212351e-04,
         4.46028716e-05, 1.90976352e-04, 1.59754112e-04, 1.42406803e-04,
         2.99816340e-04],
        [8.41354489e-01, 9.97862399e-01, 9.97329831e-01, 1.15369716e-04,
         4.46895210e-05, 1.91454194e-04, 1.59889154e-04, 1.42705263e-04,
         3.00745101e-04],
        [8.44397187e-01, 9.97863650e-01, 9.97335613e-01, 1.15686540e-04,
         4.46334889e-05, 1.91558880e-04, 1.60307492e-04, 1.43018420e-04,
         3.00656480e-04],
        [8.46908033e-01, 9.97865498e-01, 9.97338176e-01, 1.15733419e-04,
         4.46495869e-05, 1.91409170e-04, 1.60382027e-04, 1.43570083e-04,
         3.00597632e-04],
        [8.49006414e-01, 9.97870743e-01, 9.97336388e-01, 1.15587158e-04,
         4.46011582e-05, 1.90751452e-04, 1.59949472e-04, 1.42928839e-04,
         3.00297426e-04],
        [8.50786328e-01, 9.97870684e-01, 9.97335613e-01, 1.15648370e-04,
         4.47004932e-05, 1.91543077e-04, 1.60382639e-04, 1.43406229e-04,
         3.01001448e-04],
        [8.52267146e-01, 9.97871041e-01, 9.97337580e-01, 1.15573588e-04,
         4.46756494e-05, 1.91259518e-04, 1.60352341e-04, 1.43391211e-04,
         3.00255488e-04],
        [8.53565574e-01, 9.97873425e-01, 9.97337937e-01, 1.15695293e-04,
         4.46135746e-05, 1.91394167e-04, 1.60352924e-04, 1.43301702e-04,
         2.99956475e-04],
        [8.54686379e-01, 9.97875094e-01, 9.97334838e-01, 1.15786330e-04,
         4.46279228e-05, 1.91304876e-04, 1.60561845e-04, 1.43256999e-04,
         3.00137792e-04],
        [8.55581999e-01, 9.97874379e-01, 9.97336626e-01, 1.15773015e-04,
         4.45715195e-05, 1.90946128e-04, 1.60278709e-04, 1.43525234e-04,
         3.00524727e-04],
        [8.56312871e-01, 9.97879386e-01, 9.97336209e-01, 1.15381183e-04,
         4.46142840e-05, 1.90975770e-04, 1.60292795e-04, 1.43271944e-04,
         2.99689302e-04],
        [8.56981874e-01, 9.97875273e-01, 9.97335970e-01, 1.15517025e-04,
         4.46583144e-05, 1.90945473e-04, 1.60486758e-04, 1.43316647e-04,
         3.00016603e-04],
        [8.57546687e-01, 9.97873545e-01, 9.97337639e-01, 1.15726951e-04,
         4.45891237e-05, 1.91513172e-04, 1.60651369e-04, 1.43793877e-04,
         3.00196902e-04],
        [8.57997775e-01, 9.97877061e-01, 9.97336209e-01, 1.15458053e-04,
         4.46634294e-05, 1.91094805e-04, 1.60442170e-04, 1.43137760e-04,
         2.99762818e-04],
        [8.58389318e-01, 9.97878313e-01, 9.97334242e-01, 1.15686096e-04,
         4.46325976e-05, 1.91139712e-04, 1.60383075e-04, 1.43570083e-04,
         3.00242595e-04],
        [8.58750403e-01, 9.97877955e-01, 9.97334480e-01, 1.15760835e-04,
         4.46929917e-05, 1.91588275e-04, 1.60621465e-04, 1.43570258e-04,
         3.00378364e-04],
        [8.59040380e-01, 9.97876585e-01, 9.97333765e-01, 1.15836105e-04,
         4.47050152e-05, 1.91364132e-04, 1.60696218e-04, 1.43436104e-04,
         3.00198590e-04],
        [8.59265924e-01, 9.97877061e-01, 9.97334898e-01, 1.15655705e-04,
         4.46729427e-05, 1.91154395e-04, 1.60323296e-04, 1.43570011e-04,
         3.00092070e-04]]], dtype=float32), array([[[3.77784938e-01, 3.63514930e-01, 3.79879117e-01, 1.35612875e-01,
         9.21140164e-02, 1.31849736e-01, 1.17709376e-01, 1.19501717e-01,
         1.46062419e-01],
        [6.84592128e-01, 7.05766022e-01, 6.31063342e-01, 3.84601136e-03,
         1.09831174e-03, 3.74639453e-03, 2.84482259e-03, 2.59087002e-03,
         9.03109461e-03],
        [8.32434237e-01, 8.70441496e-01, 7.69704640e-01, 2.02590731e-04,
         4.44128127e-05, 2.25492433e-04, 1.48371400e-04, 1.53679386e-04,
         7.14294787e-04],
        [9.13734853e-01, 9.42458093e-01, 8.58052671e-01, 1.24337152e-04,
         2.43420072e-05, 1.24422877e-04, 8.82640161e-05, 9.57507145e-05,
         3.96648393e-04],
        [9.56810832e-01, 9.74564612e-01, 9.15310264e-01, 1.20016855e-04,
         2.21885293e-05, 1.14487484e-04, 8.46516850e-05, 9.25118075e-05,
         3.68975714e-04],
        [9.78273213e-01, 9.88246322e-01, 9.49569702e-01, 1.19971322e-04,
         2.16274912e-05, 1.13131733e-04, 8.50687502e-05, 9.26155335e-05,
         3.65057262e-04],
        [9.88757372e-01, 9.93989229e-01, 9.69021261e-01, 1.20243159e-04,
         2.14020474e-05, 1.12991009e-04, 8.54570462e-05, 9.30177484e-05,
         3.65017971e-04],
        [9.93883789e-01, 9.96400774e-01, 9.79745746e-01, 1.20613571e-04,
         2.12903651e-05, 1.13138602e-04, 8.56064580e-05, 9.33157789e-05,
         3.65279353e-04],
        [9.96410310e-01, 9.97419834e-01, 9.85573709e-01, 1.20601457e-04,
         2.12643135e-05, 1.13341936e-04, 8.57408304e-05, 9.33604606e-05,
         3.65382410e-04],
        [9.97673631e-01, 9.97856617e-01, 9.88718212e-01, 1.20820805e-04,
         2.11799106e-05, 1.13295289e-04, 8.57708219e-05, 9.35243588e-05,
         3.65394750e-04],
        [9.98312175e-01, 9.98045087e-01, 9.90405738e-01, 1.20818855e-04,
         2.11645274e-05, 1.13309601e-04, 8.58752828e-05, 9.35690696e-05,
         3.65424348e-04],
        [9.98638928e-01, 9.98128057e-01, 9.91322696e-01, 1.20712939e-04,
         2.11603310e-05, 1.13353963e-04, 8.58454878e-05, 9.35094213e-05,
         3.64541571e-04],
        [9.98810828e-01, 9.98163879e-01, 9.91817117e-01, 1.20743374e-04,
         2.11116876e-05, 1.12995665e-04, 8.59052379e-05, 9.34199270e-05,
         3.64404666e-04],
        [9.98901606e-01, 9.98180389e-01, 9.92083728e-01, 1.20742443e-04,
         2.11201677e-05, 1.13279115e-04, 8.58605126e-05, 9.35690041e-05,
         3.64555191e-04],
        [9.98951077e-01, 9.98188138e-01, 9.92223561e-01, 1.20847100e-04,
         2.11093502e-05, 1.13159869e-04, 8.58605199e-05, 9.35540884e-05,
         3.64615320e-04],
        [9.98978734e-01, 9.98188555e-01, 9.92307425e-01, 1.20862358e-04,
         2.11246625e-05, 1.13160058e-04, 8.58604544e-05, 9.35839198e-05,
         3.65199434e-04],
        [9.98992383e-01, 9.98190999e-01, 9.92352128e-01, 1.20787467e-04,
         2.11046663e-05, 1.13130031e-04, 8.58605636e-05, 9.35690041e-05,
         3.64840089e-04],
        [9.99001503e-01, 9.98191655e-01, 9.92372155e-01, 1.20877063e-04,
         2.11260503e-05, 1.13159978e-04, 8.58604471e-05, 9.36137221e-05,
         3.65184096e-04],
        [9.99005556e-01, 9.98192668e-01, 9.92382586e-01, 1.20831755e-04,
         2.11185379e-05, 1.13160044e-04, 8.58903295e-05, 9.34944765e-05,
         3.64750682e-04],
        [9.99007344e-01, 9.98196483e-01, 9.92388606e-01, 1.20577119e-04,
         2.10793714e-05, 1.13144859e-04, 8.58603962e-05, 9.34050258e-05,
         3.63821542e-04],
        [9.99007106e-01, 9.98196244e-01, 9.92407978e-01, 1.20381876e-04,
         2.10757553e-05, 1.12935653e-04, 8.58454732e-05, 9.31814066e-05,
         3.62488703e-04],
        [9.99009728e-01, 9.98194098e-01, 9.92403388e-01, 1.20622222e-04,
         2.10984235e-05, 1.13189439e-04, 8.58754283e-05, 9.35689823e-05,
         3.64388776e-04],
        [9.99011040e-01, 9.98193026e-01, 9.92403328e-01, 1.20681922e-04,
         2.10975631e-05, 1.13055394e-04, 8.58903513e-05, 9.35242788e-05,
         3.64389969e-04],
        [9.99010980e-01, 9.98192191e-01, 9.92396057e-01, 1.20712408e-04,
         2.11343522e-05, 1.13249465e-04, 8.58306958e-05, 9.35391945e-05,
         3.65198677e-04],
        [9.99011278e-01, 9.98193741e-01, 9.92399812e-01, 1.20696779e-04,
         2.11309489e-05, 1.13249560e-04, 8.58902204e-05, 9.33752599e-05,
         3.64301901e-04],
        [9.99010742e-01, 9.98193383e-01, 9.92400825e-01, 1.20681922e-04,
         2.11330844e-05, 1.13279311e-04, 8.59201755e-05, 9.35839125e-05,
         3.64689826e-04],
        [9.99011993e-01, 9.98193383e-01, 9.92402554e-01, 1.20742116e-04,
         2.11218376e-05, 1.13130074e-04, 8.58156563e-05, 9.34944765e-05,
         3.64615116e-04],
        [9.99012291e-01, 9.98191476e-01, 9.92401183e-01, 1.20862300e-04,
         2.11334900e-05, 1.13264425e-04, 8.58307249e-05, 9.35988282e-05,
         3.65035172e-04],
        [9.99012113e-01, 9.98193622e-01, 9.92398500e-01, 1.20860968e-04,
         2.11087681e-05, 1.13219750e-04, 8.58455096e-05, 9.35243152e-05,
         3.64660955e-04],
        [9.99012470e-01, 9.98191774e-01, 9.92396116e-01, 1.20876204e-04,
         2.11380266e-05, 1.13354028e-04, 8.59052889e-05, 9.37031655e-05,
         3.65095999e-04],
        [9.99010742e-01, 9.98193979e-01, 9.92403388e-01, 1.20592420e-04,
         2.10769813e-05, 1.12861359e-04, 8.58306448e-05, 9.34347772e-05,
         3.64029489e-04],
        [9.99012589e-01, 9.98191535e-01, 9.92396832e-01, 1.20936667e-04,
         2.11491169e-05, 1.13354043e-04, 8.58754138e-05, 9.36882861e-05,
         3.65483924e-04]]], dtype=float32), array([[[5.89657307e-01, 5.10518134e-01, 4.17123705e-01, 2.15732381e-02,
         6.45666244e-03, 1.79889668e-02, 1.33283883e-02, 1.31757632e-02,
         4.58505452e-02],
        [8.19480419e-01, 7.85972059e-01, 5.46626031e-01, 3.15365469e-04,
         4.44092766e-05, 2.47678341e-04, 1.45118582e-04, 1.56933937e-04,
         2.19591008e-03],
        [9.20368850e-01, 8.98748994e-01, 5.96964061e-01, 1.13708069e-04,
         1.42527315e-05, 8.28102566e-05, 4.73105065e-05, 5.69140357e-05,
         9.20804276e-04],
        [9.66712654e-01, 9.53857601e-01, 6.38155162e-01, 1.01369100e-04,
         1.24397193e-05, 7.08585139e-05, 4.14126080e-05, 5.02898256e-05,
         8.26677191e-04],
        [9.86229837e-01, 9.78707790e-01, 6.76718593e-01, 1.00304380e-04,
         1.21791099e-05, 6.90183078e-05, 4.10445755e-05, 4.94476735e-05,
         8.15537758e-04],
        [9.94181454e-01, 9.89515305e-01, 7.12580323e-01, 1.00572710e-04,
         1.20568729e-05, 6.86542480e-05, 4.11334258e-05, 4.93417720e-05,
         8.13630701e-04],
        [9.97394025e-01, 9.94178474e-01, 7.45486736e-01, 1.00831705e-04,
         1.19426913e-05, 6.86171115e-05, 4.11170840e-05, 4.93115986e-05,
         8.12476268e-04],
        [9.98696387e-01, 9.96194601e-01, 7.75133133e-01, 1.01799669e-04,
         1.18772532e-05, 6.88233704e-05, 4.11250694e-05, 4.94395063e-05,
         8.14018189e-04],
        [9.99227166e-01, 9.97078896e-01, 8.01619351e-01, 1.02366263e-04,
         1.18023636e-05, 6.89564331e-05, 4.10696157e-05, 4.94520173e-05,
         8.14436062e-04],
        [9.99445736e-01, 9.97473538e-01, 8.24990809e-01, 1.02709346e-04,
         1.17159307e-05, 6.91645764e-05, 4.09974600e-05, 4.94970445e-05,
         8.13901832e-04],
        [9.99537468e-01, 9.97651756e-01, 8.45412374e-01, 1.03157348e-04,
         1.16517658e-05, 6.92385511e-05, 4.09212553e-05, 4.95100940e-05,
         8.13940016e-04],
        [9.99576449e-01, 9.97736037e-01, 8.63105953e-01, 1.03366474e-04,
         1.16032279e-05, 6.94171322e-05, 4.08702617e-05, 4.95210734e-05,
         8.14307656e-04],
        [9.99593914e-01, 9.97777283e-01, 8.78291726e-01, 1.03799699e-04,
         1.15488410e-05, 6.94913979e-05, 4.08585729e-05, 4.96510984e-05,
         8.14921979e-04],
        [9.99602139e-01, 9.97799158e-01, 8.91341031e-01, 1.03739600e-04,
         1.14940540e-05, 6.95058552e-05, 4.07889820e-05, 4.95446511e-05,
         8.12648912e-04],
        [9.99606013e-01, 9.97813880e-01, 9.02393460e-01, 1.03888910e-04,
         1.14483973e-05, 6.96249263e-05, 4.07493571e-05, 4.95575296e-05,
         8.13684717e-04],
        [9.99608517e-01, 9.97818708e-01, 9.11768079e-01, 1.04187835e-04,
         1.14353570e-05, 6.96993156e-05, 4.07808220e-05, 4.96739267e-05,
         8.14000028e-04],
        [9.99610186e-01, 9.97825265e-01, 9.19721067e-01, 1.04292470e-04,
         1.14047416e-05, 6.97438154e-05, 4.07168773e-05, 4.96152097e-05,
         8.14235187e-04],
        [9.99611020e-01, 9.97830987e-01, 9.26426291e-01, 1.04112645e-04,
         1.13527694e-05, 6.96988063e-05, 4.06530526e-05, 4.95436943e-05,
         8.12138373e-04],
        [9.99611974e-01, 9.97831225e-01, 9.32035565e-01, 1.04531166e-04,
         1.13594524e-05, 6.98777294e-05, 4.06706058e-05, 4.96642351e-05,
         8.14490661e-04],
        [9.99612689e-01, 9.97833252e-01, 9.36791658e-01, 1.04650666e-04,
         1.13554324e-05, 6.99373413e-05, 4.06793661e-05, 4.96765497e-05,
         8.14260042e-04],
        [9.99613762e-01, 9.97833252e-01, 9.40717697e-01, 1.05098967e-04,
         1.13518490e-05, 7.00119126e-05, 4.07118787e-05, 4.97863475e-05,
         8.15579726e-04],
        [9.99613822e-01, 9.97837424e-01, 9.44080055e-01, 1.04784980e-04,
         1.13162841e-05, 6.98924559e-05, 4.06582221e-05, 4.97012697e-05,
         8.13942519e-04],
        [9.99614656e-01, 9.97838676e-01, 9.46904004e-01, 1.04919338e-04,
         1.13013466e-05, 6.99519878e-05, 4.06225954e-05, 4.97016008e-05,
         8.13845138e-04],
        [9.99614477e-01, 9.97838914e-01, 9.49268818e-01, 1.04844839e-04,
         1.12946991e-05, 6.99370139e-05, 4.06183026e-05, 4.97289038e-05,
         8.14800151e-04],
        [9.99614596e-01, 9.97841001e-01, 9.51248825e-01, 1.04770021e-04,
         1.12840498e-05, 6.98921358e-05, 4.06094186e-05, 4.96922039e-05,
         8.13485938e-04],
        [9.99615073e-01, 9.97843504e-01, 9.52920556e-01, 1.04889390e-04,
         1.12733242e-05, 6.99816228e-05, 4.06055879e-05, 4.97210713e-05,
         8.13768187e-04],
        [9.99615133e-01, 9.97842908e-01, 9.54319954e-01, 1.05038649e-04,
         1.12809612e-05, 7.00412929e-05, 4.06304644e-05, 4.97363035e-05,
         8.14758299e-04],
        [9.99615431e-01, 9.97841597e-01, 9.55506980e-01, 1.05158353e-04,
         1.12895068e-05, 7.00860983e-05, 4.06662293e-05, 4.98254667e-05,
         8.15903360e-04],
        [9.99615431e-01, 9.97843146e-01, 9.56526279e-01, 1.04934232e-04,
         1.12865036e-05, 7.00412493e-05, 4.06385807e-05, 4.97049550e-05,
         8.13556486e-04],
        [9.99615669e-01, 9.97844398e-01, 9.57344532e-01, 1.05039151e-04,
         1.12734979e-05, 6.99965312e-05, 4.05981918e-05, 4.97507172e-05,
         8.14739149e-04],
        [9.99615908e-01, 9.97842789e-01, 9.58052814e-01, 1.05308041e-04,
         1.12941589e-05, 7.01905155e-05, 4.06538456e-05, 4.98367845e-05,
         8.15720996e-04],
        [9.99615908e-01, 9.97843385e-01, 9.58700061e-01, 1.05083695e-04,
         1.12714652e-05, 7.00412420e-05, 4.05936153e-05, 4.97279980e-05,
         8.14330182e-04]]], dtype=float32), array([[[5.20545006e-01, 3.97425115e-01, 3.09766740e-01, 6.42304793e-02,
         2.81157959e-02, 5.45969568e-02, 4.70614806e-02, 4.55182008e-02,
         1.33724898e-01],
        [8.12191010e-01, 7.15096951e-01, 3.96663994e-01, 5.79281186e-04,
         6.67909189e-05, 3.54149437e-04, 2.22688803e-04, 2.16689572e-04,
         1.05128959e-02],
        [9.19795871e-01, 8.45845282e-01, 4.14652258e-01, 1.05566905e-04,
         9.69728262e-06, 6.04310444e-05, 3.50913251e-05, 3.91669346e-05,
         3.49291554e-03],
        [9.67730939e-01, 9.19169545e-01, 4.18630004e-01, 8.52111116e-05,
         7.54844859e-06, 4.68980215e-05, 2.81883258e-05, 3.25770161e-05,
         3.09336581e-03],
        [9.87240851e-01, 9.58012462e-01, 4.22021955e-01, 8.26946853e-05,
         7.29403928e-06, 4.48726969e-05, 2.77678901e-05, 3.19792998e-05,
         3.07497429e-03],
        [9.94886577e-01, 9.77544904e-01, 4.24639136e-01, 8.25324823e-05,
         7.27856786e-06, 4.43590252e-05, 2.79149699e-05, 3.19220890e-05,
         3.08671012e-03],
        [9.97847676e-01, 9.87169385e-01, 4.26744372e-01, 8.23102673e-05,
         7.28004989e-06, 4.40158656e-05, 2.79843880e-05, 3.18557177e-05,
         3.09064658e-03],
        [9.98993158e-01, 9.91892517e-01, 4.28345263e-01, 8.24709277e-05,
         7.30139482e-06, 4.39030555e-05, 2.80315326e-05, 3.18465463e-05,
         3.09699913e-03],
        [9.99437809e-01, 9.94216919e-01, 4.29674983e-01, 8.27538752e-05,
         7.31409773e-06, 4.37937670e-05, 2.80345848e-05, 3.18489801e-05,
         3.10005690e-03],
        [9.99611318e-01, 9.95368779e-01, 4.31002319e-01, 8.27239710e-05,
         7.32149374e-06, 4.36231239e-05, 2.79944124e-05, 3.17848353e-05,
         3.09880497e-03],
        [9.99679446e-01, 9.95944560e-01, 4.32227403e-01, 8.27391268e-05,
         7.33427441e-06, 4.34921203e-05, 2.79614997e-05, 3.17426347e-05,
         3.09800729e-03],
        [9.99706447e-01, 9.96236086e-01, 4.33370709e-01, 8.27843542e-05,
         7.34490504e-06, 4.34109679e-05, 2.79309825e-05, 3.17393351e-05,
         3.10060009e-03],
        [9.99717832e-01, 9.96385694e-01, 4.34401095e-01, 8.29636920e-05,
         7.35224194e-06, 4.33381792e-05, 2.78918287e-05, 3.17132872e-05,
         3.09913000e-03],
        [9.99722481e-01, 9.96459365e-01, 4.35509086e-01, 8.29489945e-05,
         7.36186030e-06, 4.32054476e-05, 2.78517036e-05, 3.16540936e-05,
         3.09602614e-03],
        [9.99724627e-01, 9.96498644e-01, 4.36474890e-01, 8.30089630e-05,
         7.36811080e-06, 4.31319677e-05, 2.77977033e-05, 3.16223450e-05,
         3.09733511e-03],
        [9.99725819e-01, 9.96521533e-01, 4.37297642e-01, 8.32630249e-05,
         7.38259223e-06, 4.31398294e-05, 2.78062089e-05, 3.16378282e-05,
         3.09860031e-03],
        [9.99726415e-01, 9.96532440e-01, 4.38176453e-01, 8.33975500e-05,
         7.39086909e-06, 4.31218577e-05, 2.77838990e-05, 3.16325204e-05,
         3.09893722e-03],
        [9.99726892e-01, 9.96537924e-01, 4.39052969e-01, 8.32931037e-05,
         7.38752124e-06, 4.29964057e-05, 2.77530235e-05, 3.16008227e-05,
         3.09899286e-03],
        [9.99727249e-01, 9.96539116e-01, 4.39890772e-01, 8.33529630e-05,
         7.39995949e-06, 4.29983738e-05, 2.77449108e-05, 3.15922407e-05,
         3.09722917e-03],
        [9.99727488e-01, 9.96540487e-01, 4.40651864e-01, 8.32186415e-05,
         7.39542838e-06, 4.29086467e-05, 2.77061263e-05, 3.15642283e-05,
         3.09681799e-03],
        [9.99727964e-01, 9.96543825e-01, 4.41274852e-01, 8.35473256e-05,
         7.40096675e-06, 4.29312277e-05, 2.76934443e-05, 3.15943762e-05,
         3.09915701e-03],
        [9.99728024e-01, 9.96543527e-01, 4.42015886e-01, 8.35025930e-05,
         7.40563428e-06, 4.28971289e-05, 2.76803385e-05, 3.15663092e-05,
         3.09902732e-03],
        [9.99728024e-01, 9.96539414e-01, 4.42840695e-01, 8.32637816e-05,
         7.40727182e-06, 4.28035673e-05, 2.76626342e-05, 3.15315519e-05,
         3.09609203e-03],
        [9.99728620e-01, 9.96539354e-01, 4.43341643e-01, 8.36521867e-05,
         7.41851227e-06, 4.28378116e-05, 2.76655901e-05, 3.15515281e-05,
         3.09788575e-03],
        [9.99728739e-01, 9.96542275e-01, 4.43890929e-01, 8.36073523e-05,
         7.41803842e-06, 4.28265375e-05, 2.76514147e-05, 3.15444922e-05,
         3.09782522e-03],
        [9.99728918e-01, 9.96540666e-01, 4.44441378e-01, 8.38016349e-05,
         7.42984776e-06, 4.28388921e-05, 2.76715764e-05, 3.15555371e-05,
         3.09980614e-03],
        [9.99728918e-01, 9.96541083e-01, 4.45069522e-01, 8.36223553e-05,
         7.42421571e-06, 4.27942250e-05, 2.76576811e-05, 3.15518591e-05,
         3.09686875e-03],
        [9.99729037e-01, 9.96541023e-01, 4.45606828e-01, 8.37718544e-05,
         7.43572309e-06, 4.28398344e-05, 2.76559895e-05, 3.15469588e-05,
         3.09926411e-03],
        [9.99729097e-01, 9.96538222e-01, 4.46183085e-01, 8.33386948e-05,
         7.41566691e-06, 4.26430597e-05, 2.76058672e-05, 3.14814060e-05,
         3.09397979e-03],
        [9.99729395e-01, 9.96542573e-01, 4.46590126e-01, 8.36972831e-05,
         7.42696284e-06, 4.27604682e-05, 2.76103001e-05, 3.15174875e-05,
         3.09801614e-03],
        [9.99729395e-01, 9.96539354e-01, 4.47151631e-01, 8.35778847e-05,
         7.43325472e-06, 4.27214800e-05, 2.76027331e-05, 3.14988247e-05,
         3.09810927e-03],
        [9.99729753e-01, 9.96540666e-01, 4.47474241e-01, 8.38318811e-05,
         7.43469400e-06, 4.27544001e-05, 2.76115898e-05, 3.15144243e-05,
         3.09805968e-03]]], dtype=float32), array([[[5.84134400e-01, 3.90113741e-01, 2.50806957e-01, 3.97780426e-02,
         1.31433010e-02, 3.07764579e-02, 2.52069551e-02, 2.39139497e-02,
         1.58962429e-01],
        [8.33713472e-01, 6.28800750e-01, 1.94050953e-01, 3.58794903e-04,
         2.79307624e-05, 1.63488439e-04, 9.97012685e-05, 9.43354680e-05,
         2.78287232e-02],
        [9.30502832e-01, 7.10942984e-01, 1.55028045e-01, 9.99975236e-05,
         6.20145875e-06, 3.96447940e-05, 2.24597625e-05, 2.46982363e-05,
         1.51990764e-02],
        [9.72522974e-01, 7.75290072e-01, 1.47504181e-01, 8.42609952e-05,
         5.10527298e-06, 3.26034678e-05, 1.81897503e-05, 2.09961618e-05,
         1.43708261e-02],
        [9.89277661e-01, 8.27552021e-01, 1.45714149e-01, 8.15023523e-05,
         4.95630820e-06, 3.18708408e-05, 1.78341324e-05, 2.04230655e-05,
         1.44867003e-02],
        [9.95732188e-01, 8.68734598e-01, 1.45075738e-01, 8.02089926e-05,
         4.91487845e-06, 3.18543061e-05, 1.79537456e-05, 2.02314841e-05,
         1.46829337e-02],
        [9.98190701e-01, 9.00414348e-01, 1.44662619e-01, 7.96793465e-05,
         4.90287493e-06, 3.20102845e-05, 1.81404430e-05, 2.01092371e-05,
         1.48690501e-02],
        [9.99124169e-01, 9.24366236e-01, 1.44483775e-01, 7.91097773e-05,
         4.88705018e-06, 3.20808940e-05, 1.82850763e-05, 2.00111299e-05,
         1.50109502e-02],
        [9.99478936e-01, 9.42292392e-01, 1.44255385e-01, 7.88700272e-05,
         4.87701209e-06, 3.21787811e-05, 1.84172386e-05, 1.99546212e-05,
         1.51197305e-02],
        [9.99613643e-01, 9.55621421e-01, 1.44151300e-01, 7.85113371e-05,
         4.86073804e-06, 3.21939588e-05, 1.84920118e-05, 1.98954094e-05,
         1.51941739e-02],
        [9.99665022e-01, 9.65512753e-01, 1.44028082e-01, 7.83469004e-05,
         4.85285000e-06, 3.22543674e-05, 1.85651497e-05, 1.98593716e-05,
         1.52660841e-02],
        [9.99684453e-01, 9.72846627e-01, 1.43919155e-01, 7.81676208e-05,
         4.84073507e-06, 3.22461383e-05, 1.86032430e-05, 1.98135131e-05,
         1.53108118e-02],
        [9.99691725e-01, 9.78295267e-01, 1.43827632e-01, 7.81674535e-05,
         4.83522172e-06, 3.22775886e-05, 1.86452380e-05, 1.97927566e-05,
         1.53498976e-02],
        [9.99694347e-01, 9.82354105e-01, 1.43776596e-01, 7.80180417e-05,
         4.82791893e-06, 3.22820852e-05, 1.86646448e-05, 1.97795653e-05,
         1.53762912e-02],
        [9.99695301e-01, 9.85390663e-01, 1.43689185e-01, 7.79582915e-05,
         4.82236464e-06, 3.23128115e-05, 1.86977268e-05, 1.97613517e-05,
         1.54001415e-02],
        [9.99695778e-01, 9.87670124e-01, 1.43583775e-01, 7.80925329e-05,
         4.82211635e-06, 3.23516542e-05, 1.87266560e-05, 1.97547943e-05,
         1.54256811e-02],
        [9.99695897e-01, 9.89391685e-01, 1.43594593e-01, 7.80029222e-05,
         4.81723055e-06, 3.23426611e-05, 1.87280002e-05, 1.97329537e-05,
         1.54379969e-02],
        [9.99696076e-01, 9.90695536e-01, 1.43490538e-01, 7.81223280e-05,
         4.81413963e-06, 3.23810164e-05, 1.87501028e-05, 1.97261234e-05,
         1.54523365e-02],
        [9.99696016e-01, 9.91689801e-01, 1.43456981e-01, 7.80924383e-05,
         4.80865128e-06, 3.23672721e-05, 1.87530750e-05, 1.97047430e-05,
         1.54586965e-02],
        [9.99696016e-01, 9.92453575e-01, 1.43412203e-01, 7.81669805e-05,
         4.80728977e-06, 3.23685636e-05, 1.87582664e-05, 1.97013433e-05,
         1.54694775e-02],
        [9.99695897e-01, 9.93040860e-01, 1.43407285e-01, 7.80774353e-05,
         4.80138397e-06, 3.23721979e-05, 1.87624573e-05, 1.96968504e-05,
         1.54758403e-02],
        [9.99695897e-01, 9.93496239e-01, 1.43414944e-01, 7.80773844e-05,
         4.79930577e-06, 3.23556160e-05, 1.87547448e-05, 1.96978654e-05,
         1.54758282e-02],
        [9.99695897e-01, 9.93852198e-01, 1.43367261e-01, 7.80923292e-05,
         4.79711389e-06, 3.23414679e-05, 1.87568385e-05, 1.96897709e-05,
         1.54763311e-02],
        [9.99695897e-01, 9.94128823e-01, 1.43363476e-01, 7.81818308e-05,
         4.79717391e-06, 3.23704953e-05, 1.87691585e-05, 1.96841011e-05,
         1.54869752e-02],
        [9.99695957e-01, 9.94346023e-01, 1.43360212e-01, 7.80325499e-05,
         4.78913717e-06, 3.23430577e-05, 1.87599562e-05, 1.96852088e-05,
         1.54810064e-02],
        [9.99696016e-01, 9.94517028e-01, 1.43310025e-01, 7.81072158e-05,
         4.79130222e-06, 3.23621171e-05, 1.87659170e-05, 1.96718102e-05,
         1.54882045e-02],
        [9.99696136e-01, 9.94654775e-01, 1.43283069e-01, 7.81520066e-05,
         4.79260461e-06, 3.23735730e-05, 1.87755395e-05, 1.96759374e-05,
         1.54909929e-02],
        [9.99696076e-01, 9.94762957e-01, 1.43327564e-01, 7.80773335e-05,
         4.78378752e-06, 3.23235872e-05, 1.87545756e-05, 1.96613400e-05,
         1.54881729e-02],
        [9.99696016e-01, 9.94852304e-01, 1.43305674e-01, 7.80624905e-05,
         4.78408856e-06, 3.23390923e-05, 1.87610694e-05, 1.96667625e-05,
         1.54937226e-02],
        [9.99696136e-01, 9.94922221e-01, 1.43260956e-01, 7.81520430e-05,
         4.78957645e-06, 3.23720560e-05, 1.87742826e-05, 1.96756737e-05,
         1.54926861e-02],
        [9.99696076e-01, 9.94979918e-01, 1.43305197e-01, 7.80326809e-05,
         4.78555330e-06, 3.23433524e-05, 1.87624846e-05, 1.96638921e-05,
         1.54890493e-02],
        [9.99696255e-01, 9.95025754e-01, 1.43289909e-01, 7.80325718e-05,
         4.77935055e-06, 3.23177592e-05, 1.87537134e-05, 1.96730634e-05,
         1.54892281e-02]]], dtype=float32), array([[[5.81241250e-01, 3.37255627e-01, 2.24618018e-01, 4.49648649e-02,
         1.53003642e-02, 3.40193622e-02, 2.89978981e-02, 2.70401444e-02,
         2.34591454e-01],
        [8.34090710e-01, 5.18447101e-01, 1.11708254e-01, 4.97241330e-04,
         3.29492141e-05, 1.88160382e-04, 1.28027299e-04, 1.05755993e-04,
         1.20977223e-01],
        [9.31128204e-01, 5.42389989e-01, 6.36202097e-02, 1.10631074e-04,
         4.62438084e-06, 3.11845106e-05, 1.89857419e-05, 1.65566780e-05,
         7.98939243e-02],
        [9.72976685e-01, 5.49627185e-01, 5.73020279e-02, 9.28043155e-05,
         3.60063791e-06, 2.53938761e-05, 1.46236935e-05, 1.33270851e-05,
         8.01533982e-02],
        [9.89561141e-01, 5.55513322e-01, 5.64332008e-02, 9.02698957e-05,
         3.41062150e-06, 2.46917716e-05, 1.38921123e-05, 1.30145709e-05,
         8.19436610e-02],
        [9.95903850e-01, 5.61048567e-01, 5.64393327e-02, 8.93916513e-05,
         3.34295942e-06, 2.45449137e-05, 1.36195986e-05, 1.30095232e-05,
         8.30969885e-02],
        [9.98299241e-01, 5.66338241e-01, 5.65265827e-02, 8.89960138e-05,
         3.31360116e-06, 2.44945113e-05, 1.34595048e-05, 1.30263652e-05,
         8.38102922e-02],
        [9.99200344e-01, 5.71397841e-01, 5.66530116e-02, 8.83075554e-05,
         3.28588294e-06, 2.44003932e-05, 1.33206213e-05, 1.30118096e-05,
         8.41720849e-02],
        [9.99539077e-01, 5.76206803e-01, 5.66519238e-02, 8.82769600e-05,
         3.28258716e-06, 2.44260154e-05, 1.32595551e-05, 1.30268818e-05,
         8.45643058e-02],
        [9.99665737e-01, 5.80782115e-01, 5.67038320e-02, 8.79037107e-05,
         3.27019166e-06, 2.43536306e-05, 1.31758525e-05, 1.30046601e-05,
         8.47228914e-02],
        [9.99713480e-01, 5.85124493e-01, 5.66843413e-02, 8.77991115e-05,
         3.26630470e-06, 2.43233426e-05, 1.31207134e-05, 1.29866012e-05,
         8.49361494e-02],
        [9.99731064e-01, 5.89238644e-01, 5.66524938e-02, 8.76498452e-05,
         3.26407462e-06, 2.43154991e-05, 1.30803210e-05, 1.29677774e-05,
         8.51018801e-02],
        [9.99736905e-01, 5.93148172e-01, 5.66549450e-02, 8.71872689e-05,
         3.25341762e-06, 2.42179212e-05, 1.30230856e-05, 1.29384362e-05,
         8.51648599e-02],
        [9.99739051e-01, 5.96842587e-01, 5.65670356e-02, 8.72320161e-05,
         3.25858741e-06, 2.42442893e-05, 1.30093176e-05, 1.29220471e-05,
         8.53443444e-02],
        [9.99739289e-01, 6.00344241e-01, 5.65276928e-02, 8.70081567e-05,
         3.25529800e-06, 2.42090118e-05, 1.29760165e-05, 1.28976708e-05,
         8.54893699e-02],
        [9.99738872e-01, 6.03661656e-01, 5.65009080e-02, 8.66948685e-05,
         3.24878465e-06, 2.41541420e-05, 1.29412156e-05, 1.28691518e-05,
         8.55836123e-02],
        [9.99738276e-01, 6.06823742e-01, 5.64956181e-02, 8.63965979e-05,
         3.24233702e-06, 2.40743339e-05, 1.28977035e-05, 1.28325310e-05,
         8.56289268e-02],
        [9.99737740e-01, 6.09820962e-01, 5.64195886e-02, 8.63518217e-05,
         3.24342227e-06, 2.40758363e-05, 1.28802676e-05, 1.28224628e-05,
         8.57802033e-02],
        [9.99736965e-01, 6.12660527e-01, 5.63886240e-02, 8.60682994e-05,
         3.23905761e-06, 2.40285790e-05, 1.28544243e-05, 1.28005804e-05,
         8.58757123e-02],
        [9.99736726e-01, 6.15339160e-01, 5.62816039e-02, 8.62622910e-05,
         3.24756047e-06, 2.40769532e-05, 1.28570855e-05, 1.27926724e-05,
         8.60845521e-02],
        [9.99736011e-01, 6.17881119e-01, 5.62481135e-02, 8.60981745e-05,
         3.24462849e-06, 2.40339123e-05, 1.28340052e-05, 1.27712301e-05,
         8.62138793e-02],
        [9.99735534e-01, 6.20296717e-01, 5.62198572e-02, 8.58296335e-05,
         3.23790482e-06, 2.39900273e-05, 1.28047459e-05, 1.27465537e-05,
         8.62884596e-02],
        [9.99734879e-01, 6.22587740e-01, 5.61791509e-02, 8.57550913e-05,
         3.23910308e-06, 2.39679284e-05, 1.27859194e-05, 1.27279072e-05,
         8.64145011e-02],
        [9.99734521e-01, 6.24760628e-01, 5.61290272e-02, 8.55611943e-05,
         3.23290897e-06, 2.39358287e-05, 1.27678477e-05, 1.27046587e-05,
         8.65080431e-02],
        [9.99733806e-01, 6.26837552e-01, 5.61112463e-02, 8.52926678e-05,
         3.22909432e-06, 2.38666380e-05, 1.27380690e-05, 1.26879968e-05,
         8.65703747e-02],
        [9.99733686e-01, 6.28791511e-01, 5.60108013e-02, 8.55462640e-05,
         3.23715108e-06, 2.39302717e-05, 1.27501735e-05, 1.26900550e-05,
         8.68315175e-02],
        [9.99733388e-01, 6.30635381e-01, 5.59414439e-02, 8.55014878e-05,
         3.23817630e-06, 2.39366163e-05, 1.27422418e-05, 1.26801251e-05,
         8.69594291e-02],
        [9.99732852e-01, 6.32394135e-01, 5.59306964e-02, 8.52777739e-05,
         3.23184804e-06, 2.38841294e-05, 1.27215853e-05, 1.26569985e-05,
         8.70240703e-02],
        [9.99732494e-01, 6.34065628e-01, 5.58882430e-02, 8.53075690e-05,
         3.23316431e-06, 2.38832181e-05, 1.27093035e-05, 1.26459227e-05,
         8.72013494e-02],
        [9.99732018e-01, 6.35655046e-01, 5.58580123e-02, 8.50689612e-05,
         3.22747701e-06, 2.38422399e-05, 1.26888826e-05, 1.26281584e-05,
         8.72265175e-02],
        [9.99731898e-01, 6.37158036e-01, 5.57886101e-02, 8.52777739e-05,
         3.23357426e-06, 2.38780849e-05, 1.26874147e-05, 1.26295190e-05,
         8.74626040e-02],
        [9.99731600e-01, 6.38578594e-01, 5.57368658e-02, 8.52777739e-05,
         3.23507948e-06, 2.38761786e-05, 1.26834257e-05, 1.26249206e-05,
         8.75738487e-02]]], dtype=float32)]