tf.Tensor(
[[[6.68847501e-01 3.85747463e-01 1.99415639e-01 1.18777929e-02
   2.21936102e-03 7.30726449e-03 5.58701856e-03 5.04324632e-03
   1.99273944e-01]
  [8.58239114e-01 5.20179451e-01 8.19309726e-02 2.01642557e-04
   9.84526287e-06 6.30134164e-05 3.90129753e-05 3.39152066e-05
   8.73829052e-02]
  [9.41886008e-01 5.32907546e-01 5.96977286e-02 9.99887197e-05
   4.06825893e-06 2.77884701e-05 1.63452496e-05 1.46705024e-05
   7.77838156e-02]
  [9.77322698e-01 5.40113389e-01 5.66934571e-02 9.14640841e-05
   3.52335201e-06 2.50843441e-05 1.42297804e-05 1.31730230e-05
   7.96601325e-02]
  [9.91235971e-01 5.46549439e-01 5.63669316e-02 8.99329752e-05
   3.39469216e-06 2.47184453e-05 1.37789839e-05 1.30428070e-05
   8.14198852e-02]
  [9.96538818e-01 5.52652717e-01 5.64972572e-02 8.93255128e-05
   3.34260494e-06 2.46096479e-05 1.35662276e-05 1.30619701e-05
   8.25221241e-02]
  [9.98539150e-01 5.58461368e-01 5.66114374e-02 8.89047005e-05
   3.31484944e-06 2.45777828e-05 1.34365473e-05 1.30741428e-05
   8.32512602e-02]
  [9.99291122e-01 5.64004242e-01 5.67332506e-02 8.83667235e-05
   3.29051500e-06 2.44733765e-05 1.33194890e-05 1.30606786e-05
   8.36093202e-02]
  [9.99573648e-01 5.69276273e-01 5.68070151e-02 8.81873348e-05
   3.28016517e-06 2.44263392e-05 1.32264295e-05 1.30478420e-05
   8.39289278e-02]
  [9.99679804e-01 5.74269056e-01 5.68090715e-02 8.79484433e-05
   3.27482303e-06 2.44075291e-05 1.31734441e-05 1.30358258e-05
   8.41440707e-02]
  [9.99719322e-01 5.78997076e-01 5.67987226e-02 8.77991042e-05
   3.27064367e-06 2.43773939e-05 1.31298966e-05 1.30218077e-05
   8.43735561e-02]
  [9.99733448e-01 5.83480835e-01 5.68011031e-02 8.74558827e-05
   3.26209852e-06 2.43035956e-05 1.30741573e-05 1.29929167e-05
   8.44490305e-02]
  [9.99738514e-01 5.87733388e-01 5.68000749e-02 8.71127268e-05
   3.25587894e-06 2.42504320e-05 1.30316985e-05 1.29574255e-05
   8.45664144e-02]
  [9.99739885e-01 5.91754079e-01 5.67335188e-02 8.70679432e-05
   3.25637575e-06 2.42360820e-05 1.30033277e-05 1.29435184e-05
   8.47710744e-02]
  [9.99740243e-01 5.95546365e-01 5.66662252e-02 8.70231306e-05
   3.25800943e-06 2.42405913e-05 1.29871623e-05 1.29204691e-05
   8.49737823e-02]
  [9.99739647e-01 5.99134326e-01 5.66129275e-02 8.67993222e-05
   3.25493761e-06 2.42005444e-05 1.29617383e-05 1.28956517e-05
   8.51100907e-02]
  [9.99739051e-01 6.02542341e-01 5.65975681e-02 8.64860122e-05
   3.24569737e-06 2.41127218e-05 1.29184064e-05 1.28601450e-05
   8.51633176e-02]
  [9.99738455e-01 6.05779529e-01 5.65614589e-02 8.62771558e-05
   3.24449297e-06 2.40905083e-05 1.28952197e-05 1.28398742e-05
   8.53238553e-02]
  [9.99737859e-01 6.08833432e-01 5.64668886e-02 8.63816167e-05
   3.24928942e-06 2.41135967e-05 1.28867932e-05 1.28268784e-05
   8.55117366e-02]
  [9.99737263e-01 6.11723602e-01 5.64357452e-02 8.60533910e-05
   3.24260873e-06 2.40463978e-05 1.28658539e-05 1.27953181e-05
   8.56243521e-02]
  [9.99736726e-01 6.14462495e-01 5.63654378e-02 8.60086075e-05
   3.24523512e-06 2.40550980e-05 1.28525407e-05 1.27851708e-05
   8.57712999e-02]
  [9.99736190e-01 6.17050767e-01 5.63182905e-02 8.58892745e-05
   3.24126654e-06 2.40316167e-05 1.28373285e-05 1.27652147e-05
   8.59568492e-02]
  [9.99735892e-01 6.19494855e-01 5.62315509e-02 8.59489446e-05
   3.24608914e-06 2.40516310e-05 1.28303482e-05 1.27554549e-05
   8.61372650e-02]
  [9.99735117e-01 6.21825933e-01 5.62284514e-02 8.55760154e-05
   3.23618519e-06 2.39655474e-05 1.27920857e-05 1.27236835e-05
   8.61799121e-02]
  [9.99734879e-01 6.24031126e-01 5.61479665e-02 8.56954211e-05
   3.24132202e-06 2.39922010e-05 1.27889343e-05 1.27198609e-05
   8.63570347e-02]
  [9.99734342e-01 6.26117647e-01 5.60858883e-02 8.55909893e-05
   3.24108350e-06 2.39772162e-05 1.27795120e-05 1.27001895e-05
   8.64960849e-02]
  [9.99733984e-01 6.28093481e-01 5.60350977e-02 8.55909821e-05
   3.24117309e-06 2.39619840e-05 1.27647299e-05 1.26872610e-05
   8.66668448e-02]
  [9.99733627e-01 6.29971802e-01 5.59938028e-02 8.55760154e-05
   3.24041275e-06 2.39571218e-05 1.27529293e-05 1.26780933e-05
   8.68449956e-02]
  [9.99732971e-01 6.31755650e-01 5.59650138e-02 8.53075471e-05
   3.23590370e-06 2.39103065e-05 1.27327903e-05 1.26563709e-05
   8.69013816e-02]
  [9.99732733e-01 6.33451283e-01 5.59091866e-02 8.54269456e-05
   3.23870381e-06 2.39176188e-05 1.27207059e-05 1.26523173e-05
   8.70604813e-02]
  [9.99732018e-01 6.35076463e-01 5.59319593e-02 8.49943317e-05
   3.22562778e-06 2.38157772e-05 1.26838431e-05 1.26227997e-05
   8.70687068e-02]
  [9.99732077e-01 6.36606872e-01 5.58244772e-02 8.52926460e-05
   3.23694348e-06 2.38921839e-05 1.26961049e-05 1.26295790e-05
   8.73443857e-02]]], shape=(1, 32, 9), dtype=float32)