[array([[[0.2811162 , 0.2842741 , 0.28700188, 0.28084797, 0.2803728 ,
         0.28026274, 0.2845505 , 0.27393794, 0.27606156],
        [0.30379626, 0.32604748, 0.33307263, 0.32365057, 0.29583806,
         0.30064642, 0.32242733, 0.301613  , 0.30289078],
        [0.32042626, 0.34890473, 0.35868126, 0.34122655, 0.30530342,
         0.31382516, 0.3432445 , 0.30444434, 0.30409148],
        [0.33134574, 0.36775273, 0.37997174, 0.35321245, 0.31126174,
         0.32150686, 0.36006078, 0.29974535, 0.30008423],
        [0.33724117, 0.38293177, 0.39865252, 0.36298525, 0.31229165,
         0.3246377 , 0.37503517, 0.29151204, 0.29170737],
        [0.33904546, 0.39534116, 0.41313672, 0.37104365, 0.31081837,
         0.32476032, 0.38757128, 0.28267422, 0.28375113],
        [0.3390492 , 0.4070748 , 0.4279666 , 0.37784103, 0.30827916,
         0.3242679 , 0.40096128, 0.2707958 , 0.27482343],
        [0.33717752, 0.41996822, 0.44178954, 0.38382706, 0.30439094,
         0.3202526 , 0.41556525, 0.25373033, 0.26093426],
        [0.3328421 , 0.43366805, 0.4559432 , 0.38964215, 0.29994956,
         0.31503266, 0.4311659 , 0.234779  , 0.24604154],
        [0.3275857 , 0.44616798, 0.4676529 , 0.3945588 , 0.29598388,
         0.3090012 , 0.44485623, 0.21787797, 0.2345304 ],
        [0.322403  , 0.45749214, 0.47722793, 0.3993548 , 0.29125217,
         0.30453882, 0.45799237, 0.2014447 , 0.22333854],
        [0.3184868 , 0.46797365, 0.48632365, 0.40375033, 0.28697366,
         0.2993729 , 0.4693594 , 0.18720618, 0.21403965],
        [0.31409872, 0.47691095, 0.49414954, 0.40754914, 0.28221193,
         0.29474807, 0.47917348, 0.1765937 , 0.20695837],
        [0.30855343, 0.48502654, 0.50125444, 0.40967965, 0.2783449 ,
         0.29023367, 0.4879107 , 0.16754104, 0.20067683],
        [0.3052265 , 0.4928836 , 0.50854975, 0.41240114, 0.27517992,
         0.28514558, 0.49591112, 0.15841553, 0.19413503],
        [0.30254418, 0.4996159 , 0.51228935, 0.41612586, 0.27309522,
         0.27999684, 0.50198823, 0.15200734, 0.19042821],
        [0.29919407, 0.5054394 , 0.51442623, 0.4188757 , 0.27196476,
         0.27502036, 0.5083654 , 0.14618738, 0.18745154],
        [0.29525203, 0.5128149 , 0.51994264, 0.421125  , 0.26831344,
         0.26949304, 0.5154404 , 0.13912033, 0.18235703],
        [0.29127762, 0.51898086, 0.52427435, 0.42296714, 0.2648893 ,
         0.26462546, 0.5233557 , 0.13196929, 0.17631175],
        [0.28842533, 0.5251325 , 0.52944833, 0.4241645 , 0.26059315,
         0.2613052 , 0.53096336, 0.12514357, 0.17120367],
        [0.285319  , 0.53146553, 0.5342737 , 0.42514804, 0.25598854,
         0.25749475, 0.5381339 , 0.1185289 , 0.16577563],
        [0.28178212, 0.5368926 , 0.53844655, 0.4253022 , 0.2527316 ,
         0.25396258, 0.5453425 , 0.11267848, 0.16168939],
        [0.27906635, 0.5411749 , 0.5406115 , 0.42585602, 0.25063553,
         0.25026354, 0.5511993 , 0.1084154 , 0.15896013],
        [0.2761368 , 0.5447409 , 0.5421757 , 0.42687744, 0.24776363,
         0.24716932, 0.55739903, 0.1050906 , 0.15592396],
        [0.27254248, 0.5481585 , 0.5446063 , 0.42766342, 0.24585694,
         0.24412288, 0.56175137, 0.10226705, 0.15362008],
        [0.27053258, 0.55363935, 0.54738414, 0.42896923, 0.24447536,
         0.2406698 , 0.56762004, 0.09739233, 0.14970534],
        [0.2700351 , 0.56001705, 0.5516219 , 0.43079236, 0.24138953,
         0.23540734, 0.5724808 , 0.09295331, 0.1459545 ],
        [0.2696998 , 0.5641119 , 0.5540861 , 0.4323215 , 0.23892751,
         0.23246759, 0.5748799 , 0.09111812, 0.14471002],
        [0.26931787, 0.567024  , 0.55519706, 0.43462273, 0.23764296,
         0.22974014, 0.57697594, 0.09046766, 0.14519928],
        [0.26884368, 0.56962603, 0.55676067, 0.4370377 , 0.23611335,
         0.22881085, 0.57911426, 0.08981681, 0.14474344],
        [0.2681169 , 0.5727809 , 0.5581224 , 0.43887198, 0.23453209,
         0.22712721, 0.58184564, 0.08813776, 0.14348574],
        [0.2662801 , 0.57564586, 0.5586041 , 0.44036853, 0.23407006,
         0.22631457, 0.58373535, 0.08703362, 0.14314698]]], dtype=float32), array([[[2.78863013e-01, 2.87348151e-01, 2.90496439e-01, 2.78852731e-01,
         2.75453657e-01, 2.76332617e-01, 2.85274237e-01, 2.68060297e-01,
         2.70620137e-01],
        [2.95528114e-01, 3.40818524e-01, 3.50957751e-01, 3.14685553e-01,
         2.79509723e-01, 2.84461945e-01, 3.28588307e-01, 2.75345892e-01,
         2.79353410e-01],
        [3.03645313e-01, 3.81035596e-01, 3.96500528e-01, 3.22712809e-01,
         2.75646299e-01, 2.80350715e-01, 3.55269819e-01, 2.52196103e-01,
         2.59907752e-01],
        [2.99671412e-01, 4.28753823e-01, 4.49669659e-01, 3.21428508e-01,
         2.60629207e-01, 2.63081372e-01, 3.85174513e-01, 2.05451056e-01,
         2.25348294e-01],
        [2.84740806e-01, 4.90405262e-01, 5.15090287e-01, 3.08716685e-01,
         2.31630117e-01, 2.29498908e-01, 4.24140453e-01, 1.41804412e-01,
         1.75928116e-01],
        [2.59321511e-01, 5.64137757e-01, 5.90393305e-01, 2.85732538e-01,
         1.92247868e-01, 1.84889778e-01, 4.69873875e-01, 8.27057138e-02,
         1.21900186e-01],
        [2.27860689e-01, 6.46443784e-01, 6.70806229e-01, 2.55327106e-01,
         1.45726800e-01, 1.36041507e-01, 5.22278070e-01, 4.03905697e-02,
         7.48311654e-02],
        [1.93939999e-01, 7.29267538e-01, 7.49207795e-01, 2.19266310e-01,
         1.01120964e-01, 9.29830298e-02, 5.77489197e-01, 1.76573638e-02,
         4.26720046e-02],
        [1.61745444e-01, 8.02014530e-01, 8.17495704e-01, 1.81764081e-01,
         6.57223314e-02, 6.07885607e-02, 6.34013832e-01, 7.53832702e-03,
         2.37264037e-02],
        [1.35918021e-01, 8.59628677e-01, 8.71662319e-01, 1.49047375e-01,
         4.20094356e-02, 4.01954763e-02, 6.85404897e-01, 3.45725520e-03,
         1.39240464e-02],
        [1.15605876e-01, 9.01368976e-01, 9.11544561e-01, 1.23504564e-01,
         2.76603568e-02, 2.79762335e-02, 7.30336547e-01, 1.78121892e-03,
         8.83238763e-03],
        [1.00907341e-01, 9.29570317e-01, 9.38800812e-01, 1.04651958e-01,
         1.95118468e-02, 2.08072457e-02, 7.67429411e-01, 1.06864958e-03,
         6.28994871e-03],
        [9.03870910e-02, 9.47785378e-01, 9.56811666e-01, 9.15806293e-02,
         1.47605352e-02, 1.64966956e-02, 7.96337187e-01, 7.34904897e-04,
         4.89860354e-03],
        [8.24789554e-02, 9.59454477e-01, 9.68471587e-01, 8.24354291e-02,
         1.18739344e-02, 1.37790050e-02, 8.19192410e-01, 5.49168966e-04,
         4.05878760e-03],
        [7.67409056e-02, 9.67340112e-01, 9.76058483e-01, 7.60114565e-02,
         1.00402990e-02, 1.21083837e-02, 8.37048054e-01, 4.41423850e-04,
         3.54979467e-03],
        [7.23662674e-02, 9.72194791e-01, 9.80808198e-01, 7.17032403e-02,
         8.78925901e-03, 1.09514035e-02, 8.50643694e-01, 3.70759080e-04,
         3.18944920e-03],
        [6.89752549e-02, 9.75565612e-01, 9.84113872e-01, 6.83335364e-02,
         7.98744056e-03, 1.02042351e-02, 8.61031830e-01, 3.23837507e-04,
         2.92615173e-03],
        [6.62069768e-02, 9.77482200e-01, 9.85958278e-01, 6.59398586e-02,
         7.39256432e-03, 9.69051663e-03, 8.68388176e-01, 2.94144149e-04,
         2.75656790e-03],
        [6.43495470e-02, 9.78931904e-01, 9.87374127e-01, 6.43649921e-02,
         6.98620267e-03, 9.27778427e-03, 8.73658121e-01, 2.69388926e-04,
         2.59787426e-03],
        [6.30195290e-02, 9.79872942e-01, 9.88273621e-01, 6.30054325e-02,
         6.66258391e-03, 8.99627991e-03, 8.77448857e-01, 2.52630940e-04,
         2.49406067e-03],
        [6.19624071e-02, 9.80530322e-01, 9.88888562e-01, 6.18943200e-02,
         6.41483394e-03, 8.86443444e-03, 8.80389929e-01, 2.40649460e-04,
         2.40652147e-03],
        [6.12020046e-02, 9.80999172e-01, 9.89374161e-01, 6.12633079e-02,
         6.24346081e-03, 8.70824233e-03, 8.83215129e-01, 2.29508616e-04,
         2.33189273e-03],
        [6.05070628e-02, 9.81412888e-01, 9.89756823e-01, 6.06191792e-02,
         6.06933422e-03, 8.64524674e-03, 8.84768963e-01, 2.24588468e-04,
         2.28333869e-03],
        [6.00720234e-02, 9.81669188e-01, 9.90003467e-01, 6.00392707e-02,
         5.91728184e-03, 8.52375384e-03, 8.85762572e-01, 2.16459986e-04,
         2.24090973e-03],
        [5.97960912e-02, 9.81953800e-01, 9.90292311e-01, 5.95979355e-02,
         5.83415385e-03, 8.42650328e-03, 8.86946023e-01, 2.11237144e-04,
         2.19031167e-03],
        [5.96655048e-02, 9.82032776e-01, 9.90364909e-01, 5.90349734e-02,
         5.77447983e-03, 8.40418320e-03, 8.87931645e-01, 2.07812598e-04,
         2.17587361e-03],
        [5.93054257e-02, 9.82104659e-01, 9.90568340e-01, 5.87562844e-02,
         5.72265172e-03, 8.34512711e-03, 8.88156116e-01, 2.04860669e-04,
         2.15811562e-03],
        [5.92778698e-02, 9.82229412e-01, 9.90647495e-01, 5.82961887e-02,
         5.66647854e-03, 8.34918953e-03, 8.88546526e-01, 2.03196047e-04,
         2.14281213e-03],
        [5.93394749e-02, 9.82309639e-01, 9.90765631e-01, 5.81442863e-02,
         5.62043162e-03, 8.28412175e-03, 8.89093876e-01, 2.01139657e-04,
         2.12252093e-03],
        [5.93546368e-02, 9.82445419e-01, 9.90773082e-01, 5.77719212e-02,
         5.56245493e-03, 8.28731898e-03, 8.89097869e-01, 1.99603819e-04,
         2.10726773e-03],
        [5.90361767e-02, 9.82450843e-01, 9.90868390e-01, 5.75242564e-02,
         5.55393286e-03, 8.26723780e-03, 8.89987409e-01, 1.98132198e-04,
         2.09633913e-03],
        [5.89903854e-02, 9.82493579e-01, 9.90972936e-01, 5.76101989e-02,
         5.54382987e-03, 8.25560652e-03, 8.90621245e-01, 1.94493972e-04,
         2.07743724e-03]]], dtype=float32), array([[[2.7479562e-01, 2.9820582e-01, 3.0153602e-01, 2.6970768e-01,
         2.6609603e-01, 2.6843870e-01, 2.8194112e-01, 2.5057024e-01,
         2.5542960e-01],
        [2.8149617e-01, 3.7872773e-01, 3.8910276e-01, 2.7944276e-01,
         2.4933293e-01, 2.5276959e-01, 3.1337088e-01, 2.2034831e-01,
         2.3376462e-01],
        [2.6869774e-01, 4.8006174e-01, 4.9849305e-01, 2.3336567e-01,
         1.9983546e-01, 1.9798939e-01, 3.1755579e-01, 1.2909316e-01,
         1.5604617e-01],
        [2.2981280e-01, 6.2124115e-01, 6.4321685e-01, 1.4902686e-01,
         1.2609220e-01, 1.1382449e-01, 2.9608685e-01, 4.3240640e-02,
         7.0556633e-02],
        [1.6775893e-01, 7.7217227e-01, 7.8906411e-01, 6.3716002e-02,
         5.4646965e-02, 4.3081969e-02, 2.3409264e-01, 7.7103334e-03,
         1.9940317e-02],
        [1.0839478e-01, 8.7828022e-01, 8.8944387e-01, 2.1862445e-02,
         1.9076081e-02, 1.4086801e-02, 1.4974985e-01, 1.2826454e-03,
         5.3379149e-03],
        [6.8442278e-02, 9.3786943e-01, 9.4490600e-01, 8.8845799e-03,
         7.6723415e-03, 5.8686505e-03, 8.6345166e-02, 3.3104041e-04,
         2.0362739e-03],
        [4.8834015e-02, 9.6794629e-01, 9.7217411e-01, 5.1547545e-03,
         4.3075676e-03, 3.5701972e-03, 5.4999985e-02, 1.5202562e-04,
         1.2062871e-03],
        [3.9451916e-02, 9.8260754e-01, 9.8500401e-01, 3.7976305e-03,
         3.1185444e-03, 2.7464307e-03, 4.0912006e-02, 9.8642020e-05,
         9.1509626e-04],
        [3.5126682e-02, 9.8964107e-01, 9.9096954e-01, 3.2427011e-03,
         2.6032596e-03, 2.4160841e-03, 3.4238737e-02, 7.8277808e-05,
         7.9666747e-04],
        [3.2917876e-02, 9.9304277e-01, 9.9375933e-01, 2.9667304e-03,
         2.3458707e-03, 2.2538970e-03, 3.0595263e-02, 6.8793634e-05,
         7.3301961e-04],
        [3.1884488e-02, 9.9469024e-01, 9.9506736e-01, 2.8233342e-03,
         2.2259722e-03, 2.1853566e-03, 2.8762653e-02, 6.3380408e-05,
         6.9576257e-04],
        [3.1169487e-02, 9.9549699e-01, 9.9572712e-01, 2.7401925e-03,
         2.1406577e-03, 2.1446967e-03, 2.7639154e-02, 6.0006641e-05,
         6.7454192e-04],
        [3.0863119e-02, 9.9591810e-01, 9.9603200e-01, 2.6954045e-03,
         2.1041799e-03, 2.1276565e-03, 2.6942551e-02, 5.8172500e-05,
         6.5550406e-04],
        [3.0737342e-02, 9.9611539e-01, 9.9619430e-01, 2.6554728e-03,
         2.0860797e-03, 2.1297424e-03, 2.6771534e-02, 5.7425117e-05,
         6.4977020e-04],
        [3.0560950e-02, 9.9623561e-01, 9.9627686e-01, 2.6387095e-03,
         2.0660965e-03, 2.1210627e-03, 2.6376264e-02, 5.6493071e-05,
         6.4027822e-04],
        [3.0524673e-02, 9.9629569e-01, 9.9634254e-01, 2.6234218e-03,
         2.0451122e-03, 2.1136554e-03, 2.6273450e-02, 5.5845445e-05,
         6.3707819e-04],
        [3.0629797e-02, 9.9629849e-01, 9.9636704e-01, 2.6182665e-03,
         2.0574071e-03, 2.1122813e-03, 2.6374280e-02, 5.5460881e-05,
         6.3637423e-04],
        [3.0619798e-02, 9.9633467e-01, 9.9638861e-01, 2.5961541e-03,
         2.0447697e-03, 2.1310609e-03, 2.6334584e-02, 5.5005541e-05,
         6.3353358e-04],
        [3.0364331e-02, 9.9635243e-01, 9.9639648e-01, 2.6167913e-03,
         2.0361217e-03, 2.1227479e-03, 2.6241668e-02, 5.5032171e-05,
         6.2767824e-04],
        [3.0556763e-02, 9.9636346e-01, 9.9641508e-01, 2.6243834e-03,
         2.0344099e-03, 2.1214285e-03, 2.6432158e-02, 5.5330587e-05,
         6.2852318e-04],
        [3.0612541e-02, 9.9636221e-01, 9.9642187e-01, 2.6189899e-03,
         2.0351547e-03, 2.1275212e-03, 2.6457781e-02, 5.4730423e-05,
         6.2679616e-04],
        [3.0651690e-02, 9.9635983e-01, 9.9642420e-01, 2.6011087e-03,
         2.0311915e-03, 2.1312553e-03, 2.6705593e-02, 5.4549375e-05,
         6.2776718e-04],
        [3.0508814e-02, 9.9638671e-01, 9.9642634e-01, 2.6094089e-03,
         2.0285533e-03, 2.1254136e-03, 2.6429875e-02, 5.4548604e-05,
         6.2034139e-04],
        [3.0477861e-02, 9.9637419e-01, 9.9643111e-01, 2.6158509e-03,
         2.0234704e-03, 2.1165186e-03, 2.6515990e-02, 5.4446184e-05,
         6.2277704e-04],
        [3.0568453e-02, 9.9637043e-01, 9.9642622e-01, 2.6112185e-03,
         2.0220147e-03, 2.1244739e-03, 2.6574722e-02, 5.4113636e-05,
         6.2031142e-04],
        [3.0480912e-02, 9.9638391e-01, 9.9643981e-01, 2.5993679e-03,
         2.0256408e-03, 2.1257286e-03, 2.6444130e-02, 5.4417156e-05,
         6.2070269e-04],
        [3.0593891e-02, 9.9638230e-01, 9.9643689e-01, 2.6052082e-03,
         2.0505365e-03, 2.1226301e-03, 2.6734691e-02, 5.4151220e-05,
         6.2218128e-04],
        [3.0524706e-02, 9.9636692e-01, 9.9642003e-01, 2.6093165e-03,
         2.0351226e-03, 2.1339101e-03, 2.6802661e-02, 5.4562013e-05,
         6.2329631e-04],
        [3.0535189e-02, 9.9638402e-01, 9.9643815e-01, 2.5892004e-03,
         2.0368001e-03, 2.1300048e-03, 2.6727539e-02, 5.4032313e-05,
         6.2227173e-04],
        [3.0601958e-02, 9.9638844e-01, 9.9640989e-01, 2.6045239e-03,
         2.0328113e-03, 2.1358531e-03, 2.6670078e-02, 5.4593493e-05,
         6.2198821e-04],
        [3.0510804e-02, 9.9636638e-01, 9.9641943e-01, 2.6210232e-03,
         2.0425746e-03, 2.1238539e-03, 2.6748491e-02, 5.4488668e-05,
         6.2220159e-04]]], dtype=float32), array([[[2.7639863e-01, 3.0831942e-01, 3.1589758e-01, 2.5371325e-01,
         2.5382438e-01, 2.5564024e-01, 2.6974812e-01, 2.3364167e-01,
         2.4058808e-01],
        [2.7843007e-01, 4.4760698e-01, 4.7155377e-01, 2.0081709e-01,
         1.8354432e-01, 1.8335368e-01, 2.4389657e-01, 1.2836154e-01,
         1.5256603e-01],
        [2.4436130e-01, 6.5261716e-01, 6.8413955e-01, 7.2786763e-02,
         7.3755875e-02, 6.3494533e-02, 1.1659926e-01, 1.9982556e-02,
         3.7415359e-02],
        [1.7306758e-01, 8.2465607e-01, 8.4963566e-01, 1.1911300e-02,
         1.5074371e-02, 1.0336138e-02, 1.8234557e-02, 1.2669867e-03,
         4.6602087e-03],
        [1.1180789e-01, 9.1564417e-01, 9.3215102e-01, 2.7959258e-03,
         3.8152696e-03, 2.4472657e-03, 2.1574809e-03, 1.5736015e-04,
         1.0182468e-03],
        [8.5395910e-02, 9.5994520e-01, 9.6918017e-01, 1.4571880e-03,
         1.9634131e-03, 1.2780462e-03, 5.3660455e-04, 5.8042595e-05,
         5.1432510e-04],
        [7.7603444e-02, 9.8049170e-01, 9.8510611e-01, 1.1835913e-03,
         1.5417463e-03, 1.0367198e-03, 2.7336742e-04, 3.9961200e-05,
         4.0257710e-04],
        [7.5277448e-02, 9.8983294e-01, 9.9188709e-01, 1.1077869e-03,
         1.4157372e-03, 9.7253453e-04, 1.9954133e-04, 3.4659890e-05,
         3.6968122e-04],
        [7.4773088e-02, 9.9406391e-01, 9.9474686e-01, 1.0908990e-03,
         1.3712040e-03, 9.5523871e-04, 1.7457285e-04, 3.2891152e-05,
         3.5862523e-04],
        [7.4437022e-02, 9.9599677e-01, 9.9600357e-01, 1.0822930e-03,
         1.3546897e-03, 9.4472832e-04, 1.6355026e-04, 3.1803167e-05,
         3.5437947e-04],
        [7.4494459e-02, 9.9689382e-01, 9.9655020e-01, 1.0802649e-03,
         1.3475110e-03, 9.4188814e-04, 1.5792223e-04, 3.1403273e-05,
         3.5098344e-04],
        [7.4381888e-02, 9.9731481e-01, 9.9679846e-01, 1.0812265e-03,
         1.3430263e-03, 9.4350730e-04, 1.5412562e-04, 3.1174150e-05,
         3.4960260e-04],
        [7.4577406e-02, 9.9749440e-01, 9.9688596e-01, 1.0816728e-03,
         1.3420286e-03, 9.4183796e-04, 1.5460169e-04, 3.1278771e-05,
         3.5068233e-04],
        [7.4257471e-02, 9.9759585e-01, 9.9695128e-01, 1.0787346e-03,
         1.3347367e-03, 9.3734515e-04, 1.5249418e-04, 3.0844509e-05,
         3.4788245e-04],
        [7.4417531e-02, 9.9764645e-01, 9.9696147e-01, 1.0794093e-03,
         1.3342773e-03, 9.4374100e-04, 1.5166648e-04, 3.0846972e-05,
         3.4770690e-04],
        [7.4226215e-02, 9.9767691e-01, 9.9697751e-01, 1.0771701e-03,
         1.3332730e-03, 9.4364461e-04, 1.5159963e-04, 3.0722582e-05,
         3.4748038e-04],
        [7.4465312e-02, 9.9768925e-01, 9.9698716e-01, 1.0749568e-03,
         1.3311250e-03, 9.3940366e-04, 1.5117915e-04, 3.0534116e-05,
         3.4629434e-04],
        [7.4323304e-02, 9.9768519e-01, 9.9698651e-01, 1.0812626e-03,
         1.3350465e-03, 9.4046583e-04, 1.5190798e-04, 3.0753748e-05,
         3.4723716e-04],
        [7.4226215e-02, 9.9769294e-01, 9.9698305e-01, 1.0779670e-03,
         1.3305151e-03, 9.4168086e-04, 1.5098746e-04, 3.0816012e-05,
         3.4841330e-04],
        [7.4256606e-02, 9.9769390e-01, 9.9700111e-01, 1.0765799e-03,
         1.3300618e-03, 9.3956693e-04, 1.4976625e-04, 3.0723459e-05,
         3.4778833e-04],
        [7.4430652e-02, 9.9769974e-01, 9.9699742e-01, 1.0821611e-03,
         1.3336024e-03, 9.4115367e-04, 1.5031673e-04, 3.0712548e-05,
         3.4633616e-04],
        [7.4246839e-02, 9.9769813e-01, 9.9699330e-01, 1.0811075e-03,
         1.3331572e-03, 9.4060443e-04, 1.5118008e-04, 3.0799754e-05,
         3.4768099e-04],
        [7.4201241e-02, 9.9770737e-01, 9.9699348e-01, 1.0760223e-03,
         1.3252529e-03, 9.4030419e-04, 1.4930298e-04, 3.0636147e-05,
         3.4513348e-04],
        [7.4375682e-02, 9.9771011e-01, 9.9698544e-01, 1.0767232e-03,
         1.3312030e-03, 9.4428944e-04, 1.5061494e-04, 3.0664964e-05,
         3.4736382e-04],
        [7.4189350e-02, 9.9769825e-01, 9.9699104e-01, 1.0825646e-03,
         1.3322905e-03, 9.4388559e-04, 1.5090840e-04, 3.0819796e-05,
         3.4713410e-04],
        [7.4419409e-02, 9.9769175e-01, 9.9697924e-01, 1.0837148e-03,
         1.3308759e-03, 9.4074215e-04, 1.5187284e-04, 3.0776362e-05,
         3.4934343e-04],
        [7.4204646e-02, 9.9769980e-01, 9.9699306e-01, 1.0773244e-03,
         1.3376554e-03, 9.3572313e-04, 1.5152342e-04, 3.0726696e-05,
         3.4899040e-04],
        [7.4202381e-02, 9.9770325e-01, 9.9699223e-01, 1.0812763e-03,
         1.3300733e-03, 9.3731488e-04, 1.5042066e-04, 3.0633826e-05,
         3.4783824e-04],
        [7.4522719e-02, 9.9770981e-01, 9.9698412e-01, 1.0744444e-03,
         1.3368266e-03, 9.4406697e-04, 1.5071373e-04, 3.0594994e-05,
         3.4852533e-04],
        [7.4281566e-02, 9.9769640e-01, 9.9699318e-01, 1.0841375e-03,
         1.3291095e-03, 9.3856279e-04, 1.4999219e-04, 3.0639221e-05,
         3.4719743e-04],
        [7.4534871e-02, 9.9770117e-01, 9.9699461e-01, 1.0776641e-03,
         1.3359726e-03, 9.4141817e-04, 1.5129762e-04, 3.0695013e-05,
         3.4930010e-04],
        [7.4563645e-02, 9.9769604e-01, 9.9697322e-01, 1.0814217e-03,
         1.3309511e-03, 9.4432983e-04, 1.5123536e-04, 3.0790772e-05,
         3.4910068e-04]]], dtype=float32), array([[[2.8476840e-01, 3.1985554e-01, 3.3537072e-01, 2.3486158e-01,
         2.3533763e-01, 2.3633605e-01, 2.5074726e-01, 2.0890895e-01,
         2.2130828e-01],
        [3.2438350e-01, 4.8653099e-01, 5.3710800e-01, 1.3815661e-01,
         1.3262255e-01, 1.2591834e-01, 1.6420831e-01, 7.6779358e-02,
         1.0580629e-01],
        [3.7428829e-01, 7.0974201e-01, 7.7601886e-01, 2.0754874e-02,
         2.5719546e-02, 1.9151581e-02, 2.2831947e-02, 4.2735282e-03,
         1.1601052e-02],
        [4.1225120e-01, 8.5281354e-01, 9.0398973e-01, 2.1716421e-03,
         3.4422197e-03, 2.0579800e-03, 8.4390974e-04, 1.8547929e-04,
         1.0943051e-03],
        [4.3271154e-01, 9.2619735e-01, 9.5895487e-01, 7.9029251e-04,
         1.2363333e-03, 7.0567260e-04, 7.7137243e-05, 4.0121853e-05,
         3.8147348e-04],
        [4.4771859e-01, 9.6298283e-01, 9.8186743e-01, 6.3483405e-04,
         9.4002992e-04, 5.3570926e-04, 2.8178831e-05, 2.6151782e-05,
         2.9640325e-04],
        [4.5738295e-01, 9.8083967e-01, 9.9123156e-01, 6.1752956e-04,
         8.9056918e-04, 5.0342944e-04, 1.9816358e-05, 2.3729193e-05,
         2.8458037e-04],
        [4.6242994e-01, 9.8938799e-01, 9.9505115e-01, 6.1844644e-04,
         8.7590469e-04, 4.8985548e-04, 1.7242601e-05, 2.3025550e-05,
         2.8218047e-04],
        [4.6559981e-01, 9.9349642e-01, 9.9661672e-01, 6.2143273e-04,
         8.7400118e-04, 4.8677830e-04, 1.6433201e-05, 2.2858509e-05,
         2.8328176e-04],
        [4.6754339e-01, 9.9547046e-01, 9.9725580e-01, 6.2247575e-04,
         8.7232987e-04, 4.8648260e-04, 1.6168782e-05, 2.2883538e-05,
         2.8375274e-04],
        [4.6848610e-01, 9.9643517e-01, 9.9754119e-01, 6.2236388e-04,
         8.6998229e-04, 4.8552084e-04, 1.5915379e-05, 2.2822263e-05,
         2.8301726e-04],
        [4.6915659e-01, 9.9691236e-01, 9.9764222e-01, 6.2429160e-04,
         8.7192352e-04, 4.8608301e-04, 1.5846148e-05, 2.2840508e-05,
         2.8383112e-04],
        [4.6947506e-01, 9.9714404e-01, 9.9768996e-01, 6.2429061e-04,
         8.7079924e-04, 4.8587006e-04, 1.5904632e-05, 2.2880484e-05,
         2.8405891e-04],
        [4.6965680e-01, 9.9727213e-01, 9.9770963e-01, 6.2307855e-04,
         8.7124167e-04, 4.8607777e-04, 1.5801092e-05, 2.2843311e-05,
         2.8356680e-04],
        [4.7020489e-01, 9.9734741e-01, 9.9773645e-01, 6.2217889e-04,
         8.6819840e-04, 4.8475197e-04, 1.5641370e-05, 2.2785420e-05,
         2.8339165e-04],
        [4.7000149e-01, 9.9736500e-01, 9.9772656e-01, 6.2321074e-04,
         8.6967513e-04, 4.8553938e-04, 1.5755706e-05, 2.2881739e-05,
         2.8416814e-04],
        [4.7048855e-01, 9.9737853e-01, 9.9773335e-01, 6.2414823e-04,
         8.6810981e-04, 4.8523862e-04, 1.5724061e-05, 2.2827611e-05,
         2.8428016e-04],
        [4.7021571e-01, 9.9738503e-01, 9.9773037e-01, 6.2425534e-04,
         8.6909393e-04, 4.8586976e-04, 1.5768892e-05, 2.2816665e-05,
         2.8435467e-04],
        [4.7072387e-01, 9.9739701e-01, 9.9774015e-01, 6.2271871e-04,
         8.7156479e-04, 4.8472657e-04, 1.5779384e-05, 2.2774793e-05,
         2.8404981e-04],
        [4.7078049e-01, 9.9739993e-01, 9.9773335e-01, 6.2309083e-04,
         8.6929410e-04, 4.8533018e-04, 1.5726928e-05, 2.2788980e-05,
         2.8437332e-04],
        [4.7041571e-01, 9.9739498e-01, 9.9773097e-01, 6.2500394e-04,
         8.6976704e-04, 4.8568647e-04, 1.5746493e-05, 2.2893806e-05,
         2.8406485e-04],
        [4.7040218e-01, 9.9739254e-01, 9.9772626e-01, 6.2433485e-04,
         8.6911989e-04, 4.8522887e-04, 1.5778916e-05, 2.2857170e-05,
         2.8385062e-04],
        [4.7044042e-01, 9.9739289e-01, 9.9772406e-01, 6.2336290e-04,
         8.6896325e-04, 4.8662766e-04, 1.5854075e-05, 2.2884053e-05,
         2.8436416e-04],
        [4.7031662e-01, 9.9739754e-01, 9.9772495e-01, 6.2549842e-04,
         8.6920377e-04, 4.8577168e-04, 1.5849446e-05, 2.2857952e-05,
         2.8467056e-04],
        [4.7021064e-01, 9.9739677e-01, 9.9773538e-01, 6.2541047e-04,
         8.7103475e-04, 4.8291712e-04, 1.5699947e-05, 2.2747005e-05,
         2.8336424e-04],
        [4.7040388e-01, 9.9739969e-01, 9.9773067e-01, 6.2374771e-04,
         8.6718949e-04, 4.8530629e-04, 1.5697869e-05, 2.2831971e-05,
         2.8401293e-04],
        [4.7010043e-01, 9.9740338e-01, 9.9772847e-01, 6.2415202e-04,
         8.6801179e-04, 4.8528361e-04, 1.5754309e-05, 2.2829381e-05,
         2.8454501e-04],
        [4.7038785e-01, 9.9740136e-01, 9.9773538e-01, 6.2292651e-04,
         8.6773379e-04, 4.8522893e-04, 1.5677530e-05, 2.2873559e-05,
         2.8385190e-04],
        [4.7062355e-01, 9.9739039e-01, 9.9772781e-01, 6.2457193e-04,
         8.6941227e-04, 4.8534761e-04, 1.5814783e-05, 2.2866841e-05,
         2.8455601e-04],
        [4.7058111e-01, 9.9739897e-01, 9.9772644e-01, 6.2324299e-04,
         8.6966570e-04, 4.8637658e-04, 1.5759055e-05, 2.2775635e-05,
         2.8335620e-04],
        [4.7035331e-01, 9.9741173e-01, 9.9773967e-01, 6.2132970e-04,
         8.6865143e-04, 4.8567684e-04, 1.5645932e-05, 2.2748791e-05,
         2.8344980e-04],
        [4.7097334e-01, 9.9739635e-01, 9.9772608e-01, 6.2419917e-04,
         8.7086170e-04, 4.8636616e-04, 1.5892219e-05, 2.2904236e-05,
         2.8482030e-04]]], dtype=float32), array([[[3.08325589e-01, 3.26050550e-01, 3.58193219e-01, 2.11778507e-01,
         2.11128175e-01, 2.14766860e-01, 2.29957074e-01, 1.77108660e-01,
         1.99760884e-01],
        [4.36214685e-01, 5.06186604e-01, 6.12580359e-01, 7.76906237e-02,
         7.63027593e-02, 7.42402598e-02, 9.28558782e-02, 3.36208157e-02,
         6.13666847e-02],
        [6.43387854e-01, 7.08301604e-01, 8.35192084e-01, 5.29544707e-03,
         7.47469859e-03, 5.72880125e-03, 3.97457881e-03, 8.37335887e-04,
         3.73782776e-03],
        [7.83564389e-01, 8.26685071e-01, 9.31488395e-01, 6.93583395e-04,
         1.16737699e-03, 7.55300396e-04, 1.14782335e-04, 5.16615728e-05,
         4.88322345e-04],
        [8.61663699e-01, 8.97730470e-01, 9.71324861e-01, 3.94042552e-04,
         6.36138080e-04, 3.93936760e-04, 2.00415816e-05, 2.05406177e-05,
         2.77675746e-04],
        [9.07482266e-01, 9.40049529e-01, 9.87295210e-01, 3.62192164e-04,
         5.64667804e-04, 3.49302369e-04, 1.19632132e-05, 1.68837887e-05,
         2.60124594e-04],
        [9.34671104e-01, 9.64306235e-01, 9.93604898e-01, 3.56114324e-04,
         5.50320488e-04, 3.39132152e-04, 1.00890338e-05, 1.60316686e-05,
         2.59978347e-04],
        [9.50997055e-01, 9.77923334e-01, 9.96064007e-01, 3.53629526e-04,
         5.48439508e-04, 3.39560211e-04, 9.62939157e-06, 1.58635739e-05,
         2.61572684e-04],
        [9.61139143e-01, 9.85528231e-01, 9.97036219e-01, 3.51560651e-04,
         5.47532807e-04, 3.40833067e-04, 9.46826185e-06, 1.58109615e-05,
         2.62706890e-04],
        [9.67574835e-01, 9.89802957e-01, 9.97417808e-01, 3.49622103e-04,
         5.47940494e-04, 3.41471197e-04, 9.39009715e-06, 1.57580780e-05,
         2.63007067e-04],
        [9.71832573e-01, 9.92218912e-01, 9.97572303e-01, 3.49231588e-04,
         5.47103758e-04, 3.41050676e-04, 9.34689888e-06, 1.57618178e-05,
         2.62725109e-04],
        [9.74727929e-01, 9.93615210e-01, 9.97633219e-01, 3.48036265e-04,
         5.46776806e-04, 3.41825275e-04, 9.30279111e-06, 1.57465292e-05,
         2.63213093e-04],
        [9.76771832e-01, 9.94414687e-01, 9.97659504e-01, 3.48065165e-04,
         5.47757256e-04, 3.41363280e-04, 9.28930604e-06, 1.57488448e-05,
         2.63630820e-04],
        [9.78174686e-01, 9.94892418e-01, 9.97675359e-01, 3.47335910e-04,
         5.46380528e-04, 3.41493636e-04, 9.20152979e-06, 1.57161212e-05,
         2.63404305e-04],
        [9.79289114e-01, 9.95172560e-01, 9.97673452e-01, 3.47515539e-04,
         5.46916039e-04, 3.42390034e-04, 9.24794676e-06, 1.57140221e-05,
         2.63356982e-04],
        [9.80097175e-01, 9.95340228e-01, 9.97671723e-01, 3.46903544e-04,
         5.47634088e-04, 3.42931191e-04, 9.31276372e-06, 1.57426311e-05,
         2.63397582e-04],
        [9.80719626e-01, 9.95442271e-01, 9.97677803e-01, 3.47425463e-04,
         5.46768191e-04, 3.42240935e-04, 9.25768927e-06, 1.57431568e-05,
         2.63624010e-04],
        [9.81172502e-01, 9.95503545e-01, 9.97679353e-01, 3.47035966e-04,
         5.46134368e-04, 3.42376763e-04, 9.25618406e-06, 1.56754923e-05,
         2.63605005e-04],
        [9.81563687e-01, 9.95545328e-01, 9.97676015e-01, 3.47082416e-04,
         5.47119824e-04, 3.42806423e-04, 9.28438385e-06, 1.57035083e-05,
         2.62986607e-04],
        [9.81873870e-01, 9.95574236e-01, 9.97678161e-01, 3.46679764e-04,
         5.47122851e-04, 3.42582643e-04, 9.29469388e-06, 1.57261147e-05,
         2.63057562e-04],
        [9.82095480e-01, 9.95591462e-01, 9.97681022e-01, 3.46515066e-04,
         5.45597344e-04, 3.42537911e-04, 9.21372612e-06, 1.56786682e-05,
         2.62990332e-04],
        [9.82339203e-01, 9.95588303e-01, 9.97677445e-01, 3.47352005e-04,
         5.46522788e-04, 3.41880281e-04, 9.25305267e-06, 1.57157810e-05,
         2.63602415e-04],
        [9.82464731e-01, 9.95612383e-01, 9.97681975e-01, 3.47096851e-04,
         5.45880990e-04, 3.42240121e-04, 9.24144842e-06, 1.57302748e-05,
         2.63480149e-04],
        [9.82614219e-01, 9.95605052e-01, 9.97678518e-01, 3.47022811e-04,
         5.46267140e-04, 3.42167361e-04, 9.24553296e-06, 1.57328614e-05,
         2.62982154e-04],
        [9.82736766e-01, 9.95614648e-01, 9.97674406e-01, 3.46381625e-04,
         5.47287869e-04, 3.43376363e-04, 9.27773453e-06, 1.57268514e-05,
         2.63257854e-04],
        [9.82851386e-01, 9.95617092e-01, 9.97673869e-01, 3.46650631e-04,
         5.47588221e-04, 3.43168940e-04, 9.31401974e-06, 1.57604009e-05,
         2.63496826e-04],
        [9.82885599e-01, 9.95620728e-01, 9.97671902e-01, 3.46664659e-04,
         5.45991759e-04, 3.43336258e-04, 9.28686586e-06, 1.57568484e-05,
         2.62986956e-04],
        [9.82984245e-01, 9.95610476e-01, 9.97678161e-01, 3.46202287e-04,
         5.47213538e-04, 3.42269515e-04, 9.28699228e-06, 1.57230406e-05,
         2.63209658e-04],
        [9.83025730e-01, 9.95631039e-01, 9.97678518e-01, 3.46142013e-04,
         5.47093747e-04, 3.43002815e-04, 9.25756012e-06, 1.56985607e-05,
         2.63450464e-04],
        [9.83088017e-01, 9.95634437e-01, 9.97679830e-01, 3.46901739e-04,
         5.45839837e-04, 3.42671876e-04, 9.21434184e-06, 1.56700389e-05,
         2.63725582e-04],
        [9.83154595e-01, 9.95628834e-01, 9.97682810e-01, 3.46484012e-04,
         5.46466152e-04, 3.42358486e-04, 9.21409810e-06, 1.57133763e-05,
         2.63801048e-04],
        [9.83181655e-01, 9.95616913e-01, 9.97678339e-01, 3.46754096e-04,
         5.46718016e-04, 3.42825515e-04, 9.27684050e-06, 1.57363847e-05,
         2.63314112e-04]]], dtype=float32), array([[[3.38951558e-01, 3.23033661e-01, 3.83897305e-01, 1.86337620e-01,
         1.82539523e-01, 1.89975172e-01, 2.02598438e-01, 1.46568730e-01,
         1.81264043e-01],
        [5.69736660e-01, 4.85502422e-01, 6.76227868e-01, 3.81250717e-02,
         3.73318084e-02, 3.89852859e-02, 4.38770093e-02, 1.33701432e-02,
         3.64890397e-02],
        [8.03325117e-01, 6.38428569e-01, 8.70157838e-01, 1.50403043e-03,
         2.10161111e-03, 1.84404524e-03, 7.50613399e-04, 1.89214712e-04,
         1.60667859e-03],
        [9.08820987e-01, 7.14688301e-01, 9.46645439e-01, 3.24756606e-04,
         5.06377954e-04, 3.67047789e-04, 3.73970943e-05, 2.24189334e-05,
         3.54165531e-04],
        [9.58766520e-01, 7.68873811e-01, 9.77576315e-01, 2.44034993e-04,
         3.94495873e-04, 2.55463005e-04, 1.56507940e-05, 1.44673704e-05,
         2.73536250e-04],
        [9.81222510e-01, 8.12292099e-01, 9.89700377e-01, 2.33354338e-04,
         3.90494359e-04, 2.37364002e-04, 1.29022301e-05, 1.34659958e-05,
         2.67763069e-04],
        [9.91023183e-01, 8.46915245e-01, 9.94376600e-01, 2.31387836e-04,
         3.93363152e-04, 2.32080056e-04, 1.21455450e-05, 1.31959678e-05,
         2.67259078e-04],
        [9.95296001e-01, 8.74203563e-01, 9.96171534e-01, 2.32079736e-04,
         3.96918098e-04, 2.30218488e-04, 1.18780708e-05, 1.30911758e-05,
         2.67904077e-04],
        [9.97177303e-01, 8.95595431e-01, 9.96870399e-01, 2.32153136e-04,
         3.99567449e-04, 2.28915407e-04, 1.16478168e-05, 1.29736527e-05,
         2.68124510e-04],
        [9.98018682e-01, 9.12359715e-01, 9.97137129e-01, 2.32530947e-04,
         4.02005680e-04, 2.29109835e-04, 1.15953080e-05, 1.29395867e-05,
         2.68443022e-04],
        [9.98397946e-01, 9.25443888e-01, 9.97247279e-01, 2.33363273e-04,
         4.02326667e-04, 2.27674871e-04, 1.14399645e-05, 1.28633728e-05,
         2.68493081e-04],
        [9.98575568e-01, 9.35802877e-01, 9.97290969e-01, 2.33796236e-04,
         4.03157348e-04, 2.27018463e-04, 1.13666911e-05, 1.28072743e-05,
         2.67745985e-04],
        [9.98660326e-01, 9.44011152e-01, 9.97307241e-01, 2.34349107e-04,
         4.03900543e-04, 2.27332537e-04, 1.14001623e-05, 1.28122556e-05,
         2.67439289e-04],
        [9.98699605e-01, 9.50465858e-01, 9.97314095e-01, 2.34349471e-04,
         4.05300932e-04, 2.27034107e-04, 1.13635260e-05, 1.27788289e-05,
         2.68485514e-04],
        [9.98718977e-01, 9.55710590e-01, 9.97323930e-01, 2.34782929e-04,
         4.04700637e-04, 2.26242279e-04, 1.12722482e-05, 1.27480307e-05,
         2.68302538e-04],
        [9.98729765e-01, 9.59929883e-01, 9.97325361e-01, 2.34395004e-04,
         4.06162115e-04, 2.27348166e-04, 1.12697144e-05, 1.27357571e-05,
         2.68096599e-04],
        [9.98737454e-01, 9.63367701e-01, 9.97325838e-01, 2.34946652e-04,
         4.06400155e-04, 2.26437347e-04, 1.12628777e-05, 1.27241465e-05,
         2.68133648e-04],
        [9.98737693e-01, 9.66161311e-01, 9.97327566e-01, 2.34768362e-04,
         4.06070321e-04, 2.26586155e-04, 1.12689131e-05, 1.27292233e-05,
         2.68459262e-04],
        [9.98738885e-01, 9.68465626e-01, 9.97331858e-01, 2.35096784e-04,
         4.05934727e-04, 2.26181306e-04, 1.11798645e-05, 1.26554414e-05,
         2.68202421e-04],
        [9.98740911e-01, 9.70394671e-01, 9.97326434e-01, 2.35291693e-04,
         4.06695093e-04, 2.26422213e-04, 1.12451053e-05, 1.27109934e-05,
         2.68101110e-04],
        [9.98739421e-01, 9.72026348e-01, 9.97329116e-01, 2.35575062e-04,
         4.06666106e-04, 2.26601027e-04, 1.12122070e-05, 1.26980294e-05,
         2.68458243e-04],
        [9.98739183e-01, 9.73311007e-01, 9.97330248e-01, 2.35008090e-04,
         4.06468287e-04, 2.25795811e-04, 1.12123844e-05, 1.26842224e-05,
         2.68515578e-04],
        [9.98741329e-01, 9.74464595e-01, 9.97327447e-01, 2.35261759e-04,
         4.07379819e-04, 2.26467368e-04, 1.12029502e-05, 1.26715595e-05,
         2.68520176e-04],
        [9.98742640e-01, 9.75478590e-01, 9.97331500e-01, 2.35471292e-04,
         4.07409767e-04, 2.26287724e-04, 1.12142870e-05, 1.26715722e-05,
         2.68592034e-04],
        [9.98740315e-01, 9.76314545e-01, 9.97329772e-01, 2.35470987e-04,
         4.07006301e-04, 2.26198419e-04, 1.12009457e-05, 1.26808254e-05,
         2.68426840e-04],
        [9.98741746e-01, 9.77046609e-01, 9.97324109e-01, 2.35575862e-04,
         4.07589076e-04, 2.26662160e-04, 1.12648004e-05, 1.26988134e-05,
         2.68514559e-04],
        [9.98742223e-01, 9.77672279e-01, 9.97330904e-01, 2.35949483e-04,
         4.07021813e-04, 2.26377771e-04, 1.12314683e-05, 1.26774294e-05,
         2.68766831e-04],
        [9.98742700e-01, 9.78196084e-01, 9.97329116e-01, 2.35785017e-04,
         4.07513871e-04, 2.26334130e-04, 1.12139323e-05, 1.26782961e-05,
         2.68137286e-04],
        [9.98741388e-01, 9.78626907e-01, 9.97333348e-01, 2.35202693e-04,
         4.07183979e-04, 2.25795811e-04, 1.11666905e-05, 1.26493824e-05,
         2.68681266e-04],
        [9.98742223e-01, 9.79072213e-01, 9.97328520e-01, 2.35680418e-04,
         4.07721993e-04, 2.26408447e-04, 1.12052094e-05, 1.26809000e-05,
         2.68593751e-04],
        [9.98741806e-01, 9.79435802e-01, 9.97330904e-01, 2.35352112e-04,
         4.07066575e-04, 2.26287637e-04, 1.11350146e-05, 1.26525674e-05,
         2.69520737e-04],
        [9.98741388e-01, 9.79729176e-01, 9.97331381e-01, 2.35053376e-04,
         4.07064683e-04, 2.26003947e-04, 1.11557392e-05, 1.26416553e-05,
         2.68586155e-04]]], dtype=float32), array([[[3.55052829e-01, 3.02874476e-01, 3.85632336e-01, 1.79623261e-01,
         1.73606023e-01, 1.83043033e-01, 1.95555449e-01, 1.42065227e-01,
         1.86105490e-01],
        [6.42153442e-01, 4.14183259e-01, 6.97808683e-01, 2.54995022e-02,
         2.37407796e-02, 2.65394822e-02, 2.95551065e-02, 8.42066016e-03,
         3.35106403e-02],
        [8.49980235e-01, 5.11076987e-01, 8.81134808e-01, 8.82474589e-04,
         1.14691933e-03, 1.07902370e-03, 4.25214152e-04, 1.12287438e-04,
         1.70108187e-03],
        [9.36126888e-01, 5.32940388e-01, 9.51213539e-01, 2.31791040e-04,
         3.21371452e-04, 2.60024361e-04, 3.07481132e-05, 1.67979251e-05,
         4.58545925e-04],
        [9.73773897e-01, 5.33784747e-01, 9.78940666e-01, 1.85595301e-04,
         2.62448186e-04, 2.02251205e-04, 1.60101899e-05, 1.17747832e-05,
         3.61526589e-04],
        [9.89266574e-01, 5.32303572e-01, 9.89633203e-01, 1.78984425e-04,
         2.58562592e-04, 1.96007604e-04, 1.41149976e-05, 1.12105581e-05,
         3.50289396e-04],
        [9.95473683e-01, 5.30678451e-01, 9.93709385e-01, 1.77633730e-04,
         2.58464366e-04, 1.94732726e-04, 1.36351855e-05, 1.11168056e-05,
         3.48240952e-04],
        [9.97950017e-01, 5.29334247e-01, 9.95259285e-01, 1.77366906e-04,
         2.59298948e-04, 1.95057917e-04, 1.35879482e-05, 1.11696590e-05,
         3.49017122e-04],
        [9.98940587e-01, 5.28177083e-01, 9.95849073e-01, 1.77202906e-04,
         2.58996646e-04, 1.94998051e-04, 1.35381597e-05, 1.11824893e-05,
         3.49032372e-04],
        [9.99339640e-01, 5.27190268e-01, 9.96077597e-01, 1.76839370e-04,
         2.58533866e-04, 1.95340952e-04, 1.35044465e-05, 1.11845393e-05,
         3.49218026e-04],
        [9.99501586e-01, 5.26359618e-01, 9.96162713e-01, 1.77091526e-04,
         2.58399872e-04, 1.95340355e-04, 1.35007331e-05, 1.12306016e-05,
         3.49813694e-04],
        [9.99568284e-01, 5.25623560e-01, 9.96198237e-01, 1.77225331e-04,
         2.57877226e-04, 1.94921886e-04, 1.34734937e-05, 1.11934287e-05,
         3.48619593e-04],
        [9.99596596e-01, 5.25053203e-01, 9.96208310e-01, 1.77464113e-04,
         2.58071697e-04, 1.95026718e-04, 1.35201071e-05, 1.12547150e-05,
         3.49513837e-04],
        [9.99607801e-01, 5.24549723e-01, 9.96219635e-01, 1.77151160e-04,
         2.57997483e-04, 1.95445158e-04, 1.35715245e-05, 1.12995431e-05,
         3.50142654e-04],
        [9.99611735e-01, 5.24163663e-01, 9.96232867e-01, 1.76897374e-04,
         2.56474712e-04, 1.94787193e-04, 1.33827389e-05, 1.12122443e-05,
         3.49790789e-04],
        [9.99615431e-01, 5.23811162e-01, 9.96224284e-01, 1.77330236e-04,
         2.57758744e-04, 1.95519096e-04, 1.35439604e-05, 1.12996249e-05,
         3.50342452e-04],
        [9.99615908e-01, 5.23551643e-01, 9.96230602e-01, 1.77464521e-04,
         2.57251726e-04, 1.95384477e-04, 1.34846105e-05, 1.12901052e-05,
         3.50461516e-04],
        [9.99616504e-01, 5.23264170e-01, 9.96239424e-01, 1.77136157e-04,
         2.56654690e-04, 1.94981214e-04, 1.34268894e-05, 1.12633561e-05,
         3.50394490e-04],
        [9.99617100e-01, 5.23040593e-01, 9.96234000e-01, 1.77673573e-04,
         2.57401145e-04, 1.95682631e-04, 1.35409700e-05, 1.13204997e-05,
         3.50750604e-04],
        [9.99616981e-01, 5.22872388e-01, 9.96229529e-01, 1.77330570e-04,
         2.57266889e-04, 1.95787696e-04, 1.35480741e-05, 1.13337228e-05,
         3.51261435e-04],
        [9.99616861e-01, 5.22717476e-01, 9.96236086e-01, 1.77315611e-04,
         2.56908883e-04, 1.95816756e-04, 1.35277205e-05, 1.13305550e-05,
         3.50810238e-04],
        [9.99617338e-01, 5.22639215e-01, 9.96235132e-01, 1.77524984e-04,
         2.57491076e-04, 1.96309586e-04, 1.36154367e-05, 1.13836413e-05,
         3.51950439e-04],
        [9.99616981e-01, 5.22448659e-01, 9.96241212e-01, 1.77226379e-04,
         2.56953877e-04, 1.96190595e-04, 1.35432010e-05, 1.13428587e-05,
         3.51106341e-04],
        [9.99617696e-01, 5.22356629e-01, 9.96235371e-01, 1.77614551e-04,
         2.57147971e-04, 1.95966903e-04, 1.35684286e-05, 1.13708256e-05,
         3.51658789e-04],
        [9.99617577e-01, 5.22295713e-01, 9.96240854e-01, 1.77390888e-04,
         2.56625412e-04, 1.95786881e-04, 1.35386854e-05, 1.13395918e-05,
         3.51192080e-04],
        [9.99617457e-01, 5.22216558e-01, 9.96242642e-01, 1.77495414e-04,
         2.56550848e-04, 1.96100445e-04, 1.35653645e-05, 1.13691103e-05,
         3.51850147e-04],
        [9.99617457e-01, 5.22150397e-01, 9.96249318e-01, 1.77584559e-04,
         2.56132684e-04, 1.95891058e-04, 1.34882812e-05, 1.13056485e-05,
         3.51304159e-04],
        [9.99617338e-01, 5.22140026e-01, 9.96247470e-01, 1.77614696e-04,
         2.55745166e-04, 1.96039968e-04, 1.35337923e-05, 1.13589549e-05,
         3.51231050e-04],
        [9.99617279e-01, 5.22037029e-01, 9.96247411e-01, 1.77286231e-04,
         2.55938416e-04, 1.95443237e-04, 1.34724987e-05, 1.13113110e-05,
         3.51016293e-04],
        [9.99617577e-01, 5.22073150e-01, 9.96250629e-01, 1.77256690e-04,
         2.55864084e-04, 1.95681787e-04, 1.35140908e-05, 1.13404558e-05,
         3.50895512e-04],
        [9.99617815e-01, 5.22052169e-01, 9.96245146e-01, 1.77659735e-04,
         2.56401487e-04, 1.95980436e-04, 1.35700757e-05, 1.13772221e-05,
         3.51377006e-04],
        [9.99617577e-01, 5.22076309e-01, 9.96247888e-01, 1.77585185e-04,
         2.56431493e-04, 1.96264547e-04, 1.35818609e-05, 1.13914793e-05,
         3.52056726e-04]]], dtype=float32), array([[[3.41826618e-01, 2.80797541e-01, 3.56877059e-01, 1.99081019e-01,
         1.93095624e-01, 2.01010436e-01, 2.13594183e-01, 1.68369070e-01,
         2.14390591e-01],
        [6.29222810e-01, 3.21484923e-01, 6.60169363e-01, 3.51519510e-02,
         3.01992353e-02, 3.48465927e-02, 4.32125852e-02, 1.35933170e-02,
         6.01773113e-02],
        [8.55031967e-01, 3.67857486e-01, 8.72825801e-01, 8.26412463e-04,
         9.80803627e-04, 9.48307046e-04, 5.04288822e-04, 1.12758724e-04,
         3.19676357e-03],
        [9.39805865e-01, 3.75733525e-01, 9.47663665e-01, 1.84513134e-04,
         2.46110227e-04, 1.99754402e-04, 3.45349472e-05, 1.41142873e-05,
         7.97327317e-04],
        [9.75911915e-01, 3.70024234e-01, 9.76696372e-01, 1.46398568e-04,
         1.96100184e-04, 1.62049269e-04, 1.96952278e-05, 9.77275431e-06,
         6.12097559e-04],
        [9.90421236e-01, 3.67055267e-01, 9.87798095e-01, 1.40576725e-04,
         1.91117928e-04, 1.60674463e-04, 1.78426690e-05, 9.35481512e-06,
         5.89458854e-04],
        [9.96100128e-01, 3.65874767e-01, 9.91999626e-01, 1.39107418e-04,
         1.90524384e-04, 1.60306008e-04, 1.74045890e-05, 9.27737528e-06,
         5.84760855e-04],
        [9.98307705e-01, 3.65453452e-01, 9.93570805e-01, 1.38590622e-04,
         1.90201521e-04, 1.60320196e-04, 1.71851934e-05, 9.26381927e-06,
         5.84400492e-04],
        [9.99166906e-01, 3.65193367e-01, 9.94169116e-01, 1.38344258e-04,
         1.89975486e-04, 1.60350610e-04, 1.70745188e-05, 9.25071254e-06,
         5.83760673e-04],
        [9.99502301e-01, 3.65176409e-01, 9.94393945e-01, 1.38132833e-04,
         1.89422848e-04, 1.60186377e-04, 1.69922550e-05, 9.22922027e-06,
         5.83556481e-04],
        [9.99633789e-01, 3.65190297e-01, 9.94477987e-01, 1.38176547e-04,
         1.89243641e-04, 1.60395823e-04, 1.69298728e-05, 9.22056370e-06,
         5.83510497e-04],
        [9.99686241e-01, 3.65199655e-01, 9.94507194e-01, 1.38489238e-04,
         1.89631421e-04, 1.60515454e-04, 1.69245322e-05, 9.22746858e-06,
         5.83567889e-04],
        [9.99706626e-01, 3.65199625e-01, 9.94507849e-01, 1.38295334e-04,
         1.89825354e-04, 1.60665106e-04, 1.69784289e-05, 9.27997826e-06,
         5.83908171e-04],
        [9.99715030e-01, 3.65211487e-01, 9.94517982e-01, 1.38399424e-04,
         1.89526923e-04, 1.60396507e-04, 1.69255527e-05, 9.23946118e-06,
         5.83596411e-04],
        [9.99717891e-01, 3.65278035e-01, 9.94530797e-01, 1.38205301e-04,
         1.88557169e-04, 1.60082738e-04, 1.68505358e-05, 9.19482318e-06,
         5.82827022e-04],
        [9.99719620e-01, 3.65135700e-01, 9.94526565e-01, 1.38384188e-04,
         1.89034501e-04, 1.60172727e-04, 1.68482402e-05, 9.21105948e-06,
         5.83130575e-04],
        [9.99720037e-01, 3.65250945e-01, 9.94519949e-01, 1.38324496e-04,
         1.89139013e-04, 1.60440919e-04, 1.68932420e-05, 9.24165397e-06,
         5.83678193e-04],
        [9.99720573e-01, 3.65250468e-01, 9.94521916e-01, 1.38264906e-04,
         1.89288170e-04, 1.60530908e-04, 1.69290342e-05, 9.25219501e-06,
         5.83027722e-04],
        [9.99720693e-01, 3.65245163e-01, 9.94526386e-01, 1.38413903e-04,
         1.89243423e-04, 1.60456519e-04, 1.68754086e-05, 9.21888204e-06,
         5.83396992e-04],
        [9.99720216e-01, 3.65277112e-01, 9.94526744e-01, 1.38190240e-04,
         1.88900289e-04, 1.60486234e-04, 1.68513070e-05, 9.21731862e-06,
         5.82977780e-04],
        [9.99720216e-01, 3.65229815e-01, 9.94525790e-01, 1.38324613e-04,
         1.88915117e-04, 1.60023366e-04, 1.68597271e-05, 9.20520415e-06,
         5.82707173e-04],
        [9.99720216e-01, 3.65210414e-01, 9.94526625e-01, 1.38145595e-04,
         1.88765960e-04, 1.60441428e-04, 1.68505667e-05, 9.21779247e-06,
         5.83145826e-04],
        [9.99720216e-01, 3.65246624e-01, 9.94526386e-01, 1.38265066e-04,
         1.88736361e-04, 1.60292140e-04, 1.68655170e-05, 9.21679111e-06,
         5.83131507e-04],
        [9.99720454e-01, 3.65271389e-01, 9.94522572e-01, 1.38324642e-04,
         1.88989739e-04, 1.60366646e-04, 1.68917668e-05, 9.23181688e-06,
         5.82894951e-04],
        [9.99720156e-01, 3.65241706e-01, 9.94526148e-01, 1.38115705e-04,
         1.88527309e-04, 1.60471274e-04, 1.68179959e-05, 9.20181446e-06,
         5.82857523e-04],
        [9.99720454e-01, 3.65313858e-01, 9.94520962e-01, 1.38175368e-04,
         1.88945007e-04, 1.60515774e-04, 1.68862007e-05, 9.23851894e-06,
         5.83357585e-04],
        [9.99720514e-01, 3.65250111e-01, 9.94530797e-01, 1.38384101e-04,
         1.88527396e-04, 1.60276992e-04, 1.68448350e-05, 9.20270941e-06,
         5.82629873e-04],
        [9.99720335e-01, 3.65218014e-01, 9.94531989e-01, 1.38145260e-04,
         1.88617021e-04, 1.60441239e-04, 1.68370316e-05, 9.20197999e-06,
         5.82798093e-04],
        [9.99720454e-01, 3.65191251e-01, 9.94531989e-01, 1.38264411e-04,
         1.88482707e-04, 1.60262498e-04, 1.68389215e-05, 9.19948798e-06,
         5.82514913e-04],
        [9.99720216e-01, 3.65205884e-01, 9.94523764e-01, 1.38354153e-04,
         1.88900245e-04, 1.60187847e-04, 1.68422303e-05, 9.21891660e-06,
         5.83463407e-04],
        [9.99720335e-01, 3.65205139e-01, 9.94528651e-01, 1.38219912e-04,
         1.88616832e-04, 1.60381489e-04, 1.68082079e-05, 9.19757713e-06,
         5.82706940e-04],
        [9.99720335e-01, 3.65231901e-01, 9.94523883e-01, 1.38220072e-04,
         1.89004742e-04, 1.60217736e-04, 1.68707866e-05, 9.22285744e-06,
         5.83628716e-04]]], dtype=float32), array([[[5.26948571e-01, 2.17098147e-01, 5.39769292e-01, 5.27143180e-02,
         4.24920879e-02, 5.33653721e-02, 6.39876798e-02, 2.12170910e-02,
         9.93830860e-02],
        [8.07771444e-01, 1.34599492e-01, 8.23544323e-01, 7.38627801e-04,
         7.69382226e-04, 7.47347774e-04, 5.06412587e-04, 9.09481532e-05,
         6.48703054e-03],
        [9.17687654e-01, 8.08547810e-02, 9.25046086e-01, 1.32237692e-04,
         2.19556838e-04, 1.49449144e-04, 4.42214587e-05, 1.27512394e-05,
         1.86617603e-03],
        [9.66826141e-01, 6.83715641e-02, 9.66080248e-01, 9.57987286e-05,
         1.93629545e-04, 1.22160389e-04, 3.11428739e-05, 1.01501018e-05,
         1.50988286e-03],
        [9.86869574e-01, 6.61842450e-02, 9.82129693e-01, 8.86022754e-05,
         1.93868356e-04, 1.17431016e-04, 2.98366540e-05, 1.00839907e-05,
         1.47513952e-03],
        [9.94731128e-01, 6.55408576e-02, 9.88296151e-01, 8.59468419e-05,
         1.96678171e-04, 1.15203751e-04, 2.96544604e-05, 1.01831511e-05,
         1.48267718e-03],
        [9.97777641e-01, 6.51744455e-02, 9.90641773e-01, 8.49238495e-05,
         1.99699876e-04, 1.13994996e-04, 2.97852530e-05, 1.03143011e-05,
         1.49480044e-03],
        [9.98956800e-01, 6.50141612e-02, 9.91584420e-01, 8.40706343e-05,
         2.00682465e-04, 1.13069756e-04, 2.97134175e-05, 1.03064976e-05,
         1.50167278e-03],
        [9.99414682e-01, 6.48969114e-02, 9.91968751e-01, 8.35325482e-05,
         2.01442337e-04, 1.12577298e-04, 2.96877733e-05, 1.02972417e-05,
         1.50557072e-03],
        [9.99593139e-01, 6.47663102e-02, 9.92105603e-01, 8.33083541e-05,
         2.02247888e-04, 1.12100024e-04, 2.97279530e-05, 1.03556904e-05,
         1.50790857e-03],
        [9.99662995e-01, 6.46890476e-02, 9.92179453e-01, 8.32336009e-05,
         2.02560768e-04, 1.11980480e-04, 2.97184652e-05, 1.03441316e-05,
         1.50911603e-03],
        [9.99690533e-01, 6.47166595e-02, 9.92198229e-01, 8.30842691e-05,
         2.02710115e-04, 1.11756759e-04, 2.97231472e-05, 1.03421999e-05,
         1.50955271e-03],
        [9.99701858e-01, 6.46370873e-02, 9.92214143e-01, 8.30843419e-05,
         2.02978772e-04, 1.11726833e-04, 2.98321356e-05, 1.03851044e-05,
         1.50777737e-03],
        [9.99705911e-01, 6.47295192e-02, 9.92222011e-01, 8.30544959e-05,
         2.02680385e-04, 1.11517977e-04, 2.98151626e-05, 1.03388256e-05,
         1.50729786e-03],
        [9.99707758e-01, 6.47150725e-02, 9.92222428e-01, 8.31142825e-05,
         2.02933996e-04, 1.11592533e-04, 2.98911145e-05, 1.03765897e-05,
         1.50945061e-03],
        [9.99708056e-01, 6.47866502e-02, 9.92222309e-01, 8.31739162e-05,
         2.02964031e-04, 1.11532980e-04, 2.98786472e-05, 1.03839639e-05,
         1.50994386e-03],
        [9.99708235e-01, 6.46945834e-02, 9.92232442e-01, 8.30693825e-05,
         2.02620839e-04, 1.11488036e-04, 2.98513096e-05, 1.03606772e-05,
         1.50702521e-03],
        [9.99708652e-01, 6.46983832e-02, 9.92222428e-01, 8.31292200e-05,
         2.02859548e-04, 1.11368929e-04, 2.99109215e-05, 1.03835173e-05,
         1.50563824e-03],
        [9.99708712e-01, 6.47336766e-02, 9.92226839e-01, 8.30695717e-05,
         2.02740339e-04, 1.11279311e-04, 2.99307831e-05, 1.03777838e-05,
         1.50525186e-03],
        [9.99708652e-01, 6.47318810e-02, 9.92222786e-01, 8.31143334e-05,
         2.02934316e-04, 1.11458357e-04, 2.99142157e-05, 1.03922139e-05,
         1.50720961e-03],
        [9.99708414e-01, 6.48147985e-02, 9.92245317e-01, 8.29054989e-05,
         2.01964969e-04, 1.11219415e-04, 2.98836403e-05, 1.03538978e-05,
         1.50609959e-03],
        [9.99708414e-01, 6.47939593e-02, 9.92229760e-01, 8.31293000e-05,
         2.02531563e-04, 1.11174733e-04, 2.99237108e-05, 1.03591738e-05,
         1.50497421e-03],
        [9.99708474e-01, 6.47749528e-02, 9.92219627e-01, 8.32337828e-05,
         2.02770301e-04, 1.11174828e-04, 2.99821168e-05, 1.03930261e-05,
         1.50514592e-03],
        [9.99708652e-01, 6.47917837e-02, 9.92234111e-01, 8.31292855e-05,
         2.02397350e-04, 1.11219371e-04, 2.99330841e-05, 1.03580360e-05,
         1.50216999e-03],
        [9.99708354e-01, 6.47531152e-02, 9.92239535e-01, 8.30249264e-05,
         2.02561350e-04, 1.11174493e-04, 2.98663672e-05, 1.03614029e-05,
         1.50358421e-03],
        [9.99708652e-01, 6.47957772e-02, 9.92224932e-01, 8.31443322e-05,
         2.02815179e-04, 1.11279245e-04, 2.99680923e-05, 1.03914108e-05,
         1.50453066e-03],
        [9.99708414e-01, 6.48251474e-02, 9.92240310e-01, 8.30697099e-05,
         2.02203810e-04, 1.11249137e-04, 2.99166768e-05, 1.03773364e-05,
         1.50414975e-03],
        [9.99708712e-01, 6.47594258e-02, 9.92243648e-01, 8.31144425e-05,
         2.02442214e-04, 1.11100067e-04, 2.99660060e-05, 1.03642706e-05,
         1.50250341e-03],
        [9.99708712e-01, 6.47629648e-02, 9.92226362e-01, 8.31444049e-05,
         2.02800191e-04, 1.11174748e-04, 3.00159791e-05, 1.03936572e-05,
         1.50224438e-03],
        [9.99708414e-01, 6.47490695e-02, 9.92230833e-01, 8.30995850e-05,
         2.02636264e-04, 1.11025678e-04, 2.99859603e-05, 1.03850070e-05,
         1.50177709e-03],
        [9.99708176e-01, 6.47747740e-02, 9.92241144e-01, 8.30846257e-05,
         2.02248571e-04, 1.11040383e-04, 2.99221992e-05, 1.03674729e-05,
         1.50264369e-03],
        [9.99708295e-01, 6.47817999e-02, 9.92224932e-01, 8.31294456e-05,
         2.02546857e-04, 1.11144880e-04, 2.99877356e-05, 1.03952234e-05,
         1.50286022e-03]]], dtype=float32)]