tf.Tensor(
[[[4.11532789e-01 2.47983620e-01 4.24276948e-01 1.31955683e-01
   1.19175173e-01 1.31858259e-01 1.48957968e-01 8.69691372e-02
   1.75304964e-01]
  [7.57379830e-01 1.81849584e-01 7.67691076e-01 3.95749230e-03
   3.39567475e-03 3.87733965e-03 4.35861433e-03 7.45946716e-04
   2.06088852e-02]
  [8.96842480e-01 1.00190908e-01 9.05688047e-01 2.01591087e-04
   2.92234821e-04 2.13069958e-04 8.44792085e-05 2.06579971e-05
   2.61527696e-03]
  [9.57962930e-01 7.30359182e-02 9.58542883e-01 1.04009720e-04
   1.99523405e-04 1.26708808e-04 3.45798471e-05 1.07718370e-05
   1.59628433e-03]
  [9.83341038e-01 6.71713352e-02 9.79262769e-01 9.02238899e-05
   1.93841610e-04 1.18111842e-04 3.04216646e-05 1.01176411e-05
   1.48617011e-03]
  [9.93358552e-01 6.58309981e-02 9.87205148e-01 8.64392641e-05
   1.96017674e-04 1.15682466e-04 2.98131035e-05 1.01582091e-05
   1.48102548e-03]
  [9.97246623e-01 6.52487949e-02 9.90237296e-01 8.51666991e-05
   1.98956623e-04 1.14218885e-04 2.98255327e-05 1.02834383e-05
   1.49179017e-03]
  [9.98751104e-01 6.50358796e-02 9.91422772e-01 8.41763685e-05
   2.00384777e-04 1.13189075e-04 2.97255956e-05 1.02975600e-05
   1.49952690e-03]
  [9.99334514e-01 6.49383664e-02 9.91893768e-01 8.36076215e-05
   2.01054892e-04 1.12711597e-04 2.97255756e-05 1.03162511e-05
   1.50516361e-03]
  [9.99561965e-01 6.48272261e-02 9.92071986e-01 8.35025785e-05
   2.02098847e-04 1.12249159e-04 2.98149389e-05 1.03676985e-05
   1.50783837e-03]
  [9.99650955e-01 6.47643059e-02 9.92164373e-01 8.32933511e-05
   2.02352167e-04 1.11831425e-04 2.97247097e-05 1.03357997e-05
   1.50820171e-03]
  [9.99685884e-01 6.47562668e-02 9.92181420e-01 8.33082158e-05
   2.03023432e-04 1.11906142e-04 2.98529812e-05 1.03881757e-05
   1.51005108e-03]
  [9.99699593e-01 6.47541136e-02 9.92191911e-01 8.32932710e-05
   2.03202508e-04 1.11816706e-04 2.98841333e-05 1.04088040e-05
   1.51003676e-03]
  [9.99705076e-01 6.47632852e-02 9.92198527e-01 8.32186779e-05
   2.03172647e-04 1.11682464e-04 2.98508567e-05 1.03939738e-05
   1.51029346e-03]
  [9.99707580e-01 6.47288561e-02 9.92216587e-01 8.32186779e-05
   2.02934039e-04 1.11548026e-04 2.98927498e-05 1.03884031e-05
   1.50848483e-03]
  [9.99708056e-01 6.47271797e-02 9.92218912e-01 8.31887664e-05
   2.02874333e-04 1.11488276e-04 2.98566956e-05 1.03703369e-05
   1.50837563e-03]
  [9.99708235e-01 6.47706240e-02 9.92211461e-01 8.31887664e-05
   2.02934141e-04 1.11503286e-04 2.98611121e-05 1.03797174e-05
   1.50852790e-03]
  [9.99708533e-01 6.47995099e-02 9.92231309e-01 8.30246645e-05
   2.02501542e-04 1.11443173e-04 2.98058549e-05 1.03410721e-05
   1.50557829e-03]
  [9.99708951e-01 6.47463277e-02 9.92234588e-01 8.30397112e-05
   2.02650757e-04 1.11353656e-04 2.98801315e-05 1.03626317e-05
   1.50449085e-03]
  [9.99708533e-01 6.47480041e-02 9.92223263e-01 8.31740399e-05
   2.02904412e-04 1.11398724e-04 2.99605344e-05 1.04023375e-05
   1.50669715e-03]
  [9.99708533e-01 6.47722706e-02 9.92240965e-01 8.29651253e-05
   2.02576208e-04 1.11264329e-04 2.98116429e-05 1.03371067e-05
   1.50350376e-03]
  [9.99708414e-01 6.47378489e-02 9.92228091e-01 8.32187943e-05
   2.02725554e-04 1.11294277e-04 2.99542353e-05 1.03908260e-05
   1.50617654e-03]
  [9.99708533e-01 6.47835061e-02 9.92219806e-01 8.31890793e-05
   2.02949333e-04 1.11294321e-04 2.99964322e-05 1.04070014e-05
   1.50566758e-03]
  [9.99708533e-01 6.48104325e-02 9.92236495e-01 8.30099889e-05
   2.02322946e-04 1.11279100e-04 2.99259191e-05 1.03710836e-05
   1.50441320e-03]
  [9.99708593e-01 6.47312403e-02 9.92220223e-01 8.32338555e-05
   2.02949508e-04 1.11294212e-04 3.00254742e-05 1.04243654e-05
   1.50551519e-03]
  [9.99708176e-01 6.48457557e-02 9.92240012e-01 8.29802011e-05
   2.02308031e-04 1.11204441e-04 2.99379881e-05 1.03641123e-05
   1.50428526e-03]
  [9.99708652e-01 6.48166686e-02 9.92227614e-01 8.32040023e-05
   2.02546638e-04 1.11249086e-04 2.99481671e-05 1.03809289e-05
   1.50311401e-03]
  [9.99708772e-01 6.47256374e-02 9.92240310e-01 8.30846402e-05
   2.02248397e-04 1.11055284e-04 2.99754774e-05 1.03661787e-05
   1.50068151e-03]
  [9.99708414e-01 6.48063496e-02 9.92224932e-01 8.32338992e-05
   2.02710828e-04 1.11070360e-04 2.99956864e-05 1.03956618e-05
   1.50393869e-03]
  [9.99708235e-01 6.47735521e-02 9.92225111e-01 8.32487567e-05
   2.02621450e-04 1.11055604e-04 2.99992171e-05 1.03958000e-05
   1.50352065e-03]
  [9.99708235e-01 6.48062006e-02 9.92225528e-01 8.31741490e-05
   2.02457231e-04 1.11144946e-04 2.99440871e-05 1.03688772e-05
   1.50204450e-03]
  [9.99708414e-01 6.48120940e-02 9.92219567e-01 8.32190344e-05
   2.02681069e-04 1.11100228e-04 3.00263855e-05 1.04015317e-05
   1.50320691e-03]]], shape=(1, 32, 9), dtype=float32)