[array([[[0.27987254, 0.28158927, 0.28212303, 0.28040487, 0.2815324 ,
         0.28138745, 0.2820425 , 0.28092432, 0.2816635 ],
        [0.29498562, 0.2614437 , 0.29361343, 0.33548665, 0.3287431 ,
         0.28694594, 0.3034516 , 0.29506332, 0.3046079 ],
        [0.3138127 , 0.26759753, 0.30231914, 0.36000156, 0.34672332,
         0.3003097 , 0.31941646, 0.31029826, 0.32387218],
        [0.32687587, 0.27070785, 0.3083435 , 0.37655446, 0.35984883,
         0.3082943 , 0.330576  , 0.31943533, 0.33689582],
        [0.33649653, 0.27257648, 0.31223783, 0.38905865, 0.36957157,
         0.31378424, 0.33730906, 0.32614976, 0.34662476],
        [0.3443397 , 0.27308413, 0.3139965 , 0.39781392, 0.37636244,
         0.31806344, 0.34004253, 0.33068153, 0.35377514],
        [0.34947708, 0.27353165, 0.31464005, 0.4046231 , 0.38134527,
         0.321045  , 0.34259927, 0.33370286, 0.35938436],
        [0.35476673, 0.27273464, 0.31457078, 0.41029468, 0.38502076,
         0.32432207, 0.34505975, 0.33567134, 0.3640399 ],
        [0.35792106, 0.27118656, 0.31349766, 0.41371903, 0.38598797,
         0.32707164, 0.34716463, 0.33850935, 0.36717072],
        [0.36091933, 0.27022788, 0.3129313 , 0.41575032, 0.38711837,
         0.33026406, 0.34840503, 0.34067202, 0.36960155],
        [0.36422652, 0.26891437, 0.3100271 , 0.41654056, 0.3871938 ,
         0.33109584, 0.3494535 , 0.3408832 , 0.37008378],
        [0.36550936, 0.26883358, 0.3081703 , 0.41564247, 0.38570875,
         0.3300039 , 0.35175738, 0.3416508 , 0.3708097 ],
        [0.36807382, 0.2695459 , 0.30689865, 0.41742226, 0.38502157,
         0.33071664, 0.35247028, 0.3435936 , 0.37229124],
        [0.36933866, 0.27094966, 0.3073543 , 0.41792426, 0.38501552,
         0.33085352, 0.35335466, 0.345434  , 0.37252456],
        [0.36992314, 0.27247036, 0.30676213, 0.41796333, 0.38480562,
         0.32964975, 0.35492003, 0.34547395, 0.37190223],
        [0.36957684, 0.27403396, 0.30633298, 0.41709635, 0.38469872,
         0.32913712, 0.35559827, 0.3461394 , 0.37003246],
        [0.3696609 , 0.2740498 , 0.30530366, 0.41737604, 0.38360584,
         0.3280934 , 0.35509688, 0.34480932, 0.3689779 ],
        [0.36900464, 0.275102  , 0.30574   , 0.41715375, 0.38307887,
         0.32765034, 0.35338262, 0.34357122, 0.3690295 ],
        [0.3686347 , 0.27562043, 0.30707136, 0.41846964, 0.3834114 ,
         0.32752308, 0.35361877, 0.34287366, 0.36942354],
        [0.36916712, 0.27579102, 0.30765694, 0.41982532, 0.38394973,
         0.32723552, 0.3540012 , 0.34241596, 0.37012777],
        [0.36979997, 0.27512932, 0.30755228, 0.42077833, 0.38435173,
         0.3271513 , 0.35422006, 0.3424053 , 0.37020892],
        [0.36992434, 0.27340168, 0.30650523, 0.42139336, 0.3835186 ,
         0.32713103, 0.3541583 , 0.34122598, 0.3702819 ],
        [0.36959812, 0.27058053, 0.30574524, 0.42101908, 0.382086  ,
         0.32722336, 0.3540534 , 0.34057432, 0.3709202 ],
        [0.36869997, 0.26907074, 0.3058396 , 0.4203486 , 0.38107768,
         0.3282834 , 0.35496756, 0.34058625, 0.37169015],
        [0.36862352, 0.26880187, 0.30593854, 0.4201909 , 0.38067266,
         0.3291621 , 0.35522267, 0.34051427, 0.37235966],
        [0.36797228, 0.26818386, 0.30577183, 0.41853434, 0.38034344,
         0.3296592 , 0.35625318, 0.3407703 , 0.37165257],
        [0.36749497, 0.26851627, 0.3059891 , 0.41692957, 0.37954295,
         0.32988733, 0.35632962, 0.34055904, 0.37046677],
        [0.368006  , 0.26802725, 0.30531502, 0.41629136, 0.37888288,
         0.3298138 , 0.35473529, 0.3391982 , 0.36960742],
        [0.36794916, 0.268345  , 0.30539805, 0.41700265, 0.37946245,
         0.33003777, 0.3548713 , 0.33857647, 0.36819863],
        [0.36741206, 0.2686211 , 0.3054801 , 0.4184253 , 0.38098958,
         0.3296108 , 0.3551794 , 0.33787394, 0.36762196],
        [0.36736518, 0.2689578 , 0.3063254 , 0.41873425, 0.38331997,
         0.32997075, 0.3543134 , 0.33682892, 0.36807746],
        [0.36728108, 0.2688066 , 0.30565456, 0.4181579 , 0.38408944,
         0.33002552, 0.3528841 , 0.33570614, 0.3682511 ]]], dtype=float32), array([[[0.2803754 , 0.28153676, 0.28098875, 0.28094846, 0.2806641 ,
         0.28032357, 0.28146455, 0.28046262, 0.28061157],
        [0.29601339, 0.26278508, 0.29146507, 0.33666483, 0.3268447 ,
         0.28462994, 0.3031825 , 0.29282233, 0.30154184],
        [0.31588936, 0.27142072, 0.2999898 , 0.3612109 , 0.3443107 ,
         0.2972394 , 0.31938615, 0.30665764, 0.3198723 ],
        [0.32849553, 0.27689764, 0.3043243 , 0.37660372, 0.3558665 ,
         0.30454817, 0.33075276, 0.31477737, 0.33176297],
        [0.33648908, 0.2788271 , 0.3064737 , 0.3864555 , 0.3635353 ,
         0.30943713, 0.33792132, 0.31961235, 0.3389915 ],
        [0.34349674, 0.27745548, 0.3070426 , 0.3946553 , 0.36912155,
         0.31322   , 0.3424135 , 0.32344368, 0.34366214],
        [0.34848315, 0.27716184, 0.30829045, 0.4009131 , 0.37355363,
         0.3164058 , 0.34683573, 0.32692033, 0.3465298 ],
        [0.35244682, 0.27671954, 0.3088365 , 0.40493587, 0.37615538,
         0.31974274, 0.35010555, 0.32914263, 0.3490406 ],
        [0.3547148 , 0.27525955, 0.30796325, 0.40610212, 0.3781917 ,
         0.32205012, 0.35301673, 0.32936907, 0.35223433],
        [0.35805336, 0.27431682, 0.30694342, 0.40851873, 0.37830615,
         0.32351306, 0.35437384, 0.33093262, 0.35508886],
        [0.3597026 , 0.27358037, 0.30693474, 0.41001928, 0.3790842 ,
         0.3244863 , 0.35592237, 0.3325988 , 0.35695818],
        [0.3610176 , 0.27266416, 0.30770102, 0.4117085 , 0.38031712,
         0.32662812, 0.35694236, 0.33483773, 0.35818574],
        [0.36239323, 0.27246153, 0.30805925, 0.4124957 , 0.38172874,
         0.3279013 , 0.35701686, 0.33727697, 0.35943702],
        [0.36202392, 0.2703948 , 0.3081449 , 0.4118661 , 0.38230503,
         0.3277408 , 0.3567577 , 0.33844262, 0.35864073],
        [0.36173338, 0.2703436 , 0.30714267, 0.41154614, 0.38245624,
         0.32762152, 0.3562682 , 0.3391476 , 0.35924512],
        [0.36150602, 0.27072388, 0.30679297, 0.41006592, 0.38328373,
         0.32766038, 0.35631502, 0.33937234, 0.3605796 ],
        [0.3625035 , 0.27105653, 0.30558783, 0.41149265, 0.38316658,
         0.3274675 , 0.35590705, 0.33801597, 0.35996884],
        [0.36310276, 0.2706231 , 0.30358592, 0.41180968, 0.38105497,
         0.32626727, 0.35609528, 0.3364407 , 0.35957932],
        [0.36341774, 0.27115002, 0.30248827, 0.41307107, 0.38081264,
         0.32561144, 0.35643402, 0.3357881 , 0.35942197],
        [0.36447185, 0.27156693, 0.30272067, 0.41493812, 0.38140303,
         0.32606214, 0.35617298, 0.3353312 , 0.35874438],
        [0.36433673, 0.27235574, 0.3037694 , 0.41553092, 0.38110587,
         0.32525927, 0.35719457, 0.33425626, 0.35720456],
        [0.36449203, 0.2735947 , 0.30441776, 0.41726097, 0.3810395 ,
         0.32487088, 0.3565876 , 0.3333682 , 0.35657448],
        [0.36523747, 0.27416027, 0.30517414, 0.41834646, 0.38039887,
         0.32428312, 0.35683584, 0.33374223, 0.3564049 ],
        [0.36547366, 0.27432427, 0.30590498, 0.4199004 , 0.37935996,
         0.3226547 , 0.35628965, 0.3333208 , 0.3567905 ],
        [0.36619002, 0.27428934, 0.30517524, 0.4203791 , 0.37871298,
         0.32258454, 0.3549883 , 0.33384013, 0.3579597 ],
        [0.36624238, 0.27505866, 0.30527937, 0.42098498, 0.3782458 ,
         0.3231712 , 0.35331312, 0.33498526, 0.35938844],
        [0.36681816, 0.2747307 , 0.30653656, 0.42077586, 0.3778846 ,
         0.324849  , 0.35423693, 0.33682927, 0.3605069 ],
        [0.3684489 , 0.2738679 , 0.30651748, 0.41939336, 0.37704188,
         0.32692003, 0.35387075, 0.33924264, 0.36129588],
        [0.3701279 , 0.27457848, 0.3066196 , 0.4190331 , 0.37759706,
         0.32923424, 0.3534609 , 0.34020054, 0.36244315],
        [0.37060827, 0.27536768, 0.30635935, 0.4186031 , 0.3789615 ,
         0.33071193, 0.35344088, 0.3405275 , 0.3642695 ],
        [0.37032378, 0.27510294, 0.3064337 , 0.4177979 , 0.379226  ,
         0.3303273 , 0.35407344, 0.34053218, 0.3645535 ],
        [0.36917385, 0.2757325 , 0.3059744 , 0.41691646, 0.37868115,
         0.32970124, 0.35413918, 0.3392365 , 0.36418542]]], dtype=float32), array([[[0.28083146, 0.2818044 , 0.28102383, 0.28058943, 0.2811404 ,
         0.28075597, 0.2792968 , 0.27962846, 0.28064176],
        [0.29648024, 0.26294535, 0.29109296, 0.3357263 , 0.32748258,
         0.28564712, 0.2981802 , 0.2915157 , 0.30138642],
        [0.31643683, 0.26983425, 0.29917693, 0.35887337, 0.34483904,
         0.29942977, 0.31253085, 0.30522686, 0.3189518 ],
        [0.3285875 , 0.27445093, 0.3059381 , 0.37256512, 0.35823333,
         0.3091064 , 0.32320294, 0.31400847, 0.33169258],
        [0.33597317, 0.2762327 , 0.30928653, 0.38313022, 0.36688   ,
         0.31480208, 0.33173764, 0.31897   , 0.33892515],
        [0.34189165, 0.27753595, 0.31160295, 0.38907355, 0.37262136,
         0.31868467, 0.33720604, 0.323035  , 0.34442243],
        [0.34567764, 0.27888936, 0.31226063, 0.393697  , 0.37556118,
         0.32165813, 0.34201926, 0.32556584, 0.34838152],
        [0.3491637 , 0.2811881 , 0.3127722 , 0.39711192, 0.37828726,
         0.3238862 , 0.34439236, 0.32833287, 0.35143766],
        [0.35289633, 0.2823413 , 0.3111914 , 0.40054166, 0.3794862 ,
         0.325927  , 0.34594747, 0.33146143, 0.35398045],
        [0.3567669 , 0.28200808, 0.30977225, 0.40398148, 0.3797775 ,
         0.3241309 , 0.34769714, 0.3325697 , 0.3549043 ],
        [0.35938707, 0.2824815 , 0.30993813, 0.40712464, 0.38167024,
         0.32365644, 0.34815988, 0.3335013 , 0.35679755],
        [0.36127278, 0.28257778, 0.3109089 , 0.40954363, 0.38348085,
         0.32308337, 0.3490776 , 0.33339643, 0.35845065],
        [0.36193272, 0.2837068 , 0.31076503, 0.40995649, 0.38496965,
         0.3231983 , 0.34958702, 0.3333335 , 0.36054343],
        [0.36158156, 0.28284392, 0.31092045, 0.40990523, 0.38683712,
         0.32332954, 0.34952357, 0.3317267 , 0.3620434 ],
        [0.3635081 , 0.28243506, 0.3111553 , 0.41018313, 0.38676974,
         0.324774  , 0.3476786 , 0.3328555 , 0.36376846],
        [0.36382228, 0.28244284, 0.3111133 , 0.408482  , 0.38450074,
         0.32543588, 0.3474423 , 0.3341675 , 0.3635157 ],
        [0.36447647, 0.2825382 , 0.31127968, 0.40776113, 0.38251048,
         0.3250888 , 0.3485044 , 0.33439675, 0.3628843 ],
        [0.3658357 , 0.282046  , 0.31129318, 0.40713668, 0.3803918 ,
         0.3248041 , 0.34891364, 0.33570912, 0.36241025],
        [0.36746565, 0.28092566, 0.31161648, 0.40765983, 0.37976676,
         0.32518858, 0.34972957, 0.33609065, 0.36204734],
        [0.36851537, 0.28059915, 0.31126413, 0.40933907, 0.3791319 ,
         0.32450947, 0.35124764, 0.33668005, 0.36097032],
        [0.36897707, 0.2802459 , 0.31140926, 0.40931875, 0.38048422,
         0.32491004, 0.35189146, 0.33727348, 0.36112   ],
        [0.36970314, 0.2795697 , 0.31032664, 0.40988088, 0.3809732 ,
         0.32467663, 0.3525334 , 0.337675  , 0.36022326],
        [0.36922684, 0.2794337 , 0.30893412, 0.41011965, 0.3819823 ,
         0.32515603, 0.3525701 , 0.3391468 , 0.35957775],
        [0.36853197, 0.2790993 , 0.3087966 , 0.4110135 , 0.38352814,
         0.32544702, 0.3532107 , 0.34040934, 0.35970405],
        [0.36784273, 0.2785637 , 0.308455  , 0.41155693, 0.3849112 ,
         0.32668176, 0.35269716, 0.34087506, 0.3603466 ],
        [0.36692214, 0.27776822, 0.30850968, 0.41359216, 0.38667193,
         0.32766125, 0.352674  , 0.34185502, 0.36212596],
        [0.36676937, 0.2764638 , 0.30832267, 0.41453522, 0.38833836,
         0.32879725, 0.35307425, 0.34190652, 0.3620489 ],
        [0.3662856 , 0.27608895, 0.30851126, 0.41575304, 0.39016595,
         0.3297863 , 0.3524847 , 0.3418778 , 0.36086428],
        [0.366722  , 0.27708384, 0.30823365, 0.41730917, 0.38889286,
         0.32924795, 0.35053876, 0.3426112 , 0.3608193 ],
        [0.3662018 , 0.2780618 , 0.30809644, 0.4165826 , 0.38735685,
         0.32901284, 0.34945276, 0.34309897, 0.36035967],
        [0.36682394, 0.27732873, 0.3089772 , 0.41658717, 0.38639686,
         0.33044064, 0.348512  , 0.34373355, 0.36086625],
        [0.36748543, 0.27591622, 0.30924454, 0.41665247, 0.38661674,
         0.3308373 , 0.34782305, 0.34392148, 0.36190075]]], dtype=float32), array([[[0.2795224 , 0.2815673 , 0.2815054 , 0.27831498, 0.2804445 ,
         0.27936357, 0.27900454, 0.28027725, 0.28015748],
        [0.29468158, 0.26334086, 0.2915796 , 0.33214778, 0.32435757,
         0.2818988 , 0.29741737, 0.29255232, 0.30126667],
        [0.31476697, 0.27217627, 0.29950333, 0.35504445, 0.33950356,
         0.29419157, 0.31170434, 0.30715135, 0.31936538],
        [0.3266616 , 0.27849934, 0.30560324, 0.37042245, 0.35123327,
         0.30019102, 0.3235726 , 0.31536967, 0.3311449 ],
        [0.33537093, 0.2822711 , 0.30955607, 0.38166925, 0.35956827,
         0.30500817, 0.33198065, 0.32203892, 0.33930832],
        [0.34260762, 0.28351486, 0.31132704, 0.3913313 , 0.36563855,
         0.30859613, 0.33784357, 0.32702535, 0.34570906],
        [0.348139  , 0.28410345, 0.31173667, 0.39818147, 0.37024787,
         0.31246188, 0.3420341 , 0.33072454, 0.35023725],
        [0.3500634 , 0.28448814, 0.31222332, 0.4046557 , 0.37326995,
         0.31405026, 0.34523118, 0.33165097, 0.35189256],
        [0.35112065, 0.28503272, 0.31263134, 0.40965372, 0.37680173,
         0.31541574, 0.34788093, 0.33228615, 0.3528994 ],
        [0.3524778 , 0.28521395, 0.31273505, 0.41408342, 0.37899637,
         0.31572753, 0.3492777 , 0.3326418 , 0.35509154],
        [0.35357702, 0.2839704 , 0.3123986 , 0.41695237, 0.3807358 ,
         0.31585285, 0.348622  , 0.332691  , 0.35695088],
        [0.35375914, 0.28438234, 0.313211  , 0.41879278, 0.38308686,
         0.3171146 , 0.3485848 , 0.33310205, 0.35801607],
        [0.35181972, 0.28567234, 0.31390023, 0.41935888, 0.38579226,
         0.31765231, 0.3494858 , 0.3336278 , 0.35919428],
        [0.35026193, 0.2858798 , 0.31442523, 0.4205073 , 0.38832468,
         0.31749216, 0.35031718, 0.3337367 , 0.35920626],
        [0.34988222, 0.28439298, 0.31450433, 0.42020947, 0.39057535,
         0.3187688 , 0.35020736, 0.33468172, 0.35911015],
        [0.34849513, 0.2835542 , 0.3137247 , 0.41980726, 0.39247486,
         0.31948972, 0.34989634, 0.3350586 , 0.35856825],
        [0.34792495, 0.2834024 , 0.3128872 , 0.42021057, 0.39398965,
         0.32012242, 0.34854037, 0.33457074, 0.35751942],
        [0.34918267, 0.28211784, 0.31317922, 0.42111844, 0.3951034 ,
         0.32038128, 0.34805587, 0.3352002 , 0.35783863],
        [0.35141364, 0.2811604 , 0.31296027, 0.42240694, 0.3958752 ,
         0.32142454, 0.34705868, 0.33586296, 0.35874632],
        [0.3544595 , 0.28091657, 0.3126964 , 0.42521238, 0.3959165 ,
         0.32470715, 0.34539047, 0.33568442, 0.36106056],
        [0.357671  , 0.28109753, 0.3119781 , 0.42654058, 0.39534205,
         0.32576406, 0.34440997, 0.3358304 , 0.36275622],
        [0.35942018, 0.28109866, 0.31184614, 0.42767572, 0.39480844,
         0.32640427, 0.3427104 , 0.3357501 , 0.3637074 ],
        [0.36107236, 0.28179786, 0.31225505, 0.42886645, 0.39422446,
         0.326496  , 0.34151214, 0.33618617, 0.3643404 ],
        [0.3618696 , 0.28224102, 0.31208685, 0.42925456, 0.39322907,
         0.3258366 , 0.34080872, 0.33550137, 0.36497027],
        [0.3624492 , 0.2813791 , 0.31202236, 0.42842436, 0.39263296,
         0.32537276, 0.34033227, 0.33511615, 0.36421055],
        [0.36186296, 0.28016254, 0.3122436 , 0.4269594 , 0.39227974,
         0.325983  , 0.33957142, 0.33634898, 0.3643822 ],
        [0.3619839 , 0.27865005, 0.3123457 , 0.42494264, 0.39209637,
         0.32722926, 0.34007654, 0.33793294, 0.36400893],
        [0.36243218, 0.27818134, 0.31233594, 0.42434305, 0.39190656,
         0.3284297 , 0.33933386, 0.3383141 , 0.3639673 ],
        [0.36279774, 0.278249  , 0.31267273, 0.42420074, 0.39175096,
         0.32922474, 0.33971393, 0.33886066, 0.36424026],
        [0.3630994 , 0.27754965, 0.3119236 , 0.42288238, 0.39129242,
         0.32845142, 0.34077016, 0.33925745, 0.3640183 ],
        [0.3637681 , 0.2774909 , 0.31127033, 0.4217833 , 0.38977036,
         0.32731584, 0.3410019 , 0.339156  , 0.36485404],
        [0.3645507 , 0.27757582, 0.31054538, 0.42148247, 0.38880825,
         0.32610047, 0.34187987, 0.33941334, 0.36519286]]], dtype=float32), array([[[0.27990034, 0.28225213, 0.28161535, 0.27921647, 0.2798605 ,
         0.2787469 , 0.27961555, 0.28032053, 0.27955243],
        [0.29480082, 0.26422334, 0.29385334, 0.33256572, 0.32531333,
         0.2826539 , 0.2977698 , 0.29300818, 0.3008151 ],
        [0.31370744, 0.2726954 , 0.3022639 , 0.35626683, 0.3430847 ,
         0.29594275, 0.31224728, 0.3054924 , 0.31994313],
        [0.32625568, 0.27784798, 0.30801296, 0.373756  , 0.35572052,
         0.3034384 , 0.32185495, 0.31420043, 0.3337047 ],
        [0.3353726 , 0.28028247, 0.3118086 , 0.38609725, 0.36512876,
         0.30761832, 0.32900918, 0.31959823, 0.3425186 ],
        [0.343707  , 0.28095797, 0.3132819 , 0.39665368, 0.37042105,
         0.31024617, 0.3346438 , 0.32353944, 0.34869334],
        [0.34880927, 0.28199297, 0.31392696, 0.40355408, 0.37394476,
         0.31288508, 0.3384208 , 0.32779694, 0.35176682],
        [0.3527812 , 0.28165007, 0.31493157, 0.4072637 , 0.3766765 ,
         0.31525725, 0.34212485, 0.33068436, 0.35338724],
        [0.35643646, 0.28116205, 0.31456977, 0.41044894, 0.37765875,
         0.31697103, 0.34347913, 0.3330294 , 0.3547497 ],
        [0.35823703, 0.2805544 , 0.31445932, 0.41291994, 0.3773249 ,
         0.3177846 , 0.34364134, 0.33462545, 0.35560933],
        [0.35838398, 0.2782534 , 0.31311652, 0.4108694 , 0.37605557,
         0.31810847, 0.3436361 , 0.33662942, 0.35577986],
        [0.3589215 , 0.27723613, 0.31268   , 0.40828916, 0.37510473,
         0.31994128, 0.3433031 , 0.33802888, 0.3549495 ],
        [0.35933602, 0.278361  , 0.31152153, 0.4079944 , 0.3746696 ,
         0.31949005, 0.344589  , 0.33769977, 0.35309768],
        [0.3598626 , 0.28122896, 0.31179005, 0.4086215 , 0.37523994,
         0.31975117, 0.3447911 , 0.33711907, 0.35362688],
        [0.36151627, 0.28323373, 0.31221387, 0.4098889 , 0.37582248,
         0.31921688, 0.34528953, 0.3373173 , 0.35422546],
        [0.36257166, 0.28544244, 0.3127543 , 0.4107898 , 0.3768236 ,
         0.31754667, 0.34574714, 0.33793506, 0.35450104],
        [0.3632835 , 0.287656  , 0.3130291 , 0.41428974, 0.3780903 ,
         0.31544456, 0.34610805, 0.33731148, 0.3551654 ],
        [0.36325943, 0.2894091 , 0.3137594 , 0.41728628, 0.37941843,
         0.3134334 , 0.34675124, 0.33757937, 0.35557327],
        [0.36299703, 0.29058754, 0.31433144, 0.417717  , 0.3796984 ,
         0.31257328, 0.34710535, 0.33839715, 0.35464662],
        [0.3634344 , 0.2921771 , 0.31449622, 0.41840935, 0.38012502,
         0.313111  , 0.3465375 , 0.33767706, 0.35513586],
        [0.36406153, 0.29239768, 0.31451926, 0.41963115, 0.37977713,
         0.31318265, 0.34625548, 0.3383935 , 0.35659567],
        [0.36398438, 0.2916389 , 0.3139432 , 0.41945252, 0.37851134,
         0.3128131 , 0.34530613, 0.33788425, 0.3583987 ],
        [0.3647728 , 0.29201096, 0.31409472, 0.4187626 , 0.3781419 ,
         0.31322834, 0.34482878, 0.33716825, 0.35986826],
        [0.3643883 , 0.29224682, 0.31385997, 0.41742772, 0.37744528,
         0.31604505, 0.34481487, 0.33706176, 0.36142594],
        [0.36492687, 0.29321274, 0.31358564, 0.41839376, 0.37720883,
         0.3190852 , 0.3440395 , 0.33615303, 0.36237302],
        [0.36504728, 0.29394516, 0.31380332, 0.41896686, 0.37790605,
         0.3220211 , 0.34326226, 0.334827  , 0.36457062],
        [0.3648855 , 0.29262602, 0.31412396, 0.42093536, 0.37834364,
         0.32445788, 0.34213355, 0.333845  , 0.36591056],
        [0.364722  , 0.2905203 , 0.31397733, 0.42252612, 0.37722868,
         0.32568094, 0.34187376, 0.33390254, 0.3662139 ],
        [0.36298123, 0.2889964 , 0.31371266, 0.42163926, 0.37628996,
         0.32571512, 0.3423431 , 0.33387104, 0.3647144 ],
        [0.36245754, 0.28768873, 0.31385362, 0.42111313, 0.37578514,
         0.32578844, 0.34224904, 0.33543468, 0.36244893],
        [0.36230686, 0.2861685 , 0.31399304, 0.4212566 , 0.37560928,
         0.32460845, 0.34213525, 0.33614585, 0.36222744],
        [0.3622492 , 0.28485128, 0.31424505, 0.42024416, 0.3757988 ,
         0.32411942, 0.34110352, 0.33611873, 0.36232877]]], dtype=float32), array([[[0.27940768, 0.28351054, 0.28307852, 0.27963388, 0.28039327,
         0.27849513, 0.27834225, 0.27858633, 0.27981102],
        [0.29373252, 0.26627684, 0.29583442, 0.33273935, 0.32709888,
         0.28072533, 0.29735202, 0.28950584, 0.300892  ],
        [0.31328192, 0.27460435, 0.30493343, 0.35588735, 0.34559795,
         0.29319817, 0.31240517, 0.3028191 , 0.31895855],
        [0.32572758, 0.27948105, 0.31050235, 0.37148303, 0.35826474,
         0.30083355, 0.3215342 , 0.31061444, 0.3307578 ],
        [0.3348189 , 0.28279027, 0.31348458, 0.3826015 , 0.365719  ,
         0.30623233, 0.3275517 , 0.3161499 , 0.33852705],
        [0.34146705, 0.28444672, 0.31494486, 0.39192522, 0.37132695,
         0.31043682, 0.33105636, 0.31972304, 0.34402713],
        [0.34691504, 0.285637  , 0.31563702, 0.3989413 , 0.37555057,
         0.31344718, 0.3334305 , 0.32287306, 0.34826463],
        [0.35035414, 0.285988  , 0.31492418, 0.40276733, 0.37691623,
         0.31513464, 0.3351494 , 0.3235334 , 0.35031843],
        [0.35211086, 0.28598037, 0.31370458, 0.40426883, 0.37739745,
         0.3165609 , 0.33626622, 0.32343498, 0.35115144],
        [0.3532719 , 0.28583232, 0.31267533, 0.4074878 , 0.37826282,
         0.31731826, 0.33701983, 0.32066467, 0.35184458],
        [0.35542625, 0.2852312 , 0.31332216, 0.4094928 , 0.3785817 ,
         0.31832054, 0.3380056 , 0.31969103, 0.3536926 ],
        [0.35581905, 0.2852582 , 0.31366783, 0.40933323, 0.378242  ,
         0.31771773, 0.33954817, 0.32004252, 0.3528922 ],
        [0.35645828, 0.28573984, 0.31491762, 0.40961623, 0.37773418,
         0.31861877, 0.33954173, 0.32162976, 0.35211802],
        [0.35794526, 0.28555894, 0.31536925, 0.41010508, 0.37751243,
         0.3181086 , 0.3403181 , 0.32116246, 0.35139245],
        [0.35803655, 0.28656903, 0.3168358 , 0.4093842 , 0.37805313,
         0.3181518 , 0.34142935, 0.32185143, 0.3514633 ],
        [0.35877764, 0.2877119 , 0.31721184, 0.40897754, 0.37831593,
         0.3192619 , 0.34120965, 0.3228122 , 0.35088715],
        [0.3587305 , 0.28810552, 0.31786808, 0.4081451 , 0.3788432 ,
         0.3203209 , 0.34160852, 0.32435152, 0.35038084],
        [0.35753193, 0.28791577, 0.31825048, 0.40616164, 0.3790694 ,
         0.31999302, 0.34262392, 0.32479015, 0.34943858],
        [0.35685533, 0.2873234 , 0.31917363, 0.4049687 , 0.37999746,
         0.32050204, 0.34376588, 0.32543042, 0.35050943],
        [0.35703015, 0.28634748, 0.3192201 , 0.40406638, 0.37955466,
         0.320151  , 0.343607  , 0.32661587, 0.35095337],
        [0.35706407, 0.28561753, 0.3199143 , 0.40449375, 0.37971324,
         0.3213134 , 0.34307024, 0.32797432, 0.3517148 ],
        [0.35566604, 0.2846698 , 0.32034007, 0.4044111 , 0.37988925,
         0.3205151 , 0.34314635, 0.32809812, 0.3511292 ],
        [0.35482523, 0.28447333, 0.32043147, 0.40397042, 0.37957576,
         0.32018077, 0.34265068, 0.3291399 , 0.3501896 ],
        [0.35464922, 0.2834379 , 0.32004583, 0.40244925, 0.37929133,
         0.31944254, 0.34180838, 0.32965845, 0.35044515],
        [0.3535089 , 0.28359687, 0.3200712 , 0.40311643, 0.37941566,
         0.31838852, 0.34124297, 0.3295803 , 0.3511066 ],
        [0.35324034, 0.28367582, 0.32100475, 0.40390566, 0.38041013,
         0.31787235, 0.3405944 , 0.32984748, 0.35170883],
        [0.35324144, 0.2833567 , 0.3208073 , 0.40448177, 0.38115525,
         0.31776124, 0.34015188, 0.33007264, 0.3527923 ],
        [0.35287338, 0.28499177, 0.32062283, 0.4050349 , 0.38244838,
         0.31750485, 0.34065193, 0.32944897, 0.3540286 ],
        [0.35271245, 0.286088  , 0.32133117, 0.4055729 , 0.38327643,
         0.3172903 , 0.34014568, 0.32864803, 0.35657206],
        [0.35162345, 0.2874201 , 0.32108977, 0.40417004, 0.38227192,
         0.31779245, 0.33908418, 0.32906592, 0.3574885 ],
        [0.35107663, 0.28853682, 0.32097694, 0.4039075 , 0.3813596 ,
         0.31745052, 0.33786225, 0.32941517, 0.3583107 ],
        [0.35165042, 0.28939167, 0.3201241 , 0.40424836, 0.37991598,
         0.31636176, 0.33663228, 0.33104497, 0.3590988 ]]], dtype=float32), array([[[0.27878445, 0.28416786, 0.28413892, 0.27883285, 0.27898252,
         0.27692872, 0.2777658 , 0.2781982 , 0.27948728],
        [0.29332894, 0.26832515, 0.29743102, 0.3329361 , 0.32316536,
         0.27833104, 0.29357976, 0.28824142, 0.29970026],
        [0.31274816, 0.27678198, 0.30642095, 0.35520682, 0.3378467 ,
         0.29003954, 0.30595022, 0.30168912, 0.31877163],
        [0.32592142, 0.28256607, 0.31340405, 0.37074855, 0.34929535,
         0.29895976, 0.3148437 , 0.3104144 , 0.33244222],
        [0.3346564 , 0.28653172, 0.31773457, 0.38199517, 0.3581059 ,
         0.3041721 , 0.32206884, 0.3161177 , 0.3417564 ],
        [0.34109655, 0.2888637 , 0.3194248 , 0.38987255, 0.3633627 ,
         0.3061297 , 0.32649744, 0.31964904, 0.348418  ],
        [0.34461525, 0.29082453, 0.32104212, 0.394489  , 0.36766613,
         0.3076366 , 0.329423  , 0.32270595, 0.35234746],
        [0.3466352 , 0.2923501 , 0.32130072, 0.39736912, 0.37082365,
         0.30906785, 0.33100623, 0.3247365 , 0.35500655],
        [0.34810433, 0.29204136, 0.32156292, 0.3992638 , 0.37124977,
         0.30961728, 0.33177024, 0.32664418, 0.35736915],
        [0.34873575, 0.2925926 , 0.32216159, 0.40138903, 0.37171772,
         0.3096562 , 0.33371252, 0.32759428, 0.35835394],
        [0.34987625, 0.29222634, 0.3223054 , 0.40304744, 0.37192634,
         0.31089577, 0.33400494, 0.32945913, 0.35967472],
        [0.35046664, 0.29089865, 0.32248417, 0.40320176, 0.37073505,
         0.31136906, 0.3340381 , 0.3308349 , 0.35976803],
        [0.35202768, 0.289558  , 0.32259932, 0.4047187 , 0.36973   ,
         0.31128448, 0.33329126, 0.33170435, 0.35963732],
        [0.352356  , 0.28885305, 0.323295  , 0.404126  , 0.36908582,
         0.31091255, 0.3329642 , 0.33222866, 0.3586561 ],
        [0.3516419 , 0.28860876, 0.32433265, 0.40213615, 0.3690138 ,
         0.31046525, 0.33358628, 0.33299136, 0.35771966],
        [0.35183337, 0.28851995, 0.32484615, 0.40134698, 0.36903512,
         0.30980942, 0.33389077, 0.33438513, 0.35693446],
        [0.35166785, 0.28839314, 0.3252631 , 0.40152898, 0.36984426,
         0.30967602, 0.3340051 , 0.3342608 , 0.35640934],
        [0.3514852 , 0.28846562, 0.3261547 , 0.40141842, 0.37119433,
         0.31052518, 0.33462688, 0.3335084 , 0.35631922],
        [0.3516408 , 0.28716612, 0.32638088, 0.40103507, 0.371502  ,
         0.31198993, 0.33455566, 0.33337483, 0.35507888],
        [0.3518538 , 0.2869643 , 0.32664466, 0.39977923, 0.37143448,
         0.3130126 , 0.33463606, 0.333844  , 0.3536809 ],
        [0.35236612, 0.28722933, 0.32578248, 0.40011302, 0.37219137,
         0.31294838, 0.33497202, 0.3334965 , 0.35292405],
        [0.3526597 , 0.28689387, 0.32456774, 0.4006489 , 0.37141615,
         0.31242618, 0.33475146, 0.33153802, 0.35335347],
        [0.35370415, 0.28774634, 0.322617  , 0.40305355, 0.3695937 ,
         0.31057018, 0.33433416, 0.33115217, 0.35344547],
        [0.35293669, 0.28926533, 0.32150525, 0.40357536, 0.36933976,
         0.30958998, 0.33504683, 0.33018717, 0.35381228],
        [0.35131428, 0.29039618, 0.3221211 , 0.40427816, 0.36991596,
         0.30855608, 0.33613816, 0.32801434, 0.35248473],
        [0.35058543, 0.290739  , 0.32218486, 0.4047813 , 0.37134853,
         0.31018943, 0.33552048, 0.32678157, 0.35257512],
        [0.34930992, 0.29183406, 0.3217922 , 0.40572202, 0.37093216,
         0.31016478, 0.3362901 , 0.32624462, 0.3517334 ],
        [0.34957707, 0.29265654, 0.3221605 , 0.40734708, 0.37118083,
         0.31040367, 0.3359771 , 0.3266682 , 0.3516789 ],
        [0.35084087, 0.29317257, 0.32046595, 0.4078173 , 0.36991066,
         0.31092915, 0.33452344, 0.32723737, 0.3529787 ],
        [0.3521814 , 0.29331654, 0.31897375, 0.40759334, 0.36924812,
         0.31151214, 0.33340576, 0.3276543 , 0.35530975],
        [0.3531087 , 0.29428333, 0.31778535, 0.40806004, 0.36839503,
         0.31311464, 0.3326376 , 0.32684752, 0.35731614],
        [0.35368255, 0.29611322, 0.31625506, 0.40746018, 0.36793867,
         0.31391403, 0.3328953 , 0.3267657 , 0.35873032]]], dtype=float32), array([[[0.27879262, 0.2833454 , 0.2841439 , 0.27802524, 0.2788001 ,
         0.2760596 , 0.27507594, 0.27627766, 0.27844653],
        [0.2922709 , 0.26679608, 0.29768792, 0.32965744, 0.3232883 ,
         0.27650648, 0.2894991 , 0.2856348 , 0.29851928],
        [0.31102708, 0.27553427, 0.3073718 , 0.35168275, 0.33927473,
         0.2874493 , 0.30203784, 0.2971151 , 0.31627104],
        [0.3230226 , 0.2822966 , 0.31490284, 0.3657346 , 0.35030025,
         0.29354626, 0.31105825, 0.30468738, 0.32730362],
        [0.332341  , 0.2871982 , 0.31963694, 0.37624425, 0.35847184,
         0.29811716, 0.31696987, 0.31082466, 0.33548754],
        [0.33892155, 0.29034692, 0.321692  , 0.383243  , 0.36471406,
         0.29965624, 0.3213398 , 0.31475994, 0.34070012],
        [0.34440976, 0.29268134, 0.322505  , 0.38707098, 0.36700734,
         0.30113813, 0.32264853, 0.31779522, 0.34571344],
        [0.34742397, 0.29454497, 0.32202968, 0.39207262, 0.3691139 ,
         0.30108455, 0.32407695, 0.31978554, 0.34802777],
        [0.35127267, 0.29536456, 0.32215348, 0.3953466 , 0.36972547,
         0.30140677, 0.3240729 , 0.32091194, 0.35085237],
        [0.35347608, 0.29641837, 0.321906  , 0.39755315, 0.37004012,
         0.30070105, 0.32467017, 0.32111114, 0.3523605 ],
        [0.35377467, 0.29719606, 0.32135963, 0.3989926 , 0.37029546,
         0.2998064 , 0.32520503, 0.320847  , 0.3528403 ],
        [0.35377732, 0.2982866 , 0.3205917 , 0.3999734 , 0.37059483,
         0.29848713, 0.32498834, 0.321001  , 0.35306457],
        [0.354404  , 0.29894525, 0.32019243, 0.3993247 , 0.37159976,
         0.29867387, 0.32482395, 0.32057115, 0.35343298],
        [0.35386786, 0.2992534 , 0.3189442 , 0.39802244, 0.37175193,
         0.29807687, 0.3247926 , 0.31925222, 0.353487  ],
        [0.35207888, 0.30044517, 0.31922096, 0.39739385, 0.37229335,
         0.2979062 , 0.32573676, 0.3184539 , 0.3539482 ],
        [0.35024834, 0.30190027, 0.31972954, 0.39688718, 0.37298095,
         0.29780784, 0.32735923, 0.31732464, 0.35413963],
        [0.34971133, 0.30298585, 0.3205263 , 0.39666206, 0.37309203,
         0.2972045 , 0.32824388, 0.31770378, 0.35411724],
        [0.34992424, 0.30364472, 0.32112095, 0.39675543, 0.37191382,
         0.29670998, 0.32886696, 0.31874546, 0.35346648],
        [0.3502545 , 0.30292264, 0.32260734, 0.3968143 , 0.37110668,
         0.2975328 , 0.32884336, 0.31981748, 0.3522717 ],
        [0.35066238, 0.30130512, 0.32315472, 0.39760855, 0.3705068 ,
         0.29751092, 0.3283734 , 0.3195614 , 0.34965485],
        [0.3506546 , 0.30118862, 0.32342684, 0.39807343, 0.36990434,
         0.29799882, 0.3270731 , 0.32058194, 0.34785265],
        [0.35090256, 0.30233246, 0.3236667 , 0.39909923, 0.37013823,
         0.29821882, 0.32628572, 0.32033065, 0.34711426],
        [0.3503792 , 0.30455765, 0.32388946, 0.39909068, 0.37184668,
         0.29907802, 0.32593945, 0.3203789 , 0.3483162 ],
        [0.34909728, 0.3047816 , 0.32395056, 0.3978597 , 0.3730328 ,
         0.30094773, 0.3251617 , 0.32109526, 0.3489319 ],
        [0.34933433, 0.30461857, 0.32359445, 0.397145  , 0.373233  ,
         0.30167142, 0.3250711 , 0.3222469 , 0.34848118],
        [0.34968004, 0.3041489 , 0.32306427, 0.39745268, 0.37308922,
         0.30164224, 0.32465005, 0.32281575, 0.34858066],
        [0.35046214, 0.30315998, 0.32150263, 0.39870894, 0.3721496 ,
         0.29970115, 0.32495552, 0.3228082 , 0.34854677],
        [0.35059157, 0.30308148, 0.32082745, 0.39883706, 0.37288767,
         0.2992904 , 0.32631338, 0.32373452, 0.34867653],
        [0.35149446, 0.30384672, 0.32149523, 0.39986488, 0.37359598,
         0.29899994, 0.32664305, 0.32458365, 0.34974182],
        [0.35148528, 0.30514568, 0.32236034, 0.4020088 , 0.37502083,
         0.29857433, 0.32677174, 0.32432106, 0.35063776],
        [0.35081914, 0.3079381 , 0.32254794, 0.40257806, 0.37520432,
         0.29765233, 0.32591045, 0.32400164, 0.35198203],
        [0.35163608, 0.3084383 , 0.32250237, 0.4019447 , 0.37270507,
         0.29705545, 0.32385162, 0.32365227, 0.35136956]]], dtype=float32), array([[[0.27871057, 0.28594184, 0.28369167, 0.27759382, 0.2766713 ,
         0.27474195, 0.27506277, 0.27623558, 0.27786595],
        [0.2917268 , 0.27243456, 0.29700568, 0.32999712, 0.3188399 ,
         0.27268955, 0.28878048, 0.2840311 , 0.29751968],
        [0.31065422, 0.28352773, 0.3073081 , 0.35295424, 0.33436882,
         0.2820767 , 0.30126423, 0.29594967, 0.315509  ],
        [0.32317093, 0.2908234 , 0.3153825 , 0.3675755 , 0.34558997,
         0.28793323, 0.3089796 , 0.30420664, 0.32687902],
        [0.33179712, 0.29659778, 0.32048514, 0.37722495, 0.35292798,
         0.2918963 , 0.31322828, 0.31024194, 0.33489007],
        [0.33731186, 0.300929  , 0.32373616, 0.38386944, 0.35784167,
         0.29331198, 0.31648618, 0.31374186, 0.3393278 ],
        [0.34095547, 0.3035155 , 0.32514316, 0.387456  , 0.36093917,
         0.29295263, 0.31807676, 0.3160109 , 0.3423602 ],
        [0.34315538, 0.30656984, 0.32617697, 0.39034304, 0.36255082,
         0.29235387, 0.3194204 , 0.3170811 , 0.3441286 ],
        [0.34461498, 0.30871692, 0.32693726, 0.39262825, 0.36400023,
         0.29129726, 0.320217  , 0.3167705 , 0.3454601 ],
        [0.345208  , 0.311162  , 0.3276298 , 0.39321977, 0.3648689 ,
         0.2901275 , 0.31979635, 0.31653732, 0.3461715 ],
        [0.3446514 , 0.31282777, 0.3291427 , 0.39329255, 0.3660422 ,
         0.28888375, 0.32092538, 0.3158516 , 0.3452464 ],
        [0.34527996, 0.3135211 , 0.3302971 , 0.39548925, 0.3671738 ,
         0.28954488, 0.3213864 , 0.31610477, 0.34505048],
        [0.34598717, 0.31266254, 0.33206654, 0.3963706 , 0.36875406,
         0.2910192 , 0.32174563, 0.31695244, 0.34508038],
        [0.34706858, 0.31237537, 0.33232102, 0.3960354 , 0.36850202,
         0.29136953, 0.32033208, 0.31816947, 0.34466523],
        [0.34807622, 0.3120638 , 0.332411  , 0.39557162, 0.36875305,
         0.29302067, 0.31900114, 0.31911296, 0.3456497 ],
        [0.34872252, 0.31135097, 0.3314152 , 0.394189  , 0.36787048,
         0.2934904 , 0.31838617, 0.31989044, 0.34526813],
        [0.34990653, 0.31083915, 0.33071476, 0.3937999 , 0.36721343,
         0.2942838 , 0.3184845 , 0.3194462 , 0.34516576],
        [0.35015726, 0.31017727, 0.329993  , 0.39325997, 0.36616018,
         0.29460967, 0.31936452, 0.3190025 , 0.3441823 ],
        [0.35040468, 0.3093749 , 0.32990307, 0.39338034, 0.36565864,
         0.2940143 , 0.3196974 , 0.3184999 , 0.3439223 ],
        [0.3502229 , 0.3088551 , 0.32983577, 0.39296874, 0.36566058,
         0.2930938 , 0.31950432, 0.317613  , 0.34320238],
        [0.349923  , 0.30854103, 0.32999226, 0.3933416 , 0.36623207,
         0.29251733, 0.31895724, 0.3172112 , 0.34384272],
        [0.35000786, 0.3087552 , 0.33012053, 0.39388743, 0.3663349 ,
         0.29217827, 0.3187962 , 0.31678396, 0.3441122 ],
        [0.3511952 , 0.30889046, 0.33031157, 0.39413255, 0.36579537,
         0.29306278, 0.31769243, 0.3172673 , 0.34494612],
        [0.35288647, 0.30862087, 0.33049616, 0.39519498, 0.36558753,
         0.29387996, 0.31750926, 0.31768247, 0.3456487 ],
        [0.3544422 , 0.30847007, 0.33080778, 0.39699438, 0.36544555,
         0.29391497, 0.31837732, 0.31742668, 0.3457346 ],
        [0.35488102, 0.30967137, 0.33079436, 0.3971474 , 0.36517105,
         0.29375783, 0.31934127, 0.31683245, 0.34653318],
        [0.3547767 , 0.3110554 , 0.3308074 , 0.39736423, 0.36520135,
         0.29259348, 0.31967318, 0.3171794 , 0.3482484 ],
        [0.35424578, 0.31221625, 0.33071882, 0.39624134, 0.36461616,
         0.29119882, 0.32042542, 0.31767955, 0.3498841 ],
        [0.35323337, 0.3130042 , 0.3306858 , 0.39435503, 0.3637171 ,
         0.28950045, 0.3201836 , 0.31754446, 0.35114887],
        [0.35377067, 0.31329018, 0.33045343, 0.39327452, 0.36241513,
         0.2875602 , 0.3184512 , 0.31676993, 0.35068452],
        [0.3533393 , 0.31342432, 0.33014232, 0.39330545, 0.36183923,
         0.28545132, 0.3183969 , 0.31493703, 0.34966642],
        [0.35279545, 0.31266344, 0.33011377, 0.3920842 , 0.36000845,
         0.28398606, 0.31622142, 0.31392676, 0.34846666]]], dtype=float32), array([[[0.27852586, 0.28741163, 0.2845539 , 0.2764231 , 0.2765008 ,
         0.27284002, 0.27327907, 0.2762353 , 0.27760422],
        [0.29157364, 0.27554533, 0.29969332, 0.3269003 , 0.31866887,
         0.26946452, 0.28606027, 0.28388572, 0.2958914 ],
        [0.3107902 , 0.287918  , 0.31079686, 0.34877777, 0.33353797,
         0.27762747, 0.29837966, 0.2950423 , 0.31280196],
        [0.32267225, 0.29617453, 0.31979248, 0.36143   , 0.34426153,
         0.2820836 , 0.30467668, 0.3016973 , 0.32364666],
        [0.3309699 , 0.30210584, 0.32479936, 0.37101832, 0.35041696,
         0.28513378, 0.3082001 , 0.30666342, 0.3310115 ],
        [0.33679813, 0.3060717 , 0.32878837, 0.3790007 , 0.3550922 ,
         0.2867879 , 0.3099909 , 0.3091265 , 0.33594367],
        [0.34198526, 0.30867887, 0.33088186, 0.38567856, 0.35809052,
         0.28832412, 0.3102585 , 0.3114142 , 0.3405265 ],
        [0.34409878, 0.31099388, 0.33260983, 0.38936198, 0.3604674 ,
         0.2889287 , 0.31086302, 0.31274235, 0.3434951 ],
        [0.34693584, 0.31256586, 0.33299726, 0.39200425, 0.3611167 ,
         0.2894971 , 0.31066856, 0.31362697, 0.34608233],
        [0.34893388, 0.3142823 , 0.33352378, 0.39330655, 0.36112252,
         0.2904085 , 0.31052497, 0.31417897, 0.34831506],
        [0.34902978, 0.3143319 , 0.33513716, 0.392519  , 0.35978082,
         0.2901664 , 0.31114244, 0.313966  , 0.35040915],
        [0.34991512, 0.3135079 , 0.33593112, 0.3920651 , 0.35759652,
         0.29010245, 0.31127176, 0.31400895, 0.35080722],
        [0.34926975, 0.3135572 , 0.33628613, 0.39124587, 0.35689828,
         0.2893333 , 0.31089222, 0.31263202, 0.3491582 ],
        [0.34819868, 0.3136193 , 0.33714497, 0.3898997 , 0.35739478,
         0.28890285, 0.31125203, 0.31143135, 0.3481115 ],
        [0.34646118, 0.3140171 , 0.3381616 , 0.38792378, 0.3588402 ,
         0.2897892 , 0.31144288, 0.31234625, 0.3470619 ],
        [0.34453025, 0.3146823 , 0.3383246 , 0.38677204, 0.3603393 ,
         0.29005444, 0.3113187 , 0.3128207 , 0.34565806],
        [0.34431902, 0.31601632, 0.3373456 , 0.3890504 , 0.36097   ,
         0.2903329 , 0.31070724, 0.31288597, 0.34605017],
        [0.34405202, 0.3151122 , 0.33653727, 0.38912833, 0.3615254 ,
         0.29067755, 0.30947235, 0.31322643, 0.34659058],
        [0.34363586, 0.31458765, 0.33583704, 0.3892614 , 0.36218685,
         0.29116145, 0.3083456 , 0.31300196, 0.34674364],
        [0.34360614, 0.31465837, 0.3345805 , 0.3896451 , 0.3614286 ,
         0.2897454 , 0.3067886 , 0.3131369 , 0.34594086],
        [0.34372067, 0.31461886, 0.33335328, 0.38925976, 0.3609267 ,
         0.28947595, 0.3057129 , 0.31312746, 0.34552652],
        [0.34312502, 0.31457937, 0.33260572, 0.38758585, 0.36098263,
         0.28896612, 0.30530813, 0.31159928, 0.3452555 ],
        [0.34341484, 0.31488955, 0.33185112, 0.38528022, 0.3592212 ,
         0.29009038, 0.30495867, 0.31164902, 0.34490833],
        [0.3443876 , 0.3153019 , 0.33197093, 0.38509583, 0.35920307,
         0.29114118, 0.30527335, 0.31080413, 0.34479758],
        [0.34425786, 0.31642097, 0.3319345 , 0.38669538, 0.35854566,
         0.29015085, 0.3067592 , 0.30928722, 0.34387958],
        [0.34451824, 0.31564352, 0.331056  , 0.3866568 , 0.35635665,
         0.28919014, 0.30679724, 0.3083595 , 0.34299582],
        [0.3434017 , 0.31615552, 0.330368  , 0.38291642, 0.35423854,
         0.28720546, 0.3074419 , 0.30714387, 0.3409734 ],
        [0.34246552, 0.31652695, 0.32943082, 0.38009217, 0.35324383,
         0.28664476, 0.30813676, 0.30731156, 0.33947137],
        [0.3418141 , 0.31715655, 0.32911423, 0.37907043, 0.35252813,
         0.28696227, 0.3084196 , 0.3083853 , 0.33939004],
        [0.3428372 , 0.31758502, 0.32990983, 0.37866634, 0.35188416,
         0.28681287, 0.30765632, 0.30872285, 0.34088215],
        [0.34452263, 0.31798276, 0.32963946, 0.3797983 , 0.35085425,
         0.2855062 , 0.3076171 , 0.3077715 , 0.34082758],
        [0.34520915, 0.31886956, 0.32986915, 0.3809794 , 0.35130304,
         0.28393868, 0.30714363, 0.30682853, 0.3401669 ]]], dtype=float32)]