tf.Tensor(
[[[0.2783019  0.28716573 0.2847339  0.275456   0.27614897 0.2732585
   0.273432   0.2752944  0.2768384 ]
  [0.29099837 0.27502388 0.2998108  0.324519   0.31866193 0.27114367
   0.2867446  0.2834799  0.29544914]
  [0.3099668  0.2860946  0.31052822 0.3436067  0.3336045  0.28087005
   0.29929122 0.29612562 0.31275526]
  [0.32259116 0.29371747 0.31783244 0.3574713  0.34297827 0.28598875
   0.30651394 0.30386367 0.3236417 ]
  [0.33112165 0.29972255 0.32291776 0.36678916 0.34947407 0.28845498
   0.3112165  0.3076764  0.3306705 ]
  [0.33649516 0.30323088 0.32599482 0.37228158 0.35287318 0.28850326
   0.3125703  0.30988553 0.33461863]
  [0.3397097  0.3053266  0.3280798  0.37520528 0.3545754  0.28820553
   0.31325808 0.31111777 0.33733162]
  [0.34092462 0.30697042 0.3293305  0.3750096  0.35539588 0.28755373
   0.3128369  0.31258023 0.33984485]
  [0.34120685 0.30831936 0.3297347  0.37406644 0.3553062  0.28547966
   0.31192783 0.312754   0.34125757]
  [0.34177333 0.31025687 0.3305136  0.3748813  0.35492954 0.28413925
   0.31210387 0.31240886 0.34309053]
  [0.3417368  0.3120453  0.33101547 0.37650925 0.3551784  0.28491572
   0.31232557 0.31231323 0.34465346]
  [0.34200832 0.31293327 0.33083305 0.3771409  0.3548161  0.28432417
   0.31227407 0.3125963  0.34382024]
  [0.34283137 0.31414008 0.33127937 0.3769857  0.35453415 0.28496101
   0.31181017 0.3116867  0.34457856]
  [0.34284133 0.31607097 0.33241475 0.37833548 0.35582656 0.28702146
   0.31148028 0.31093392 0.34606886]
  [0.34357435 0.3170482  0.33255458 0.38013244 0.3559556  0.2892542
   0.31083393 0.3103148  0.34740183]
  [0.3436711  0.31750378 0.33241984 0.38235483 0.35644546 0.29081717
   0.31045422 0.30894244 0.3487956 ]
  [0.34373695 0.3174094  0.33283523 0.3850049  0.3570249  0.2908268
   0.3102966  0.3083165  0.350168  ]
  [0.34254616 0.31735134 0.33410102 0.38788375 0.3580318  0.2891776
   0.31020588 0.3066601  0.3495322 ]
  [0.34136465 0.31802982 0.3352292  0.38945103 0.35904968 0.28744307
   0.31067201 0.3046365  0.34842595]
  [0.3410587  0.3191549  0.3354348  0.39042813 0.35859323 0.28627264
   0.31018972 0.30317765 0.34775573]
  [0.34115586 0.31997174 0.335939   0.391363   0.3591754  0.285428
   0.31019345 0.3038344  0.34701285]
  [0.3416925  0.32063502 0.3349185  0.39175007 0.35886747 0.28365844
   0.30799267 0.30503607 0.34625804]
  [0.34266552 0.32043794 0.33401197 0.39064172 0.35789204 0.28231734
   0.30524203 0.30531797 0.3455993 ]
  [0.3428253  0.32092866 0.3330329  0.38848296 0.35691908 0.28379026
   0.30341825 0.30591035 0.34540746]
  [0.34309605 0.32093617 0.33190542 0.38585272 0.35671294 0.28666294
   0.30218482 0.30667242 0.34593093]
  [0.34389096 0.32130697 0.33197194 0.38551018 0.3568043  0.28927907
   0.30195525 0.3069311  0.34755123]
  [0.34510764 0.32052433 0.3317423  0.38600445 0.35612318 0.2896303
   0.3018534  0.3071643  0.34872434]
  [0.34599623 0.32007384 0.33147147 0.38674143 0.35640872 0.28952134
   0.30234206 0.30760443 0.34931412]
  [0.34710303 0.31929043 0.33143693 0.38616434 0.3561206  0.28971642
   0.3032359  0.30768472 0.34934163]
  [0.34698948 0.31995296 0.33123708 0.38568047 0.35591617 0.28963855
   0.30437335 0.30710447 0.34792322]
  [0.34722632 0.31977227 0.33048424 0.38385645 0.35463446 0.28923312
   0.30421418 0.30592722 0.34751415]
  [0.3472333  0.31968793 0.33014214 0.3826903  0.35378537 0.2886339
   0.3046258  0.30543613 0.34635237]]], shape=(1, 32, 9), dtype=float32)