tf.Tensor(
[[[0.43472078]
  [0.4506707 ]
  [0.4547987 ]
  ...
  [0.33464205]
  [0.3191393 ]
  [0.34247783]]

 [[0.38358015]
  [0.42122322]
  [0.40987143]
  ...
  [0.34233376]
  [0.3424338 ]
  [0.3197894 ]]

 [[0.46255133]
  [0.4792039 ]
  [0.44758114]
  ...
  [0.62474537]
  [0.575018  ]
  [0.48387232]]

 ...

 [[0.3391015 ]
  [0.37225223]
  [0.36993742]
  ...
  [0.3231523 ]
  [0.30908436]
  [0.28048456]]

 [[0.31550938]
  [0.3442881 ]
  [0.3444474 ]
  ...
  [0.33781046]
  [0.3337078 ]
  [0.29645693]]

 [[0.39066708]
  [0.42332715]
  [0.41024923]
  ...
  [0.32325387]
  [0.30921185]
  [0.28082347]]], shape=(105, 32, 1), dtype=float32)