tf.Tensor(
[[[7.24757433e-01 1.36560648e-05 7.30979800e-01 7.31036842e-01
   5.00001311e-01 7.30183423e-01 3.60212177e-01 5.00013232e-01
   4.99999672e-01]
  [5.00018120e-01 1.65417471e-11 8.52864444e-01 1.51644461e-10
   6.11815828e-14 4.44462511e-09 2.03611683e-09 5.64705033e-07
   5.00103295e-01]
  [5.00000000e-01 1.84462044e-21 7.48194933e-01 3.45793888e-17
   2.35166802e-21 3.17125770e-10 1.46745311e-12 1.45414648e-12
   7.30995119e-01]
  [5.00000000e-01 1.72869259e-23 7.33241916e-01 1.49167690e-19
   2.73265109e-23 2.04096254e-11 4.31810959e-14 3.86550728e-15
   8.80763173e-01]
  [5.00000000e-01 1.07961153e-23 7.31892109e-01 3.40943331e-21
   2.85921412e-24 1.44293244e-10 5.21265268e-13 6.61943702e-16
   9.52559590e-01]
  [5.00000000e-01 2.06917032e-24 7.31646478e-01 3.22059217e-21
   3.47524152e-24 4.28250040e-11 4.37824690e-13 5.99092798e-16
   9.82008100e-01]
  [5.00000000e-01 6.47556590e-24 7.31156349e-01 4.01419725e-21
   1.15744670e-23 6.71556005e-11 3.76468659e-13 1.10103629e-16
   9.93304968e-01]
  [5.00000000e-01 1.73160317e-23 7.31071711e-01 1.54342895e-21
   2.36028477e-23 2.24916585e-10 3.93011117e-13 7.92747135e-17
   9.97526586e-01]
  [5.00000000e-01 2.11331924e-21 7.31063962e-01 2.80243278e-21
   2.31945983e-22 4.29103864e-10 1.50535053e-12 8.75444709e-16
   9.99088645e-01]
  [5.00000000e-01 4.00829785e-20 7.31067836e-01 1.47477692e-20
   1.17845823e-21 3.17701351e-11 1.53334658e-12 8.08039256e-16
   9.99664485e-01]
  [5.00000000e-01 5.08248647e-21 7.31070757e-01 4.16409506e-21
   1.82929539e-23 3.48324711e-12 2.52583935e-12 2.29833946e-16
   9.99876499e-01]
  [5.00000000e-01 5.34671970e-20 7.31070757e-01 1.57243836e-20
   1.57054621e-22 2.83486064e-11 6.95431386e-12 2.79686335e-16
   9.99954522e-01]
  [5.00000000e-01 1.43229839e-19 7.31068254e-01 1.74591865e-20
   3.55014191e-22 1.55220854e-11 2.56907880e-11 8.28423475e-16
   9.99983311e-01]
  [5.00000060e-01 1.90512414e-14 6.70524836e-01 2.30458909e-18
   1.58928887e-19 8.61965255e-09 3.63977293e-10 2.65122265e-15
   9.97407436e-01]
  [5.00000000e-01 6.22414839e-22 7.31057167e-01 2.14485005e-21
   7.49559792e-23 5.77625296e-13 1.60315945e-11 3.81961997e-17
   9.99994695e-01]
  [5.00000000e-01 1.50759793e-19 7.30692804e-01 4.15609693e-20
   3.94303730e-22 9.23661148e-12 3.85518256e-10 1.17764817e-16
   9.99982476e-01]
  [5.00000000e-01 2.28518901e-18 6.58063471e-01 7.63091693e-19
   2.36343256e-20 1.45170409e-08 2.41321546e-10 5.76208689e-15
   9.99244809e-01]
  [5.00000000e-01 2.41671418e-21 7.31058240e-01 1.58701320e-22
   3.34914053e-24 1.26817027e-13 1.38777032e-12 1.59843616e-18
   9.99995232e-01]
  [5.00000000e-01 3.11279490e-19 7.27447629e-01 1.41182941e-19
   7.75773276e-21 4.87832441e-10 7.98680150e-11 3.67838272e-16
   9.99938011e-01]
  [5.00000000e-01 1.89614444e-22 7.31072128e-01 3.25389700e-22
   3.54192078e-24 1.23485356e-13 1.60440986e-12 3.49934540e-18
   9.99999344e-01]
  [5.00000000e-01 2.17470468e-21 7.31063843e-01 1.16949616e-21
   1.93985851e-23 6.30129087e-14 6.58950108e-12 5.47525199e-18
   9.99999464e-01]
  [5.00000000e-01 3.30562002e-22 7.31060624e-01 1.38427070e-21
   8.04505752e-24 4.55559039e-13 4.63974302e-12 5.91751693e-18
   1.00000000e+00]
  [5.00000000e-01 6.48411009e-21 7.30944872e-01 1.15760994e-20
   1.93886082e-22 6.63132327e-11 6.98382671e-11 7.45770886e-17
   9.99997497e-01]
  [5.00000000e-01 4.83352823e-22 7.31060505e-01 1.25831645e-22
   3.95612442e-24 1.08009481e-13 2.99207447e-12 2.19026880e-18
   9.99999285e-01]
  [5.00000000e-01 9.67493648e-22 7.31066048e-01 2.96279167e-22
   7.24750495e-24 8.44638487e-14 1.90738180e-12 9.52117311e-18
   9.99999464e-01]
  [5.00000000e-01 5.09038911e-21 7.31068254e-01 4.98092460e-21
   3.05080154e-23 5.31567303e-13 1.97271730e-11 4.97082476e-17
   1.00000000e+00]
  [5.00000000e-01 4.68173144e-20 7.30438113e-01 5.02660792e-20
   4.38865056e-22 4.70530004e-11 2.32276406e-10 1.75499125e-16
   9.99930739e-01]
  [5.00000000e-01 7.61425358e-22 7.31071770e-01 1.66757231e-22
   5.82328956e-24 2.46274982e-14 1.50256873e-11 1.17917558e-17
   9.99978304e-01]
  [5.00000000e-01 1.15552992e-21 7.31079042e-01 9.23180315e-22
   2.08297523e-23 1.61436619e-13 6.32198530e-11 5.58130655e-17
   9.99959648e-01]
  [5.00000000e-01 4.45614151e-21 7.31061995e-01 5.53723467e-21
   5.16511790e-23 5.74666996e-13 8.85795187e-11 6.93191382e-17
   9.99961138e-01]
  [5.00000119e-01 1.44395176e-16 5.10552585e-01 2.96207432e-19
   7.10674356e-20 3.20608384e-09 2.45805376e-10 1.16376686e-14
   3.45005810e-01]
  [5.00000119e-01 1.40413202e-15 5.00032902e-01 2.71328683e-19
   1.50095582e-18 1.17875171e-11 1.23172317e-09 3.61075068e-14
   2.11238861e-04]]], shape=(1, 32, 9), dtype=float32)