[array([[[0.28078318, 0.28165838, 0.28048986, 0.28246215, 0.28134957,
         0.2817239 , 0.28064302, 0.27983767, 0.2808593 ],
        [0.30117857, 0.27855963, 0.2720439 , 0.29455954, 0.33510637,
         0.30271152, 0.2775244 , 0.29213575, 0.29507673],
        [0.31500033, 0.29307675, 0.28106266, 0.3083212 , 0.35440534,
         0.32307687, 0.28996643, 0.30775368, 0.3110726 ],
        [0.32345998, 0.30085692, 0.28573284, 0.31673107, 0.3682103 ,
         0.33989206, 0.29761183, 0.31855604, 0.32039282],
        [0.33024946, 0.3050961 , 0.28862342, 0.32112163, 0.37822714,
         0.3535321 , 0.3035219 , 0.32673725, 0.32605687],
        [0.33503932, 0.30976242, 0.28939325, 0.32387614, 0.385596  ,
         0.36338717, 0.30743286, 0.3326087 , 0.3308    ],
        [0.33831352, 0.31508023, 0.2891385 , 0.32709074, 0.39100522,
         0.37176797, 0.3093774 , 0.33687633, 0.33488694],
        [0.33905652, 0.3196125 , 0.2895445 , 0.32991463, 0.39508966,
         0.3801157 , 0.30958897, 0.33944997, 0.33902016],
        [0.33987886, 0.3222247 , 0.2899089 , 0.33235824, 0.39728007,
         0.38807544, 0.30990255, 0.34217727, 0.34142348],
        [0.3407569 , 0.32502452, 0.29146686, 0.33376455, 0.39712358,
         0.39388084, 0.30970645, 0.34438607, 0.34229884],
        [0.3429404 , 0.3256602 , 0.2906697 , 0.3337238 , 0.39714366,
         0.39865056, 0.31033033, 0.34533966, 0.342127  ],
        [0.3442525 , 0.3280041 , 0.28988492, 0.33460394, 0.3970881 ,
         0.40196198, 0.3109962 , 0.34653717, 0.34265795],
        [0.3451294 , 0.32769662, 0.28958496, 0.33515894, 0.39815253,
         0.40604827, 0.31131995, 0.3466296 , 0.34209338],
        [0.34292358, 0.32813254, 0.2888415 , 0.336615  , 0.39837438,
         0.4080114 , 0.311058  , 0.34620908, 0.3428029 ],
        [0.34120616, 0.32878757, 0.28923532, 0.336948  , 0.39813387,
         0.40954655, 0.3112051 , 0.34623674, 0.3434198 ],
        [0.34129205, 0.32758772, 0.28873158, 0.33605966, 0.3985674 ,
         0.41084173, 0.31145677, 0.34782192, 0.34341758],
        [0.3404927 , 0.32571188, 0.2881643 , 0.3342106 , 0.40061575,
         0.4122342 , 0.31129137, 0.34939697, 0.34467638],
        [0.33789647, 0.32404456, 0.28928655, 0.33214688, 0.40250033,
         0.41369778, 0.31185475, 0.3520304 , 0.3453635 ],
        [0.33715618, 0.32339808, 0.28889048, 0.332057  , 0.40281466,
         0.4126864 , 0.31272188, 0.35349256, 0.34672442],
        [0.33579054, 0.3237022 , 0.2870045 , 0.33305106, 0.40246427,
         0.41202122, 0.3137731 , 0.35428035, 0.3470273 ],
        [0.33493492, 0.32405797, 0.2866929 , 0.33311662, 0.402637  ,
         0.4117344 , 0.31354707, 0.3555961 , 0.34701097],
        [0.33540994, 0.3249805 , 0.2863633 , 0.33330628, 0.40277   ,
         0.41117844, 0.31301752, 0.35668117, 0.34681588],
        [0.33634004, 0.32584405, 0.28677452, 0.33261153, 0.40285927,
         0.41078135, 0.3117545 , 0.35581422, 0.34517115],
        [0.33698973, 0.32577422, 0.28589466, 0.33309302, 0.40318862,
         0.41095677, 0.31040215, 0.35475677, 0.34481037],
        [0.3378114 , 0.32483846, 0.28626624, 0.33337572, 0.4024245 ,
         0.41090336, 0.3106221 , 0.35487723, 0.34507772],
        [0.33829898, 0.32536522, 0.28631547, 0.3340747 , 0.4017102 ,
         0.41108036, 0.3093176 , 0.3547132 , 0.34567118],
        [0.33996996, 0.32528934, 0.28698477, 0.33544812, 0.40172866,
         0.411458  , 0.308559  , 0.35412768, 0.34541386],
        [0.34166315, 0.32473868, 0.28691524, 0.3352525 , 0.40121296,
         0.41349882, 0.30867407, 0.35415807, 0.34434432],
        [0.34279603, 0.32384178, 0.2877997 , 0.33380583, 0.40144625,
         0.41569445, 0.3088324 , 0.35431823, 0.34297144],
        [0.3438204 , 0.3230645 , 0.28876173, 0.33357108, 0.4007851 ,
         0.4184968 , 0.3097282 , 0.35393038, 0.34188476],
        [0.34410185, 0.32335982, 0.2900047 , 0.3335758 , 0.39971876,
         0.4208068 , 0.31117368, 0.35472724, 0.3408258 ],
        [0.34419912, 0.32386547, 0.29269406, 0.33185807, 0.39768335,
         0.42233688, 0.31254375, 0.35351875, 0.3391281 ]]], dtype=float32), array([[[0.28090313, 0.2819637 , 0.28043643, 0.28164366, 0.28129813,
         0.28083363, 0.28101027, 0.28144047, 0.28081155],
        [0.3015493 , 0.2786382 , 0.2707246 , 0.29365152, 0.3361505 ,
         0.30139902, 0.27842677, 0.2945727 , 0.29513505],
        [0.3159719 , 0.29234084, 0.2796397 , 0.30719557, 0.35635716,
         0.32186598, 0.29163995, 0.31123385, 0.31111383],
        [0.32570434, 0.30023205, 0.28456655, 0.315291  , 0.3726612 ,
         0.33939686, 0.2994582 , 0.3212273 , 0.3210243 ],
        [0.33094716, 0.30830923, 0.2897661 , 0.32060054, 0.38383618,
         0.35372323, 0.30422494, 0.32982546, 0.32762694],
        [0.33450505, 0.31467566, 0.29331928, 0.323094  , 0.3910016 ,
         0.36457193, 0.3070885 , 0.33622992, 0.3320105 ],
        [0.33865747, 0.31825158, 0.29551336, 0.32427683, 0.39551315,
         0.37302917, 0.30916077, 0.34066465, 0.33468467],
        [0.3414053 , 0.3200068 , 0.29694614, 0.32631728, 0.3975953 ,
         0.37974524, 0.311197  , 0.34296918, 0.337277  ],
        [0.34316137, 0.32139012, 0.29743752, 0.32746822, 0.39922386,
         0.3851298 , 0.31199726, 0.34497672, 0.339549  ],
        [0.34388635, 0.3224553 , 0.29607156, 0.32853776, 0.40087885,
         0.38963786, 0.31228286, 0.34647018, 0.34185368],
        [0.3444503 , 0.3224932 , 0.29353932, 0.32947034, 0.40234518,
         0.39296716, 0.31264025, 0.34701878, 0.34254837],
        [0.3448601 , 0.32334107, 0.29130828, 0.32984072, 0.4039203 ,
         0.3954501 , 0.31284124, 0.3481383 , 0.34278163],
        [0.34494543, 0.32225826, 0.28974503, 0.33119595, 0.40528455,
         0.39920995, 0.31385285, 0.35005113, 0.34397537],
        [0.3436871 , 0.32177258, 0.2886749 , 0.33174616, 0.4060995 ,
         0.40208194, 0.3144932 , 0.35050493, 0.345041  ],
        [0.34245327, 0.3216168 , 0.28831357, 0.33274084, 0.40659907,
         0.4029    , 0.3151343 , 0.35118905, 0.34585604],
        [0.3410686 , 0.32230556, 0.2885558 , 0.33373567, 0.407988  ,
         0.40388286, 0.3142746 , 0.35217047, 0.34750766],
        [0.33809042, 0.32315272, 0.28963432, 0.3330574 , 0.4086481 ,
         0.4059512 , 0.31362143, 0.35148293, 0.3482898 ],
        [0.3355467 , 0.323047  , 0.2914454 , 0.33190835, 0.4089208 ,
         0.40810436, 0.3129111 , 0.35101244, 0.34770885],
        [0.33521026, 0.3227784 , 0.29164848, 0.33179983, 0.40815216,
         0.4090507 , 0.31299174, 0.35139653, 0.34713802],
        [0.33557835, 0.32231984, 0.29162076, 0.3314153 , 0.4070638 ,
         0.4087025 , 0.31345496, 0.35137752, 0.34608695],
        [0.33610994, 0.3238193 , 0.29133755, 0.3316211 , 0.40607527,
         0.40870762, 0.31289634, 0.35178867, 0.34636387],
        [0.33702546, 0.32365885, 0.29189277, 0.33198556, 0.40531597,
         0.40963063, 0.31326255, 0.35202348, 0.3457733 ],
        [0.3381493 , 0.32254723, 0.2929954 , 0.3319189 , 0.40462708,
         0.41151   , 0.31361118, 0.35221463, 0.3444929 ],
        [0.33905295, 0.32137015, 0.29559222, 0.33046272, 0.4045289 ,
         0.41382045, 0.3132262 , 0.3532265 , 0.34300706],
        [0.339896  , 0.32158324, 0.2970238 , 0.33085355, 0.40340206,
         0.41583267, 0.31247193, 0.3539031 , 0.34355688],
        [0.340316  , 0.32185087, 0.29680377, 0.3312327 , 0.40473613,
         0.41878864, 0.3110084 , 0.35406333, 0.34518278],
        [0.34064215, 0.32232666, 0.29673693, 0.33274195, 0.40541944,
         0.42149267, 0.31085762, 0.3539442 , 0.3454235 ],
        [0.34101057, 0.32265356, 0.29699954, 0.3338108 , 0.40577552,
         0.42333132, 0.3105812 , 0.3523223 , 0.34527135],
        [0.34122688, 0.32486784, 0.29668877, 0.33467638, 0.40608266,
         0.42458224, 0.30959845, 0.35108358, 0.3456557 ],
        [0.34279004, 0.32546324, 0.29579806, 0.33583188, 0.4057051 ,
         0.42467284, 0.30921802, 0.35141602, 0.3461352 ],
        [0.34286228, 0.32632542, 0.2942914 , 0.33687317, 0.40524197,
         0.42472678, 0.30940166, 0.3523645 , 0.34713122],
        [0.34319353, 0.3256646 , 0.2934785 , 0.33754647, 0.4050509 ,
         0.42502534, 0.3101883 , 0.35368782, 0.34872463]]], dtype=float32), array([[[0.28022814, 0.28214285, 0.28047252, 0.2815753 , 0.2815146 ,
         0.28014857, 0.2810776 , 0.2802908 , 0.28104615],
        [0.3005341 , 0.27909285, 0.27105087, 0.29239282, 0.33462018,
         0.29999012, 0.27911326, 0.29478815, 0.2945783 ],
        [0.3155531 , 0.29376507, 0.2806494 , 0.30441055, 0.3547262 ,
         0.31985158, 0.2920131 , 0.31237173, 0.31062448],
        [0.32565457, 0.30451733, 0.28697693, 0.31268364, 0.3693479 ,
         0.33498693, 0.29868317, 0.32246807, 0.32260835],
        [0.3306446 , 0.31299332, 0.2917013 , 0.31925237, 0.37987638,
         0.34819236, 0.3025565 , 0.33027875, 0.33070818],
        [0.33455035, 0.31780452, 0.29476526, 0.3241262 , 0.38657373,
         0.35848677, 0.306188  , 0.33641124, 0.3361351 ],
        [0.33841014, 0.3215701 , 0.2952061 , 0.32775357, 0.39194483,
         0.36584723, 0.308672  , 0.34145817, 0.3391804 ],
        [0.34009546, 0.32384774, 0.29595026, 0.32891086, 0.3948062 ,
         0.3715695 , 0.31017917, 0.34462085, 0.34063607],
        [0.34079146, 0.32534522, 0.29465804, 0.33101228, 0.39636746,
         0.37525743, 0.3106967 , 0.34672168, 0.34313574],
        [0.3408658 , 0.3253018 , 0.2930256 , 0.3320799 , 0.3980345 ,
         0.37836292, 0.31048313, 0.34733012, 0.34502923],
        [0.34263423, 0.32477492, 0.29212397, 0.3316087 , 0.39986292,
         0.3815418 , 0.3104802 , 0.3477991 , 0.34591767],
        [0.34361634, 0.32513025, 0.29133257, 0.33026916, 0.40135014,
         0.38535377, 0.31023535, 0.3492289 , 0.34648955],
        [0.3431518 , 0.32459182, 0.29093522, 0.32916716, 0.4011863 ,
         0.3907337 , 0.3109063 , 0.35087752, 0.34562024],
        [0.34305456, 0.3230878 , 0.29051542, 0.32956994, 0.4011388 ,
         0.39591414, 0.3113744 , 0.35190472, 0.34526712],
        [0.34451017, 0.32155645, 0.28967407, 0.3302535 , 0.4019093 ,
         0.400648  , 0.3116525 , 0.35093132, 0.34448683],
        [0.34578532, 0.32294464, 0.28951845, 0.33073243, 0.40237588,
         0.4034421 , 0.31172344, 0.35172433, 0.34418756],
        [0.34685916, 0.3214832 , 0.2893962 , 0.33181074, 0.40290684,
         0.40655982, 0.31299892, 0.35263392, 0.34351185],
        [0.3473916 , 0.31991255, 0.29110563, 0.33240336, 0.40291393,
         0.40884453, 0.3146373 , 0.35301188, 0.34251505],
        [0.347878  , 0.32099003, 0.2923718 , 0.33296362, 0.40271255,
         0.41186848, 0.31496513, 0.3527641 , 0.34119034],
        [0.34759963, 0.32160887, 0.29386565, 0.33367607, 0.40205097,
         0.41356608, 0.31540692, 0.3532055 , 0.3397083 ],
        [0.3466724 , 0.32207853, 0.29525045, 0.33450243, 0.40133926,
         0.41520676, 0.31495267, 0.35334322, 0.33908412],
        [0.34571558, 0.32222322, 0.2966155 , 0.33378237, 0.40107825,
         0.41779473, 0.3147069 , 0.3544236 , 0.33831745],
        [0.3444377 , 0.3226947 , 0.29590297, 0.33488253, 0.40097222,
         0.4190696 , 0.31447953, 0.35327113, 0.3381064 ],
        [0.34358284, 0.32283837, 0.29416057, 0.33594885, 0.40036446,
         0.419347  , 0.31502014, 0.35223654, 0.33773494],
        [0.34447646, 0.32330766, 0.29364136, 0.33673656, 0.40051934,
         0.41867438, 0.31403437, 0.3521172 , 0.33856386],
        [0.34530705, 0.3233361 , 0.29380637, 0.33706266, 0.4008057 ,
         0.41725188, 0.31350043, 0.3506817 , 0.33940467],
        [0.34593058, 0.32319748, 0.2934432 , 0.33598584, 0.40121678,
         0.41676885, 0.31351602, 0.3503247 , 0.3390498 ],
        [0.34687686, 0.32319608, 0.2924278 , 0.33637962, 0.401667  ,
         0.41661692, 0.31346232, 0.349185  , 0.33930248],
        [0.34796748, 0.32253826, 0.29211292, 0.33651906, 0.40210313,
         0.4159779 , 0.31386155, 0.3485895 , 0.33897337],
        [0.3485569 , 0.3209408 , 0.29277274, 0.33511263, 0.40343064,
         0.41540125, 0.3137499 , 0.34777486, 0.33941132],
        [0.3474914 , 0.3205764 , 0.29357526, 0.33413273, 0.40369725,
         0.41415772, 0.3133027 , 0.34838215, 0.34037483],
        [0.3461008 , 0.3201822 , 0.2919174 , 0.33413073, 0.40410316,
         0.41387415, 0.3138073 , 0.34827083, 0.3402975 ]]], dtype=float32), array([[[0.28025922, 0.28166986, 0.2802817 , 0.28069362, 0.2817379 ,
         0.28246358, 0.28068906, 0.2807035 , 0.2804046 ],
        [0.3006054 , 0.2781963 , 0.26992676, 0.292532  , 0.3362181 ,
         0.3035897 , 0.27852482, 0.29481608, 0.29383028],
        [0.3146861 , 0.29234335, 0.27937788, 0.30507392, 0.35602546,
         0.32454854, 0.2920068 , 0.31120917, 0.30955887],
        [0.3238103 , 0.30135414, 0.2854359 , 0.31344807, 0.36963856,
         0.33938897, 0.29985714, 0.31982037, 0.3199545 ],
        [0.33057943, 0.30796748, 0.28968447, 0.31908837, 0.37863612,
         0.3518671 , 0.30550405, 0.32558414, 0.32697406],
        [0.33472976, 0.31176126, 0.29299444, 0.32255307, 0.3847598 ,
         0.36143208, 0.30971336, 0.33051842, 0.33150285],
        [0.33673865, 0.31329358, 0.29559526, 0.32476917, 0.38945338,
         0.3699993 , 0.31222337, 0.33385718, 0.33427328],
        [0.33827963, 0.31445464, 0.29779336, 0.3259817 , 0.39247608,
         0.3766081 , 0.3131294 , 0.33622965, 0.33584225],
        [0.3398093 , 0.31610826, 0.29846373, 0.3266947 , 0.39478895,
         0.38248938, 0.3140288 , 0.3375908 , 0.33655998],
        [0.34077075, 0.31814975, 0.29742876, 0.32823557, 0.397445  ,
         0.3882042 , 0.31398714, 0.33836955, 0.3367879 ],
        [0.34222874, 0.31971946, 0.29625806, 0.32968298, 0.39933738,
         0.391828  , 0.31418547, 0.338147  , 0.3378542 ],
        [0.34472382, 0.321545  , 0.29497647, 0.33004194, 0.40088043,
         0.39426857, 0.3143656 , 0.33958238, 0.33916402],
        [0.34540844, 0.3212254 , 0.29407048, 0.32952708, 0.4012835 ,
         0.3977033 , 0.31471315, 0.3418381 , 0.33943412],
        [0.34440348, 0.3203514 , 0.29435924, 0.32926574, 0.4018467 ,
         0.40002972, 0.31387895, 0.3444977 , 0.34087202],
        [0.34424812, 0.31935927, 0.29496208, 0.3291191 , 0.4028597 ,
         0.40206745, 0.31361806, 0.34557524, 0.3422775 ],
        [0.34478658, 0.31886828, 0.2951528 , 0.33048457, 0.4038303 ,
         0.4030562 , 0.3130641 , 0.34586728, 0.34280908],
        [0.34522504, 0.31936315, 0.29538   , 0.3309176 , 0.40420115,
         0.40455893, 0.31296295, 0.34682775, 0.34278965],
        [0.3450842 , 0.31980914, 0.295527  , 0.32948858, 0.4047226 ,
         0.40647867, 0.31328204, 0.3476652 , 0.34115753],
        [0.34524038, 0.32019594, 0.2953745 , 0.32902175, 0.40472555,
         0.40785575, 0.3132044 , 0.34717274, 0.34020102],
        [0.34527728, 0.32073393, 0.29559457, 0.32956246, 0.40458125,
         0.40912345, 0.31330213, 0.34632546, 0.33936682],
        [0.34542304, 0.32135695, 0.29537264, 0.3304402 , 0.40274182,
         0.40954542, 0.3131137 , 0.34511983, 0.33881438],
        [0.34524816, 0.3226972 , 0.29434472, 0.3316117 , 0.4021372 ,
         0.4102719 , 0.31265035, 0.34457055, 0.33890623],
        [0.34503162, 0.32410285, 0.2931561 , 0.33229727, 0.40164703,
         0.4086904 , 0.31202215, 0.34469944, 0.33989227],
        [0.34536773, 0.32416576, 0.29209888, 0.3328167 , 0.4008253 ,
         0.40864223, 0.3128472 , 0.34456488, 0.34025404],
        [0.3460336 , 0.32259685, 0.29098102, 0.3327675 , 0.40087414,
         0.40897664, 0.31302875, 0.34744543, 0.34091306],
        [0.34566075, 0.32156304, 0.28985557, 0.3341732 , 0.40012386,
         0.40930697, 0.3132319 , 0.35001218, 0.34154755],
        [0.34566617, 0.3225134 , 0.28954098, 0.33462548, 0.39971888,
         0.41038957, 0.3132703 , 0.3505135 , 0.34121817],
        [0.34594905, 0.3238477 , 0.28884885, 0.33448687, 0.39969125,
         0.41085726, 0.31257704, 0.35027266, 0.34082776],
        [0.34527516, 0.32592002, 0.28893563, 0.333836  , 0.39888078,
         0.41122127, 0.31199625, 0.35037264, 0.3411974 ],
        [0.3454236 , 0.32716107, 0.2890544 , 0.3332588 , 0.3983353 ,
         0.4120836 , 0.31174508, 0.3496313 , 0.341569  ],
        [0.34574988, 0.32851434, 0.28934965, 0.33327493, 0.39748225,
         0.4126364 , 0.3115871 , 0.3500559 , 0.3433347 ],
        [0.34518385, 0.33006275, 0.28822455, 0.33513707, 0.39656952,
         0.412737  , 0.31174272, 0.35094994, 0.34438217]]], dtype=float32), array([[[0.27972826, 0.28084144, 0.28213525, 0.28007868, 0.28139347,
         0.28097478, 0.28062257, 0.28157046, 0.28113878],
        [0.2998469 , 0.27597824, 0.27283403, 0.29245183, 0.33505374,
         0.30160397, 0.2786996 , 0.29594165, 0.29518458],
        [0.31363937, 0.29001683, 0.2833429 , 0.30441508, 0.35352156,
         0.3214869 , 0.29190114, 0.31266937, 0.31109715],
        [0.32218185, 0.29795268, 0.2907215 , 0.31253925, 0.367682  ,
         0.33700454, 0.2987678 , 0.32139528, 0.321877  ],
        [0.32860774, 0.3044306 , 0.29614383, 0.31782633, 0.3788974 ,
         0.35050046, 0.30245686, 0.32824057, 0.32912642],
        [0.3326097 , 0.3080177 , 0.2992372 , 0.32012585, 0.3867518 ,
         0.36291605, 0.30577788, 0.33252895, 0.33348688],
        [0.33482328, 0.3113491 , 0.2991293 , 0.32212135, 0.39270815,
         0.37377766, 0.30766007, 0.33654514, 0.33650964],
        [0.33714855, 0.31452417, 0.2982768 , 0.32251054, 0.39791733,
         0.382078  , 0.30893043, 0.34051067, 0.3382877 ],
        [0.33861342, 0.31747   , 0.29635397, 0.32441142, 0.40263677,
         0.39015776, 0.31019303, 0.34384608, 0.34001902],
        [0.3396926 , 0.32025683, 0.29534757, 0.3255291 , 0.4038143 ,
         0.39586696, 0.31204772, 0.34678587, 0.3404548 ],
        [0.33916247, 0.32101375, 0.2947087 , 0.32793358, 0.40499395,
         0.3997777 , 0.31335244, 0.34885117, 0.34236136],
        [0.3388899 , 0.3209883 , 0.29523274, 0.32942   , 0.4051072 ,
         0.40237048, 0.3151141 , 0.34919003, 0.34258038],
        [0.33808357, 0.3213461 , 0.29621473, 0.3306156 , 0.40471306,
         0.40394098, 0.31597796, 0.35031092, 0.3421012 ],
        [0.3380672 , 0.31911018, 0.2955339 , 0.3318947 , 0.4057184 ,
         0.40565625, 0.3176993 , 0.35115135, 0.34051317],
        [0.33735907, 0.31961447, 0.29594308, 0.33225843, 0.40620807,
         0.40651974, 0.31791115, 0.35140723, 0.34084144],
        [0.33685762, 0.321292  , 0.29575422, 0.33007988, 0.40607995,
         0.40855289, 0.31764704, 0.35184193, 0.33972254],
        [0.3367849 , 0.32192308, 0.29400334, 0.32846835, 0.40597638,
         0.40965053, 0.31710538, 0.35151538, 0.33900744],
        [0.33805177, 0.32334393, 0.29214916, 0.32768536, 0.40551987,
         0.4091223 , 0.31585035, 0.3492928 , 0.33827454],
        [0.33911607, 0.3246541 , 0.2904019 , 0.32724732, 0.40368146,
         0.40815678, 0.31537452, 0.3472835 , 0.33741316],
        [0.34084463, 0.32632425, 0.28808787, 0.3275502 , 0.40283737,
         0.4087328 , 0.31433704, 0.34600383, 0.33685037],
        [0.3417657 , 0.32752678, 0.28801742, 0.32681254, 0.40156123,
         0.40779355, 0.31413817, 0.3454275 , 0.3364629 ],
        [0.34208882, 0.32786268, 0.28733423, 0.32747918, 0.4003225 ,
         0.40688515, 0.31410995, 0.34500623, 0.33738375],
        [0.34200743, 0.32716754, 0.28715488, 0.32719886, 0.40013236,
         0.4059698 , 0.31417704, 0.3453906 , 0.33830923],
        [0.34160486, 0.32533213, 0.28794128, 0.32778242, 0.39983895,
         0.40504333, 0.3145384 , 0.3461569 , 0.3404678 ],
        [0.3420648 , 0.32573286, 0.28846827, 0.3288029 , 0.40012974,
         0.40487114, 0.315253  , 0.3457163 , 0.34108573],
        [0.3424366 , 0.32449192, 0.2894029 , 0.33013675, 0.40174416,
         0.4060831 , 0.31566903, 0.34730333, 0.34186655],
        [0.3429104 , 0.3219016 , 0.2904454 , 0.33144328, 0.4040455 ,
         0.40746078, 0.31632692, 0.34769496, 0.34248456],
        [0.3431644 , 0.3205994 , 0.29072386, 0.3325251 , 0.4052787 ,
         0.40835574, 0.31661114, 0.3476677 , 0.34215996],
        [0.34278402, 0.32085264, 0.29197899, 0.3335088 , 0.40547085,
         0.40936694, 0.31668288, 0.34758475, 0.34199765],
        [0.34254882, 0.32123262, 0.2932378 , 0.3326511 , 0.40515718,
         0.41206998, 0.31709772, 0.34810084, 0.34042376],
        [0.34270984, 0.32208169, 0.29336378, 0.3317956 , 0.40362704,
         0.41255376, 0.31716883, 0.34864327, 0.3401906 ],
        [0.3435593 , 0.3236558 , 0.2924186 , 0.33094192, 0.40262955,
         0.41291302, 0.31693095, 0.34941635, 0.3395007 ]]], dtype=float32), array([[[0.280212  , 0.28065947, 0.2812756 , 0.2806684 , 0.28202012,
         0.28158915, 0.28099695, 0.2808166 , 0.28111866],
        [0.30127448, 0.27631307, 0.2726352 , 0.29247326, 0.33576483,
         0.30271265, 0.2795701 , 0.29508346, 0.2944115 ],
        [0.31720003, 0.29015502, 0.2821171 , 0.30455565, 0.3550898 ,
         0.32225138, 0.2927001 , 0.3116978 , 0.3106412 ],
        [0.32751587, 0.29975495, 0.28833985, 0.31324196, 0.3679254 ,
         0.33842427, 0.3005489 , 0.32059982, 0.3203131 ],
        [0.33509955, 0.3066363 , 0.29251415, 0.32009134, 0.37756968,
         0.35073233, 0.3058457 , 0.32588035, 0.3275347 ],
        [0.34005767, 0.31177914, 0.2942474 , 0.32493454, 0.38467565,
         0.36037192, 0.30958477, 0.3286825 , 0.33158907],
        [0.3434258 , 0.31579304, 0.29526156, 0.32822466, 0.3895473 ,
         0.36807343, 0.31210145, 0.33107677, 0.33473483],
        [0.3457331 , 0.31938395, 0.29662162, 0.33011815, 0.39285153,
         0.3741965 , 0.3135724 , 0.33380395, 0.33718243],
        [0.34718513, 0.32107922, 0.29654574, 0.33089992, 0.39506876,
         0.37959808, 0.31488043, 0.33654955, 0.3380702 ],
        [0.3465374 , 0.3237209 , 0.2976429 , 0.33154884, 0.3963391 ,
         0.38504374, 0.3148455 , 0.33820143, 0.33865428],
        [0.34658855, 0.32410774, 0.2979146 , 0.33225903, 0.397772  ,
         0.39159828, 0.31555018, 0.34073806, 0.3388463 ],
        [0.34628603, 0.3249439 , 0.29770225, 0.33329132, 0.3992108 ,
         0.3976818 , 0.31617734, 0.34335086, 0.3393143 ],
        [0.3464853 , 0.32540578, 0.2971537 , 0.33377203, 0.40013048,
         0.40322626, 0.31643438, 0.34608626, 0.33949792],
        [0.3468379 , 0.32625863, 0.296156  , 0.33369705, 0.40159056,
         0.4062681 , 0.31584102, 0.3471897 , 0.3412054 ],
        [0.3463296 , 0.32663074, 0.29417565, 0.3330776 , 0.40248567,
         0.4082474 , 0.31586418, 0.3480103 , 0.34121558],
        [0.34536597, 0.32617772, 0.29391503, 0.33177102, 0.40288198,
         0.4094612 , 0.31576583, 0.35000703, 0.34082612],
        [0.34444413, 0.3246756 , 0.29424766, 0.3307086 , 0.40400478,
         0.41091117, 0.31507993, 0.35100108, 0.34079483],
        [0.3429156 , 0.32578355, 0.29439336, 0.33012176, 0.40458903,
         0.41336477, 0.3142175 , 0.3527489 , 0.34123752],
        [0.3403473 , 0.32733637, 0.29361865, 0.33137012, 0.40508825,
         0.4143273 , 0.31340092, 0.35384807, 0.341986  ],
        [0.33742934, 0.32757595, 0.29201922, 0.3313869 , 0.4054793 ,
         0.41479057, 0.31401366, 0.354752  , 0.34165046],
        [0.33550298, 0.32783088, 0.2907708 , 0.33209202, 0.4053363 ,
         0.41334206, 0.31441215, 0.3564396 , 0.34196216],
        [0.33410662, 0.32799932, 0.29006732, 0.33073613, 0.40455082,
         0.41208002, 0.31508464, 0.35498372, 0.34104875],
        [0.33369714, 0.32927775, 0.28830132, 0.33122975, 0.40423948,
         0.40983748, 0.31420675, 0.35404852, 0.34262818],
        [0.3323246 , 0.33109978, 0.2878768 , 0.3307378 , 0.40301126,
         0.40839145, 0.3136028 , 0.35371894, 0.34258386],
        [0.33235082, 0.33231455, 0.2872196 , 0.33018935, 0.40181816,
         0.40774003, 0.31365132, 0.35343707, 0.3424148 ],
        [0.33105272, 0.33107105, 0.28671917, 0.32932067, 0.40181774,
         0.40689337, 0.3132174 , 0.35474446, 0.34275106],
        [0.33227193, 0.33035535, 0.2864127 , 0.32947043, 0.40217903,
         0.40599504, 0.31297967, 0.3544155 , 0.34232715],
        [0.33243307, 0.33105314, 0.28769612, 0.32782254, 0.40261847,
         0.40581474, 0.31320366, 0.35477674, 0.34148487],
        [0.33144826, 0.3311158 , 0.28928328, 0.32698545, 0.40370956,
         0.4071198 , 0.31274754, 0.35390666, 0.34088165],
        [0.33245382, 0.33229363, 0.28921777, 0.3270962 , 0.405164  ,
         0.40877736, 0.31242153, 0.3535029 , 0.34038374],
        [0.33298603, 0.33178043, 0.28863123, 0.32688466, 0.40581092,
         0.40916908, 0.3122524 , 0.3535724 , 0.34069175],
        [0.33365932, 0.33091375, 0.28771654, 0.32782263, 0.40670872,
         0.41013458, 0.3120756 , 0.35416272, 0.34171644]]], dtype=float32), array([[[0.2808687 , 0.28099376, 0.28076622, 0.28113276, 0.28208178,
         0.28128672, 0.28039488, 0.28096876, 0.2813457 ],
        [0.30157092, 0.27768114, 0.27187932, 0.2923442 , 0.33479497,
         0.30344874, 0.27833202, 0.2930594 , 0.2939442 ],
        [0.31607443, 0.2919203 , 0.28188348, 0.30415475, 0.3533458 ,
         0.324313  , 0.29198968, 0.3106046 , 0.30899736],
        [0.32503378, 0.30059767, 0.28712508, 0.31315082, 0.36723694,
         0.34033597, 0.2986849 , 0.32148552, 0.32010317],
        [0.3309972 , 0.30638364, 0.2885572 , 0.319319  , 0.37732077,
         0.35287756, 0.3025866 , 0.32810694, 0.32756576],
        [0.33329153, 0.31256312, 0.2917986 , 0.32318473, 0.38420817,
         0.36287487, 0.304166  , 0.33409038, 0.33421835],
        [0.33488977, 0.31602877, 0.29397202, 0.3259489 , 0.38862124,
         0.37045646, 0.30527627, 0.3372998 , 0.3385925 ],
        [0.33602148, 0.318295  , 0.29645616, 0.32660222, 0.39115748,
         0.37712696, 0.30617017, 0.34038788, 0.34102377],
        [0.33724117, 0.32080838, 0.29866642, 0.3276479 , 0.39262176,
         0.38298824, 0.3067859 , 0.3427382 , 0.34301382],
        [0.3377984 , 0.32132795, 0.2991547 , 0.32761568, 0.39408898,
         0.38807002, 0.3079189 , 0.34377494, 0.34334457],
        [0.33882186, 0.32132587, 0.29926032, 0.32722506, 0.3953024 ,
         0.39273983, 0.30872202, 0.34486976, 0.34331197],
        [0.3420873 , 0.32256198, 0.29708064, 0.32802486, 0.3956113 ,
         0.3947765 , 0.30897123, 0.3455966 , 0.34456703],
        [0.3430519 , 0.3229357 , 0.29587367, 0.3298189 , 0.39600086,
         0.39670414, 0.3098365 , 0.34632233, 0.34550416],
        [0.34451568, 0.32387438, 0.294475  , 0.3309198 , 0.39713326,
         0.39851734, 0.31058067, 0.34882507, 0.3461664 ],
        [0.34633347, 0.32298493, 0.29231957, 0.3324125 , 0.39937314,
         0.3995001 , 0.3111856 , 0.35045624, 0.34766918],
        [0.347326  , 0.32241622, 0.2916267 , 0.3331619 , 0.40241972,
         0.40215355, 0.31168312, 0.35085225, 0.34865877],
        [0.34722474, 0.32329825, 0.293334  , 0.33178324, 0.4034704 ,
         0.40370545, 0.31226775, 0.3524793 , 0.34773725],
        [0.34613612, 0.32394525, 0.2954541 , 0.3308561 , 0.4046487 ,
         0.4055768 , 0.31189582, 0.35232607, 0.34765062],
        [0.34514567, 0.3229358 , 0.29682645, 0.33034196, 0.40502545,
         0.40761888, 0.3118016 , 0.3521191 , 0.34763205],
        [0.3430086 , 0.32322088, 0.29906526, 0.32966632, 0.40419215,
         0.40977877, 0.31278455, 0.35207674, 0.34608972],
        [0.3416008 , 0.3237764 , 0.30008212, 0.32883134, 0.40460607,
         0.41045126, 0.31291443, 0.3523076 , 0.34514898],
        [0.34029502, 0.3235533 , 0.29963008, 0.32884598, 0.4046712 ,
         0.4112465 , 0.31276846, 0.35032952, 0.34404615],
        [0.33977315, 0.32351297, 0.29841408, 0.32887515, 0.4046102 ,
         0.4114005 , 0.31245697, 0.3481123 , 0.3431694 ],
        [0.33890706, 0.32419467, 0.2970884 , 0.32887742, 0.40386042,
         0.4121166 , 0.3118605 , 0.3482994 , 0.34228322],
        [0.33833864, 0.32343313, 0.29630864, 0.32809117, 0.40300298,
         0.413515  , 0.31251147, 0.348502  , 0.34062672],
        [0.33746824, 0.32376423, 0.29562968, 0.32662746, 0.4029997 ,
         0.4139818 , 0.31241664, 0.34926042, 0.3390167 ],
        [0.33678246, 0.3238007 , 0.2958953 , 0.32597053, 0.40363717,
         0.41490647, 0.31239676, 0.3503249 , 0.33824658],
        [0.33544657, 0.3236613 , 0.29669678, 0.32539654, 0.40465343,
         0.41566023, 0.3116149 , 0.35155034, 0.33884043],
        [0.33475226, 0.32349765, 0.29557756, 0.325501  , 0.40595973,
         0.41520014, 0.31071246, 0.35156193, 0.34040797],
        [0.3344241 , 0.32603234, 0.29356936, 0.32686955, 0.40667522,
         0.41505128, 0.31049585, 0.35074648, 0.341492  ],
        [0.33298948, 0.32728103, 0.29230067, 0.327983  , 0.40700322,
         0.41596085, 0.31078863, 0.35022464, 0.3415583 ],
        [0.33173868, 0.32851803, 0.29230303, 0.32895783, 0.40722862,
         0.41526857, 0.31087184, 0.35076067, 0.3420247 ]]], dtype=float32), array([[[0.27978304, 0.28219908, 0.2827213 , 0.28077802, 0.28104138,
         0.28070176, 0.2801159 , 0.28049543, 0.2814347 ],
        [0.30145273, 0.27834636, 0.27441755, 0.29194757, 0.33302376,
         0.30222058, 0.27848417, 0.29444283, 0.29340416],
        [0.31795365, 0.29257122, 0.28393307, 0.30554852, 0.35024923,
         0.32176608, 0.2919025 , 0.30963162, 0.30943   ],
        [0.32915166, 0.3021026 , 0.29051408, 0.3147455 , 0.36151367,
         0.33606565, 0.30057517, 0.32020825, 0.3186731 ],
        [0.33588293, 0.3080429 , 0.29477334, 0.32161784, 0.3704947 ,
         0.34812018, 0.30648807, 0.3275257 , 0.32555428],
        [0.34122345, 0.31157956, 0.29745996, 0.32492244, 0.3770699 ,
         0.35909787, 0.31058827, 0.3323285 , 0.32952136],
        [0.34374186, 0.3146946 , 0.29992995, 0.32770088, 0.38270953,
         0.36701074, 0.31286582, 0.3351016 , 0.3337803 ],
        [0.34457228, 0.31715783, 0.30017814, 0.33000857, 0.38745773,
         0.37271032, 0.31408688, 0.33693498, 0.33764562],
        [0.3443414 , 0.3186377 , 0.2994039 , 0.33101404, 0.3912745 ,
         0.37678415, 0.31470156, 0.3373979 , 0.3392433 ],
        [0.3441945 , 0.32011724, 0.29921558, 0.32984364, 0.3935727 ,
         0.3807789 , 0.31480417, 0.339295  , 0.33990782],
        [0.3449213 , 0.3206976 , 0.2988486 , 0.32909447, 0.39620128,
         0.385357  , 0.31454274, 0.34065256, 0.3415731 ],
        [0.34561482, 0.32151678, 0.2973453 , 0.32757804, 0.3980144 ,
         0.38977975, 0.31399882, 0.341517  , 0.34209818],
        [0.34644988, 0.32204744, 0.2960417 , 0.32620925, 0.39906743,
         0.39279035, 0.31419244, 0.34302533, 0.34132162],
        [0.34551594, 0.32044888, 0.29523876, 0.325411  , 0.40051103,
         0.39531517, 0.31410253, 0.34641525, 0.3416505 ],
        [0.34482494, 0.31981465, 0.29457977, 0.32363933, 0.4013282 ,
         0.3985179 , 0.3140672 , 0.34855855, 0.3406982 ],
        [0.343082  , 0.31919602, 0.29419655, 0.3228273 , 0.4021775 ,
         0.4018129 , 0.3142162 , 0.35042402, 0.33941317],
        [0.3407336 , 0.31832275, 0.2936873 , 0.32307306, 0.40196154,
         0.40392682, 0.3147503 , 0.35162258, 0.3364323 ],
        [0.33890858, 0.32007483, 0.29395366, 0.3236642 , 0.40127608,
         0.40432927, 0.31485036, 0.3514271 , 0.33571842],
        [0.33798787, 0.31886277, 0.2938059 , 0.3246749 , 0.40109837,
         0.4051141 , 0.3158649 , 0.35032675, 0.33458593],
        [0.3385671 , 0.318139  , 0.29251677, 0.3259905 , 0.40133226,
         0.40559807, 0.31654918, 0.35038242, 0.3336668 ],
        [0.33917895, 0.3185603 , 0.29277363, 0.32645866, 0.4009583 ,
         0.40516147, 0.31653208, 0.35011828, 0.33457553],
        [0.33943185, 0.31954867, 0.2913339 , 0.32760784, 0.40100887,
         0.40541357, 0.31699345, 0.34927517, 0.33398947],
        [0.33885264, 0.320076  , 0.29158205, 0.32719508, 0.40099236,
         0.40554133, 0.31722435, 0.3485224 , 0.3345961 ],
        [0.3386479 , 0.31987414, 0.29244092, 0.32724085, 0.40124425,
         0.4061116 , 0.31660563, 0.3487233 , 0.3356787 ],
        [0.33842194, 0.3217243 , 0.29120746, 0.32730785, 0.40208578,
         0.40764505, 0.3158848 , 0.35091388, 0.33669874],
        [0.3379041 , 0.32277197, 0.29127264, 0.32780132, 0.4030525 ,
         0.41016158, 0.31535006, 0.35132787, 0.3375219 ],
        [0.33931747, 0.32292372, 0.29144448, 0.32893777, 0.4049084 ,
         0.4109796 , 0.31516963, 0.352752  , 0.33928877],
        [0.3404241 , 0.32193187, 0.29178157, 0.32958302, 0.40599412,
         0.41143465, 0.31512576, 0.35412425, 0.3408396 ],
        [0.33986324, 0.32112935, 0.29144293, 0.32991984, 0.40705627,
         0.41274107, 0.31440184, 0.35365158, 0.34169042],
        [0.33966395, 0.32013336, 0.29102978, 0.33095226, 0.4062771 ,
         0.41235447, 0.3156938 , 0.35186732, 0.34070563],
        [0.34010094, 0.31992137, 0.2916006 , 0.3314924 , 0.406335  ,
         0.41226116, 0.3159172 , 0.35133007, 0.34032398],
        [0.34148172, 0.3211786 , 0.29167318, 0.3311573 , 0.4063334 ,
         0.41232368, 0.31626624, 0.35160083, 0.3396559 ]]], dtype=float32), array([[[0.2815423 , 0.2814439 , 0.27906516, 0.28251407, 0.28066373,
         0.27970207, 0.28076705, 0.2825108 , 0.28265136],
        [0.30311495, 0.27948776, 0.26768023, 0.29479527, 0.33536315,
         0.29992506, 0.27784377, 0.2974932 , 0.29819477],
        [0.31841153, 0.29532924, 0.2763374 , 0.30663872, 0.35384583,
         0.3203631 , 0.29051927, 0.31473538, 0.31361425],
        [0.32728937, 0.30664447, 0.28198886, 0.3146768 , 0.36714357,
         0.337092  , 0.29733247, 0.3234464 , 0.32355648],
        [0.33317193, 0.31311193, 0.2852222 , 0.3203008 , 0.37686563,
         0.34932438, 0.30131042, 0.32796267, 0.3296239 ],
        [0.33685085, 0.31819916, 0.28793767, 0.32331938, 0.38445887,
         0.35841316, 0.3033004 , 0.33152905, 0.33486938],
        [0.3384386 , 0.3227457 , 0.2889514 , 0.32481524, 0.38952607,
         0.36631224, 0.30492643, 0.3346373 , 0.33803055],
        [0.3408389 , 0.32549968, 0.29028392, 0.32565713, 0.39185196,
         0.37356454, 0.30703926, 0.3377982 , 0.34007114],
        [0.34265402, 0.32562208, 0.29106203, 0.32465532, 0.39473045,
         0.37961453, 0.30887258, 0.3406799 , 0.34133184],
        [0.34475258, 0.32704744, 0.29121438, 0.3256447 , 0.39693254,
         0.38558623, 0.30912012, 0.3422004 , 0.3427714 ],
        [0.34501767, 0.32922283, 0.29110503, 0.32726288, 0.3989772 ,
         0.39090154, 0.30900022, 0.34385145, 0.34376204],
        [0.3443744 , 0.33126557, 0.29033497, 0.3292709 , 0.39950517,
         0.39387265, 0.30820003, 0.34584352, 0.34581688],
        [0.34312063, 0.33060336, 0.29012242, 0.33117607, 0.39960116,
         0.3975755 , 0.30844465, 0.34646043, 0.34598798],
        [0.34147176, 0.33062634, 0.28914735, 0.33191618, 0.40015763,
         0.4010461 , 0.30784407, 0.3490318 , 0.3464575 ],
        [0.3389168 , 0.32952338, 0.28821102, 0.3324173 , 0.40001217,
         0.4020665 , 0.30806133, 0.3515508 , 0.3466285 ],
        [0.33528784, 0.32764587, 0.2892373 , 0.33214086, 0.3996437 ,
         0.4027579 , 0.30936024, 0.3514521 , 0.34760126],
        [0.3318834 , 0.3248061 , 0.29055148, 0.33104983, 0.39877406,
         0.40356034, 0.311597  , 0.35239738, 0.34756458],
        [0.32864466, 0.3225738 , 0.29136714, 0.32958785, 0.39939168,
         0.40514734, 0.3129207 , 0.35392633, 0.3473163 ],
        [0.32690412, 0.32152683, 0.29180142, 0.328691  , 0.40025523,
         0.40657172, 0.3134146 , 0.35485315, 0.34688878],
        [0.3256258 , 0.32051212, 0.29133883, 0.3283671 , 0.40090084,
         0.40780607, 0.31411776, 0.35472703, 0.34650248],
        [0.3252898 , 0.3197249 , 0.29155627, 0.32817218, 0.40136477,
         0.40856397, 0.31476122, 0.35374656, 0.3464805 ],
        [0.32698655, 0.31865913, 0.2917521 , 0.32880938, 0.40145472,
         0.40958127, 0.31529534, 0.3520009 , 0.34581402],
        [0.3295523 , 0.3176638 , 0.29028383, 0.33009312, 0.4015522 ,
         0.41116077, 0.31584743, 0.35035393, 0.34548527],
        [0.33095238, 0.31850392, 0.28913766, 0.32909372, 0.4025865 ,
         0.4128654 , 0.31660873, 0.3496565 , 0.34374318],
        [0.3320407 , 0.31920287, 0.2875814 , 0.32894984, 0.40358248,
         0.41318396, 0.31627202, 0.34979334, 0.3424088 ],
        [0.33356246, 0.32044932, 0.2870039 , 0.32946187, 0.40427363,
         0.4124753 , 0.3153839 , 0.34908277, 0.34149906],
        [0.33478072, 0.32210118, 0.28808916, 0.32992533, 0.40465543,
         0.41206613, 0.31421995, 0.3495564 , 0.34217912],
        [0.33624882, 0.32103834, 0.28837904, 0.33007178, 0.40500274,
         0.41212565, 0.31379604, 0.34938568, 0.34208488],
        [0.3363641 , 0.31932348, 0.288472  , 0.33090037, 0.40610275,
         0.4125979 , 0.31351125, 0.34827617, 0.34306824],
        [0.33650085, 0.31978643, 0.2881201 , 0.33131573, 0.40756685,
         0.4135307 , 0.31332824, 0.34894055, 0.3443692 ],
        [0.3354051 , 0.31945598, 0.28720266, 0.33203027, 0.40873423,
         0.4148989 , 0.3128149 , 0.34773076, 0.34506148],
        [0.33413678, 0.31777582, 0.28677967, 0.33177176, 0.41009   ,
         0.41579202, 0.312245  , 0.3475777 , 0.34447885]]], dtype=float32), array([[[0.28035414, 0.28052142, 0.2811666 , 0.28076798, 0.28274074,
         0.2823677 , 0.2805605 , 0.2810572 , 0.28112453],
        [0.30045107, 0.27572122, 0.27208292, 0.29212448, 0.33728403,
         0.3047749 , 0.27859506, 0.29496697, 0.2952156 ],
        [0.31531784, 0.29061005, 0.2826313 , 0.30506828, 0.35623473,
         0.3252925 , 0.29005194, 0.310052  , 0.31142637],
        [0.32487914, 0.30009288, 0.2898263 , 0.31364524, 0.3692387 ,
         0.34205472, 0.29690823, 0.3195322 , 0.3213123 ],
        [0.33083722, 0.30706075, 0.29385072, 0.31908134, 0.37814388,
         0.35552794, 0.30179977, 0.32582116, 0.32751793],
        [0.3350923 , 0.30964375, 0.29589662, 0.32270336, 0.38557708,
         0.3668046 , 0.30544344, 0.33006027, 0.33255762],
        [0.33769774, 0.3134543 , 0.29641497, 0.3266076 , 0.39152998,
         0.3745506 , 0.30704093, 0.33274135, 0.3363293 ],
        [0.33963814, 0.31653646, 0.29687533, 0.32850692, 0.39616293,
         0.37925038, 0.3082754 , 0.335742  , 0.33942252],
        [0.3418883 , 0.32020795, 0.29620418, 0.3292801 , 0.39863315,
         0.38249105, 0.30910152, 0.3390515 , 0.34149548],
        [0.34446016, 0.32178712, 0.2947509 , 0.32907093, 0.4000659 ,
         0.385637  , 0.30993846, 0.34100282, 0.34171414],
        [0.34682542, 0.3230933 , 0.29275844, 0.32869166, 0.4012121 ,
         0.38831896, 0.31062955, 0.34362927, 0.34209642],
        [0.34761813, 0.32484627, 0.29179004, 0.32935345, 0.40251678,
         0.39189783, 0.3110129 , 0.34484467, 0.3435607 ],
        [0.34773326, 0.3258977 , 0.2914277 , 0.32959974, 0.4024857 ,
         0.39521027, 0.3117592 , 0.34617677, 0.34453535],
        [0.34827718, 0.32721528, 0.2918217 , 0.32858598, 0.40150487,
         0.39761645, 0.312732  , 0.34900713, 0.34423646],
        [0.3474849 , 0.32655966, 0.29181412, 0.32736212, 0.401469  ,
         0.40065008, 0.31337225, 0.3514274 , 0.34523883],
        [0.34583527, 0.3248879 , 0.29097384, 0.32586357, 0.40274778,
         0.4022861 , 0.3138563 , 0.3524394 , 0.34632942],
        [0.34311277, 0.3244928 , 0.29214236, 0.32497135, 0.4033577 ,
         0.40270153, 0.31431293, 0.35438615, 0.3466468 ],
        [0.34157407, 0.32374203, 0.29275542, 0.3237404 , 0.40363798,
         0.40263546, 0.3151013 , 0.35573113, 0.34672228],
        [0.34169003, 0.32365364, 0.29287413, 0.3239851 , 0.40308315,
         0.40161055, 0.31571546, 0.35599625, 0.346121  ],
        [0.3411521 , 0.32289037, 0.29295754, 0.3253379 , 0.40222198,
         0.40200466, 0.3171043 , 0.35618553, 0.3448282 ],
        [0.34167084, 0.32238925, 0.29192874, 0.32742715, 0.40067413,
         0.40170786, 0.31758443, 0.3560084 , 0.3442715 ],
        [0.34262374, 0.32416353, 0.2896518 , 0.32833302, 0.4008432 ,
         0.40125665, 0.3167801 , 0.35497963, 0.3429015 ],
        [0.34349883, 0.32497266, 0.28678942, 0.3296687 , 0.40022528,
         0.4025416 , 0.31717536, 0.3538686 , 0.341273  ],
        [0.34288844, 0.32584158, 0.28473157, 0.33064649, 0.4003482 ,
         0.40253705, 0.31728423, 0.3538969 , 0.34015772],
        [0.34275723, 0.32595736, 0.28331438, 0.3305217 , 0.4005249 ,
         0.40255043, 0.3175656 , 0.35380387, 0.3392736 ],
        [0.34177375, 0.3263858 , 0.2830928 , 0.33019775, 0.4002366 ,
         0.4026711 , 0.31685737, 0.35174623, 0.3389715 ],
        [0.34042507, 0.32656994, 0.28420055, 0.32976714, 0.39918727,
         0.40221074, 0.31609544, 0.35128197, 0.3385718 ],
        [0.3404129 , 0.32656154, 0.28557444, 0.3297242 , 0.39769813,
         0.40098894, 0.3157388 , 0.35083368, 0.33927757],
        [0.3392739 , 0.3258038 , 0.28749698, 0.32969013, 0.39765072,
         0.4016478 , 0.31471625, 0.35104716, 0.33912387],
        [0.3393195 , 0.3264279 , 0.2887117 , 0.32986248, 0.39765546,
         0.4016628 , 0.31441194, 0.35139513, 0.33954293],
        [0.33879557, 0.325631  , 0.2901848 , 0.32886085, 0.3977901 ,
         0.40174523, 0.31409627, 0.34957814, 0.33960047],
        [0.33949783, 0.32507887, 0.29230657, 0.32746863, 0.39775202,
         0.40298262, 0.31348205, 0.34938535, 0.3393952 ]]], dtype=float32)]