tf.Tensor(
[[[0.27963686 0.28128493 0.28021583 0.2807413  0.28068888 0.28046384
   0.28077757 0.28204885 0.28140476]
  [0.29871452 0.27616584 0.27107388 0.29213497 0.33410624 0.3015882
   0.27893785 0.29565594 0.2954899 ]
  [0.31227958 0.29005757 0.2809167  0.30517152 0.35301572 0.32072562
   0.29208758 0.31179225 0.31172854]
  [0.32312554 0.2993414  0.28607708 0.31435418 0.36757144 0.33604786
   0.29923555 0.32167497 0.32219508]
  [0.33097315 0.3074103  0.288729   0.32148972 0.37808824 0.34973547
   0.30336556 0.32731068 0.32828465]
  [0.336414   0.31343934 0.29105294 0.32592797 0.3855524  0.3607103
   0.3064769  0.33248678 0.33288676]
  [0.3399     0.31812394 0.2932485  0.32869896 0.39059353 0.3687542
   0.3090902  0.3359801  0.33670887]
  [0.34033003 0.32216617 0.29609853 0.3298957  0.39244908 0.37597126
   0.31039461 0.3388514  0.33824858]
  [0.3394573  0.32453412 0.29670432 0.33163568 0.3947991  0.38246194
   0.3102738  0.3407242  0.34141633]
  [0.33867332 0.32633987 0.29555032 0.33183694 0.3958867  0.38676092
   0.31055823 0.34236914 0.34371212]
  [0.33820918 0.3285251  0.29491585 0.3314236  0.3954664  0.39159828
   0.31126028 0.34289768 0.34352988]
  [0.33877116 0.33082977 0.29403782 0.33151984 0.39429215 0.39489564
   0.3119846  0.3427727  0.34317413]
  [0.33834246 0.33077738 0.29424185 0.33118844 0.39254692 0.3972885
   0.3124133  0.3433731  0.34235874]
  [0.33864412 0.3276149  0.29412538 0.32952866 0.3929323  0.4009698
   0.3129668  0.34552065 0.3406334 ]
  [0.3395483  0.32468122 0.29449293 0.32683808 0.39392236 0.4050473
   0.31329936 0.34749892 0.3392434 ]
  [0.3399924  0.32309115 0.29501584 0.32526466 0.39539906 0.4082711
   0.31322587 0.34815058 0.3391725 ]
  [0.33916968 0.32201567 0.2955587  0.32446963 0.3974411  0.41175056
   0.31246945 0.35041136 0.33950898]
  [0.33845648 0.31985065 0.29568788 0.32324094 0.399804   0.4138195
   0.31276637 0.35208678 0.33889416]
  [0.3383606  0.31927148 0.29532394 0.32270673 0.40183127 0.41449594
   0.31247857 0.35358575 0.3393225 ]
  [0.3383117  0.31742468 0.29616335 0.32264635 0.4027727  0.41630203
   0.31333616 0.35454428 0.33789676]
  [0.33782738 0.31711617 0.2970321  0.32388553 0.4032904  0.41628698
   0.31334874 0.3541037  0.33912876]
  [0.3395765  0.31765097 0.2970642  0.3248925  0.40407282 0.4154222
   0.31358334 0.3530322  0.33952004]
  [0.33964175 0.32020122 0.29697558 0.32686284 0.40406042 0.41366053
   0.31323013 0.35171255 0.340146  ]
  [0.33989078 0.32131198 0.29581118 0.32839882 0.40408424 0.4120336
   0.31395093 0.3505988  0.3396484 ]
  [0.34071785 0.32304904 0.29386497 0.3286238  0.40397722 0.41145715
   0.31473362 0.35095954 0.33779323]
  [0.34126416 0.32362404 0.2931309  0.32894182 0.4043663  0.41135868
   0.31517884 0.35184294 0.33759356]
  [0.34208632 0.32396448 0.29480696 0.32851318 0.40447167 0.4114866
   0.314999   0.3519942  0.33751574]
  [0.34222507 0.32525456 0.29587865 0.3277006  0.40391573 0.411511
   0.31458557 0.35139024 0.33805838]
  [0.3422214  0.32351452 0.2955579  0.32723966 0.40418682 0.41261455
   0.315247   0.3503695  0.33808255]
  [0.34156552 0.32380846 0.29255    0.32791153 0.40546227 0.4111513
   0.31484595 0.3507932  0.33890972]
  [0.34081572 0.32332426 0.28973812 0.3283228  0.40507558 0.41008347
   0.3150579  0.35241678 0.3388875 ]
  [0.33995244 0.3235775  0.28855997 0.32808736 0.4054984  0.4111195
   0.3154979  0.35396916 0.33855194]]], shape=(1, 32, 9), dtype=float32)