tf.Tensor(
[[[0.48269308]
  [0.47841102]
  [0.47459918]
  ...
  [0.4834485 ]
  [0.48486444]
  [0.48852023]]

 [[0.51232857]
  [0.51123244]
  [0.5104135 ]
  ...
  [0.49245873]
  [0.49134764]
  [0.4915311 ]]

 [[0.485414  ]
  [0.47953388]
  [0.4722377 ]
  ...
  [0.46110976]
  [0.46295545]
  [0.46713072]]

 ...

 [[0.4992313 ]
  [0.49678499]
  [0.49548072]
  ...
  [0.5030131 ]
  [0.5031884 ]
  [0.50344807]]

 [[0.4991525 ]
  [0.4964296 ]
  [0.4949498 ]
  ...
  [0.5029651 ]
  [0.50314933]
  [0.5034166 ]]

 [[0.49942577]
  [0.49703893]
  [0.49573347]
  ...
  [0.50302476]
  [0.503196  ]
  [0.50345314]]], shape=(105, 32, 1), dtype=float32)