tf.Tensor(
[[[2.76925266e-01 2.43833125e-01 2.74761915e-01 2.25295290e-01
   2.60559797e-01 2.06146479e-01 1.59644932e-01 1.91214964e-01
   2.42337629e-01]
  [2.53783673e-01 1.87904611e-01 2.58156031e-01 1.18011095e-01
   2.21134618e-01 7.91190788e-02 3.20593826e-02 6.27131313e-02
   1.84105277e-01]
  [2.40812480e-01 9.09122601e-02 2.22894400e-01 4.54934612e-02
   1.46329522e-01 1.59766562e-02 2.20331619e-03 9.41647496e-03
   8.65913332e-02]
  [1.90060422e-01 4.32746410e-02 1.77527964e-01 1.81270316e-02
   8.47451761e-02 3.45174898e-03 2.42481168e-04 1.66919641e-03
   3.18982303e-02]
  [1.29911736e-01 2.61452217e-02 1.43116474e-01 9.49311536e-03
   5.26696332e-02 1.18249946e-03 6.04519701e-05 5.14724292e-04
   1.07000042e-02]
  [8.98189172e-02 2.05996893e-02 1.15672007e-01 6.73519494e-03
   3.87036614e-02 6.65177067e-04 2.92143268e-05 2.65911949e-04
   4.10575373e-03]
  [6.85512051e-02 1.88471843e-02 9.42835957e-02 5.78051060e-03
   3.18728052e-02 5.21845184e-04 2.03530435e-05 1.90988343e-04
   2.03080662e-03]
  [5.71337901e-02 1.83540341e-02 7.88005665e-02 5.45803690e-03
   2.81602368e-02 4.77553491e-04 1.68213301e-05 1.62650744e-04
   1.23661128e-03]
  [5.14967926e-02 1.85059700e-02 6.78456351e-02 5.40764444e-03
   2.59232074e-02 4.70187631e-04 1.53016608e-05 1.52225490e-04
   8.93598539e-04]
  [4.83931154e-02 1.88582316e-02 6.06084839e-02 5.40553406e-03
   2.43126471e-02 4.72958374e-04 1.47043138e-05 1.48915366e-04
   7.26566243e-04]
  [4.67669256e-02 1.92207638e-02 5.58763929e-02 5.45926951e-03
   2.32524443e-02 4.79555456e-04 1.43886782e-05 1.47811952e-04
   6.28857641e-04]
  [4.60223481e-02 1.94733944e-02 5.25721163e-02 5.53105166e-03
   2.25388464e-02 4.82043630e-04 1.41054234e-05 1.48407635e-04
   5.59312291e-04]
  [4.51855399e-02 1.97627228e-02 4.98155802e-02 5.55384066e-03
   2.19541863e-02 4.90633014e-04 1.40394386e-05 1.48735257e-04
   5.22706890e-04]
  [4.47742641e-02 2.00516135e-02 4.82850447e-02 5.58548234e-03
   2.14286745e-02 4.89420083e-04 1.38166961e-05 1.47274623e-04
   4.91680636e-04]
  [4.45936993e-02 2.02500504e-02 4.66670841e-02 5.59552666e-03
   2.10508332e-02 4.93597065e-04 1.38249698e-05 1.47498024e-04
   4.63178847e-04]
  [4.43382040e-02 2.06236169e-02 4.58306633e-02 5.60527574e-03
   2.08250191e-02 4.95777465e-04 1.39488620e-05 1.48585837e-04
   4.52794542e-04]
  [4.45984118e-02 2.07488965e-02 4.51118164e-02 5.65222977e-03
   2.06741132e-02 5.02113195e-04 1.41480014e-05 1.50940323e-04
   4.43485595e-04]
  [4.45661843e-02 2.09083781e-02 4.45607305e-02 5.67515567e-03
   2.05248930e-02 5.02613373e-04 1.40993452e-05 1.50612424e-04
   4.32832981e-04]
  [4.44943495e-02 2.10488811e-02 4.40374091e-02 5.66308759e-03
   2.03296822e-02 5.03178453e-04 1.42491826e-05 1.51744971e-04
   4.27633466e-04]
  [4.46834415e-02 2.10843422e-02 4.38742675e-02 5.69551624e-03
   2.02947259e-02 5.01939561e-04 1.42081417e-05 1.52728477e-04
   4.22600860e-04]
  [4.42725979e-02 2.12356355e-02 4.36244793e-02 5.69029292e-03
   2.02198122e-02 4.98472189e-04 1.40796365e-05 1.51998218e-04
   4.18787327e-04]
  [4.43549417e-02 2.12295000e-02 4.33336049e-02 5.69802336e-03
   2.01929118e-02 5.00353693e-04 1.42307463e-05 1.53741697e-04
   4.14845679e-04]
  [4.43616211e-02 2.13684253e-02 4.32632901e-02 5.69984131e-03
   2.01683883e-02 5.00619179e-04 1.42165827e-05 1.53935413e-04
   4.11648682e-04]
  [4.43150289e-02 2.14505810e-02 4.30462621e-02 5.69214625e-03
   2.00774614e-02 4.94683976e-04 1.40833372e-05 1.52728317e-04
   4.04994324e-04]
  [4.42746431e-02 2.16582678e-02 4.27824035e-02 5.72979171e-03
   2.00422294e-02 4.96566412e-04 1.42064646e-05 1.53577799e-04
   4.06518899e-04]
  [4.41396348e-02 2.15242095e-02 4.28993814e-02 5.69253974e-03
   2.00925115e-02 4.90725099e-04 1.40597513e-05 1.53130735e-04
   4.01720521e-04]
  [4.41155992e-02 2.16701012e-02 4.27874066e-02 5.71186654e-03
   2.00655386e-02 4.95430664e-04 1.41698338e-05 1.53413872e-04
   4.01578378e-04]
  [4.41968367e-02 2.17716135e-02 4.29849327e-02 5.75112225e-03
   2.00722031e-02 5.00419177e-04 1.43325724e-05 1.54144072e-04
   4.03291197e-04]
  [4.39804718e-02 2.18343083e-02 4.27031182e-02 5.78153366e-03
   2.00402979e-02 4.95714368e-04 1.41117071e-05 1.52728360e-04
   3.98324773e-04]
  [4.39507589e-02 2.18503755e-02 4.28287648e-02 5.78216603e-03
   2.00684220e-02 5.01546136e-04 1.43441957e-05 1.54188761e-04
   4.04015969e-04]
  [4.40197140e-02 2.18191072e-02 4.28363271e-02 5.78235788e-03
   2.00592633e-02 5.00609633e-04 1.43140342e-05 1.54948779e-04
   4.03869664e-04]
  [4.41556312e-02 2.18665898e-02 4.29499969e-02 5.77280018e-03
   1.99983865e-02 5.03447605e-04 1.43995785e-05 1.55842834e-04
   4.06076928e-04]]], shape=(1, 32, 9), dtype=float32)