tf.Tensor(
[[[0.50588745]
  [0.5019656 ]
  [0.4973589 ]
  ...
  [0.4182537 ]
  [0.421394  ]
  [0.4217753 ]]

 [[0.49946782]
  [0.48607102]
  [0.48584196]
  ...
  [0.45040578]
  [0.4441566 ]
  [0.4447313 ]]

 [[0.5096456 ]
  [0.50017184]
  [0.5040238 ]
  ...
  [0.4507749 ]
  [0.44191578]
  [0.4300948 ]]

 ...

 [[0.51300704]
  [0.50429994]
  [0.50694865]
  ...
  [0.47956654]
  [0.4613738 ]
  [0.4462432 ]]

 [[0.50181085]
  [0.49033794]
  [0.4968083 ]
  ...
  [0.48337677]
  [0.4557734 ]
  [0.43608212]]

 [[0.50906295]
  [0.5015448 ]
  [0.507228  ]
  ...
  [0.4940585 ]
  [0.46144593]
  [0.43625405]]], shape=(105, 32, 1), dtype=float32)