tf.Tensor(
[[[9.31964815e-02 5.75755894e-01 3.59465517e-02 5.54340065e-01
   1.08021222e-01 1.46405578e-01 5.42118810e-02 1.28923029e-01
   6.90181613e-01]
  [2.34227075e-04 8.75057340e-01 9.91961278e-05 3.51671249e-01
   6.79928511e-02 1.06487656e-03 1.04855077e-04 1.08843480e-04
   5.21357477e-01]
  [8.69832281e-03 9.50000644e-01 3.76518443e-03 7.00093508e-01
   4.66837257e-01 1.92044359e-02 8.69612396e-03 5.76944882e-03
   7.18723357e-01]
  [8.66703153e-01 2.86878785e-03 3.23527604e-01 8.92163813e-01
   1.96191922e-01 2.63802886e-01 1.23205759e-01 3.20436782e-04
   9.69214976e-01]
  [7.73171857e-02 9.61936414e-01 5.77944120e-05 9.58181322e-01
   1.60617515e-01 1.82138886e-02 1.00948296e-01 3.73303395e-04
   9.79248583e-01]
  [3.27135414e-01 9.88624632e-01 3.36723315e-04 9.84168530e-01
   5.02113402e-01 2.58507103e-01 5.28296888e-01 1.01609938e-02
   9.94443238e-01]
  [9.90421474e-01 1.84167266e-01 1.51260952e-02 9.94108558e-01
   6.08005047e-01 6.56449258e-01 8.27094734e-01 2.74038818e-02
   9.98018086e-01]
  [9.94794071e-01 1.68643997e-03 3.69953252e-02 9.97772813e-01
   5.45601726e-01 2.37798497e-01 8.92641783e-01 2.36598146e-03
   9.99141216e-01]
  [4.30664141e-03 9.98186707e-01 3.00050192e-06 9.98902738e-01
   1.51712805e-01 4.00689803e-03 2.64206175e-02 9.52861228e-05
   9.98146772e-01]
  [7.29311444e-03 9.97883499e-01 5.92264878e-05 9.99236763e-01
   4.70724285e-01 4.49309573e-02 8.66059884e-02 5.89215721e-04
   9.99132991e-01]
  [9.98830140e-01 7.21970433e-03 2.93973517e-02 9.99702930e-01
   1.81607574e-01 1.48231506e-01 1.00315534e-01 6.87521009e-04
   9.99915361e-01]
  [1.76309258e-01 9.65111732e-01 6.06122339e-05 9.99923468e-01
   2.36005366e-01 2.28644274e-02 8.78317803e-02 3.54928867e-04
   9.97730196e-01]
  [5.20764172e-01 9.86092687e-01 5.73438709e-04 9.99960124e-01
   5.07029653e-01 2.77778357e-01 4.95461315e-01 1.04986252e-02
   9.99381602e-01]
  [9.99035358e-01 7.26113766e-02 2.41601933e-02 9.99981046e-01
   6.12461090e-01 6.70095801e-01 8.17343235e-01 2.24108454e-02
   9.99842703e-01]
  [9.97925699e-01 1.61821989e-03 3.44152711e-02 9.99962449e-01
   5.59498489e-01 3.28402519e-01 8.96094501e-01 2.88119749e-03
   9.99856591e-01]
  [7.28418073e-03 9.98564065e-01 4.22797120e-06 9.99790907e-01
   1.99382663e-01 6.55938592e-03 3.36759388e-02 1.10514135e-04
   9.99091864e-01]
  [1.08917579e-02 9.96779501e-01 6.01478569e-05 9.99665678e-01
   4.74224895e-01 5.88472784e-02 1.07676543e-01 5.97016129e-04
   9.99506950e-01]
  [9.99469757e-01 8.85804556e-03 1.74977090e-02 9.99887705e-01
   2.29291916e-01 2.17866555e-01 1.53236181e-01 6.80338009e-04
   9.99949098e-01]
  [2.38190800e-01 9.47111011e-01 5.97622457e-05 9.99975681e-01
   2.72187352e-01 3.33865657e-02 1.21477477e-01 3.34283424e-04
   9.98625576e-01]
  [6.26067162e-01 9.76983905e-01 6.44431100e-04 9.99976814e-01
   5.09633064e-01 3.01789910e-01 5.32161534e-01 1.07142404e-02
   9.99484658e-01]
  [9.98399138e-01 9.30371284e-02 1.43981595e-02 9.99986231e-01
   5.88188827e-01 6.58771992e-01 8.34641218e-01 1.99767463e-02
   9.99795198e-01]
  [9.97299314e-01 2.60603428e-03 2.38613561e-02 9.99978423e-01
   5.59872866e-01 3.74721199e-01 9.08484221e-01 3.27290548e-03
   9.99856353e-01]
  [8.13165307e-03 9.98753190e-01 4.76358582e-06 9.99811769e-01
   1.99972957e-01 6.55513490e-03 3.82629186e-02 1.23637248e-04
   9.99160826e-01]
  [1.25661194e-02 9.96411562e-01 6.87840075e-05 9.99688864e-01
   4.70732719e-01 6.47293851e-02 9.49585885e-02 5.65727649e-04
   9.99478102e-01]
  [9.99287188e-01 5.89206815e-03 2.50021797e-02 9.99840975e-01
   1.90780506e-01 1.62768841e-01 9.54645425e-02 5.76195423e-04
   9.99949098e-01]
  [1.99999809e-01 9.59681511e-01 5.63743160e-05 9.99972880e-01
   2.52729625e-01 2.96148453e-02 1.12727150e-01 3.64004314e-04
   9.98100400e-01]
  [5.63641667e-01 9.80354369e-01 5.60181215e-04 9.99977827e-01
   5.07840037e-01 2.96214193e-01 5.05868673e-01 1.08185038e-02
   9.99463379e-01]
  [9.98987436e-01 5.68602681e-02 1.99253429e-02 9.99986410e-01
   6.05374575e-01 6.69719100e-01 8.25741231e-01 2.02831421e-02
   9.99840617e-01]
  [9.97689009e-01 1.51419640e-03 2.96527483e-02 9.99968648e-01
   5.55054963e-01 3.29618961e-01 9.01626706e-01 2.77816085e-03
   9.99872088e-01]
  [6.61161542e-03 9.98371184e-01 3.96038331e-06 9.99804735e-01
   1.61708802e-01 6.77911192e-03 3.17164063e-02 1.14511051e-04
   9.99184132e-01]
  [1.25069618e-02 9.95775104e-01 6.98456424e-05 9.99674916e-01
   4.67476100e-01 6.36418238e-02 9.96768102e-02 5.83057874e-04
   9.99543071e-01]
  [9.99745250e-01 1.05846226e-02 2.52412558e-02 9.99929905e-01
   4.98930395e-01 5.10812640e-01 6.18016660e-01 3.31644411e-03
   9.99868512e-01]]], shape=(1, 32, 9), dtype=float32)