[array([[[0.28030697, 0.28086683, 0.2805323 , 0.28059024, 0.28097868,
         0.2814502 , 0.2807801 , 0.28116688, 0.28007582],
        [0.2767075 , 0.30042115, 0.32038987, 0.32270432, 0.31360534,
         0.2908105 , 0.30834195, 0.30233374, 0.2884964 ],
        [0.2829088 , 0.31482413, 0.33746633, 0.33961833, 0.33240137,
         0.30620888, 0.32717502, 0.31602442, 0.30037248],
        [0.2863341 , 0.32555655, 0.35001022, 0.35136554, 0.34446976,
         0.31707782, 0.34039375, 0.32544413, 0.3085227 ],
        [0.28727418, 0.33181414, 0.3584694 , 0.35919845, 0.3527489 ,
         0.3251096 , 0.34998432, 0.3325664 , 0.31521443],
        [0.28739077, 0.33727285, 0.36386016, 0.36447385, 0.35932422,
         0.33057693, 0.35776132, 0.33706257, 0.31893778],
        [0.2872965 , 0.34048566, 0.36860487, 0.36869732, 0.3634633 ,
         0.33470953, 0.3646901 , 0.34085625, 0.3217042 ],
        [0.2872288 , 0.34140489, 0.37243974, 0.3715462 , 0.36578634,
         0.33757904, 0.36966673, 0.343991  , 0.32401422],
        [0.2870564 , 0.3417655 , 0.3753352 , 0.37407285, 0.36783257,
         0.33984986, 0.3739074 , 0.3465537 , 0.32560858],
        [0.28741804, 0.34261325, 0.37841895, 0.37556195, 0.3692103 ,
         0.34242824, 0.37689203, 0.34799895, 0.32683697],
        [0.2871491 , 0.34220827, 0.37964725, 0.37786674, 0.3708233 ,
         0.34465316, 0.37940377, 0.34922495, 0.32785025],
        [0.28459316, 0.34166762, 0.3810288 , 0.37940207, 0.37313506,
         0.345553  , 0.3815448 , 0.34934717, 0.32878014],
        [0.28344765, 0.34189504, 0.38219023, 0.3795368 , 0.37451497,
         0.3470791 , 0.382349  , 0.35013145, 0.32827294],
        [0.28232673, 0.34272692, 0.3817868 , 0.38068596, 0.37643504,
         0.3476298 , 0.38320988, 0.35004666, 0.32754424],
        [0.28260514, 0.3429463 , 0.3813125 , 0.38243613, 0.3779488 ,
         0.34679857, 0.38368186, 0.35023198, 0.3280575 ],
        [0.28336102, 0.34492177, 0.38029227, 0.38370803, 0.37961802,
         0.34453925, 0.38414285, 0.3508008 , 0.32786086],
        [0.2836928 , 0.3464078 , 0.37941605, 0.38520706, 0.38160095,
         0.34289294, 0.3846882 , 0.35068116, 0.3275797 ],
        [0.2830408 , 0.3482951 , 0.37869632, 0.38565397, 0.38433063,
         0.34170222, 0.3849265 , 0.35038912, 0.32819608],
        [0.28157052, 0.34917998, 0.3773884 , 0.38600746, 0.38636738,
         0.3406413 , 0.38525844, 0.34958193, 0.3281298 ],
        [0.28065324, 0.3502185 , 0.3758757 , 0.38648793, 0.38787997,
         0.3393447 , 0.38543728, 0.3484506 , 0.32756838],
        [0.28005406, 0.3503159 , 0.37540308, 0.38646707, 0.38939106,
         0.33947092, 0.38436028, 0.3474424 , 0.32765844],
        [0.27978086, 0.35138446, 0.37480772, 0.38714656, 0.39098686,
         0.33850926, 0.38308543, 0.34626335, 0.32613513],
        [0.2796443 , 0.35067934, 0.37583187, 0.3849913 , 0.39246818,
         0.3376743 , 0.38130978, 0.34623957, 0.32507995],
        [0.27978188, 0.35009268, 0.37621176, 0.38329813, 0.39261454,
         0.33620083, 0.37955943, 0.3463847 , 0.3236637 ],
        [0.27955914, 0.3499097 , 0.3755237 , 0.3827571 , 0.39214984,
         0.33598548, 0.37890035, 0.34618792, 0.32317016],
        [0.27914733, 0.3502661 , 0.37519804, 0.3812859 , 0.3917744 ,
         0.33556777, 0.3792239 , 0.345165  , 0.32217696],
        [0.27945584, 0.3507066 , 0.37558252, 0.37881187, 0.39147145,
         0.3360931 , 0.37990817, 0.3446331 , 0.32123995],
        [0.27914974, 0.3498521 , 0.37569183, 0.37754345, 0.39061224,
         0.33728847, 0.37999868, 0.3443284 , 0.32163996],
        [0.27945936, 0.34775078, 0.37618682, 0.37648404, 0.38922358,
         0.33828667, 0.37982482, 0.3443254 , 0.32272002],
        [0.28070703, 0.34752452, 0.376695  , 0.3768384 , 0.3875358 ,
         0.33846092, 0.37929124, 0.34390706, 0.32365835],
        [0.28218958, 0.3478816 , 0.37885433, 0.37688476, 0.3863269 ,
         0.33842358, 0.38028413, 0.3440681 , 0.32426053],
        [0.28351873, 0.34814122, 0.37899822, 0.37765566, 0.38575777,
         0.33799756, 0.3824467 , 0.3446469 , 0.32417753]]], dtype=float32), array([[[0.28057978, 0.28178117, 0.28026623, 0.28035757, 0.27988297,
         0.28098327, 0.2805181 , 0.28023753, 0.28027162],
        [0.27688432, 0.3025146 , 0.319099  , 0.32154518, 0.31183517,
         0.28857878, 0.30836165, 0.3001211 , 0.28887922],
        [0.2825865 , 0.31513497, 0.335995  , 0.3375858 , 0.331515  ,
         0.30415177, 0.32965475, 0.31278196, 0.30110356],
        [0.2857868 , 0.32369974, 0.34724653, 0.34814692, 0.3453796 ,
         0.3148335 , 0.3438282 , 0.32087454, 0.31016204],
        [0.28680354, 0.32669172, 0.3563897 , 0.35519734, 0.35435903,
         0.3232868 , 0.35305905, 0.32756454, 0.3172057 ],
        [0.28658366, 0.32773474, 0.36313552, 0.3606839 , 0.3601177 ,
         0.3296668 , 0.35997817, 0.33281878, 0.3216287 ],
        [0.2857751 , 0.3287146 , 0.36851218, 0.36385715, 0.3636598 ,
         0.33404985, 0.3626913 , 0.33707395, 0.32528633],
        [0.2853967 , 0.3296848 , 0.3728898 , 0.36586642, 0.36544856,
         0.33723837, 0.36433703, 0.3405177 , 0.32837895],
        [0.28507364, 0.33215788, 0.3748049 , 0.3684827 , 0.36741805,
         0.33874446, 0.36636025, 0.34276918, 0.33064598],
        [0.28460854, 0.334142  , 0.37490714, 0.37031165, 0.36963454,
         0.34041947, 0.36953267, 0.34417728, 0.33087784],
        [0.2829042 , 0.3343999 , 0.37479627, 0.37137485, 0.3710412 ,
         0.3426939 , 0.37166673, 0.34590814, 0.3316785 ],
        [0.28265178, 0.335942  , 0.37565383, 0.37329873, 0.37103513,
         0.3434794 , 0.3741786 , 0.34672037, 0.33311006],
        [0.2820466 , 0.3375233 , 0.37534365, 0.37439522, 0.37177217,
         0.3441533 , 0.375362  , 0.34683627, 0.33363846],
        [0.282216  , 0.3392813 , 0.37460473, 0.37538588, 0.37319428,
         0.34355983, 0.3763176 , 0.3469361 , 0.3331392 ],
        [0.28219578, 0.34019512, 0.37374234, 0.37817398, 0.37414834,
         0.34249207, 0.376476  , 0.34621736, 0.33268136],
        [0.28250897, 0.34273633, 0.372814  , 0.38072142, 0.37556607,
         0.34007022, 0.37700367, 0.34557736, 0.3326283 ],
        [0.28318137, 0.34613955, 0.37247974, 0.38324243, 0.37725574,
         0.3381581 , 0.37758365, 0.34465134, 0.33179626],
        [0.28327397, 0.34866503, 0.37183353, 0.38456532, 0.3794418 ,
         0.33672976, 0.3780258 , 0.34444812, 0.33074677],
        [0.28268057, 0.35033834, 0.3717083 , 0.38527384, 0.38207123,
         0.3356539 , 0.37806937, 0.34357917, 0.32956818],
        [0.2813536 , 0.35175648, 0.37053078, 0.3853284 , 0.38375914,
         0.33620808, 0.37902498, 0.34268954, 0.32840922],
        [0.28082135, 0.3527733 , 0.36958462, 0.38581318, 0.38436428,
         0.33573106, 0.37933138, 0.34112555, 0.32770142],
        [0.28174835, 0.3523372 , 0.36974213, 0.38588738, 0.38437232,
         0.33584243, 0.37957457, 0.34054512, 0.32711476],
        [0.28260204, 0.35242864, 0.3704289 , 0.38518542, 0.38488597,
         0.3363809 , 0.37900645, 0.34049863, 0.32649574],
        [0.28310242, 0.35339835, 0.3707572 , 0.38517335, 0.3847333 ,
         0.33656916, 0.37959337, 0.34022424, 0.32672742],
        [0.28406796, 0.35216638, 0.37179178, 0.3861563 , 0.384516  ,
         0.3383727 , 0.37979943, 0.34011653, 0.32716328],
        [0.28409702, 0.35194486, 0.37181652, 0.38746828, 0.38367224,
         0.33988622, 0.38057664, 0.33917812, 0.32793763],
        [0.28394192, 0.35053638, 0.3724404 , 0.38730732, 0.38390654,
         0.34111318, 0.3809572 , 0.3379776 , 0.32779273],
        [0.28382826, 0.34984568, 0.3736843 , 0.38643977, 0.38377774,
         0.34165767, 0.38000926, 0.33747697, 0.32774997],
        [0.2830266 , 0.34836632, 0.37341473, 0.3855937 , 0.38347766,
         0.34278393, 0.3804379 , 0.3376374 , 0.32821596],
        [0.28308448, 0.3477372 , 0.37329358, 0.38508925, 0.3832346 ,
         0.3429929 , 0.38110647, 0.33844218, 0.3282375 ],
        [0.28310445, 0.34724447, 0.374654  , 0.38448375, 0.38279998,
         0.34279516, 0.38167247, 0.338659  , 0.3286487 ],
        [0.28327695, 0.3462253 , 0.37619996, 0.3837778 , 0.38206202,
         0.34264964, 0.38203317, 0.33907598, 0.32786077]]], dtype=float32), array([[[0.28021452, 0.28028733, 0.28043997, 0.27904475, 0.27913585,
         0.28255105, 0.27992937, 0.280109  , 0.27931726],
        [0.27639246, 0.30012712, 0.32014313, 0.32050046, 0.3107795 ,
         0.29118985, 0.30612534, 0.30012062, 0.28772444],
        [0.28239468, 0.31342655, 0.33775643, 0.3375846 , 0.32956964,
         0.30580276, 0.32470867, 0.31179598, 0.2998869 ],
        [0.2870181 , 0.32301798, 0.349741  , 0.3480716 , 0.34179437,
         0.31619075, 0.33656803, 0.32015124, 0.3090443 ],
        [0.28883287, 0.32940683, 0.35792723, 0.35530624, 0.3504632 ,
         0.32206452, 0.34441346, 0.32649243, 0.3150681 ],
        [0.28970465, 0.3351476 , 0.36331236, 0.3602317 , 0.35748163,
         0.32537472, 0.3488212 , 0.3309254 , 0.3181784 ],
        [0.2899543 , 0.33863977, 0.3672307 , 0.364105  , 0.36239928,
         0.3264588 , 0.35284236, 0.33317387, 0.320455  ],
        [0.28963134, 0.34201324, 0.37041387, 0.3679822 , 0.3675551 ,
         0.326949  , 0.35454735, 0.3344774 , 0.32017285],
        [0.29046354, 0.34521872, 0.37345523, 0.37124646, 0.36948103,
         0.3276107 , 0.35556528, 0.33579737, 0.31973168],
        [0.29125163, 0.34714365, 0.3752539 , 0.37414193, 0.37043023,
         0.32696486, 0.35656482, 0.33534107, 0.31893227],
        [0.29021162, 0.34832162, 0.37704235, 0.37447962, 0.37173933,
         0.32929093, 0.35838118, 0.33490914, 0.31763878],
        [0.28950715, 0.35059845, 0.3776074 , 0.37521285, 0.37203532,
         0.33092308, 0.35958704, 0.33581048, 0.31758115],
        [0.28847638, 0.35090494, 0.37713668, 0.3753928 , 0.37155056,
         0.33202252, 0.36067346, 0.33688805, 0.31694165],
        [0.2871656 , 0.35211867, 0.3769479 , 0.37549266, 0.37138566,
         0.3319942 , 0.36100385, 0.33881834, 0.3165277 ],
        [0.284531  , 0.35101053, 0.37763676, 0.37612134, 0.3718411 ,
         0.33285314, 0.3609635 , 0.3390072 , 0.31557268],
        [0.28302094, 0.35105324, 0.37870762, 0.3766092 , 0.3707163 ,
         0.33278915, 0.36120883, 0.3403509 , 0.31575796],
        [0.28016853, 0.35250512, 0.3790779 , 0.37659138, 0.37016538,
         0.33239362, 0.3623929 , 0.34104896, 0.3158588 ],
        [0.27814388, 0.35323775, 0.3788094 , 0.37743646, 0.36938757,
         0.33116126, 0.36369756, 0.34083587, 0.31656054],
        [0.27760574, 0.35424268, 0.37850502, 0.37802798, 0.3698348 ,
         0.3300769 , 0.3660463 , 0.34064   , 0.31604317],
        [0.27744526, 0.35610557, 0.37735996, 0.37971583, 0.3706707 ,
         0.32913002, 0.3674866 , 0.34022027, 0.31603408],
        [0.278644  , 0.35776848, 0.3765801 , 0.38251173, 0.37150437,
         0.3282029 , 0.36799082, 0.33989716, 0.31471753],
        [0.27962133, 0.35869873, 0.37658352, 0.3833467 , 0.37185818,
         0.3278913 , 0.3669236 , 0.33911893, 0.3147956 ],
        [0.279266  , 0.3588192 , 0.3771408 , 0.3834547 , 0.37139285,
         0.32834542, 0.36533368, 0.338824  , 0.31457877],
        [0.27968347, 0.35929963, 0.37779534, 0.3831213 , 0.37134245,
         0.32935444, 0.36385664, 0.33933836, 0.31324545],
        [0.2799581 , 0.35866073, 0.3770565 , 0.38201424, 0.37201342,
         0.33087364, 0.36338025, 0.33951402, 0.31090397],
        [0.28133795, 0.35895208, 0.37709537, 0.38234523, 0.37165165,
         0.3322808 , 0.3633    , 0.3389028 , 0.31083906],
        [0.28161868, 0.3574203 , 0.3783456 , 0.38157094, 0.37169254,
         0.33430347, 0.36252773, 0.33872795, 0.31091428],
        [0.28137913, 0.35687757, 0.3778383 , 0.38252363, 0.37203014,
         0.3350533 , 0.36272   , 0.33899808, 0.31176034],
        [0.2810357 , 0.35475966, 0.37708312, 0.38371566, 0.37281296,
         0.3346277 , 0.36396044, 0.33945414, 0.3128462 ],
        [0.28110313, 0.35324708, 0.37764987, 0.38327697, 0.37285066,
         0.33562177, 0.36445117, 0.3401961 , 0.31452405],
        [0.28035644, 0.3510631 , 0.3774111 , 0.38299185, 0.37307906,
         0.335984  , 0.3649954 , 0.3403732 , 0.3164527 ],
        [0.28031272, 0.3499307 , 0.37820032, 0.3832794 , 0.37235177,
         0.33545196, 0.36606482, 0.34001365, 0.31716898]]], dtype=float32), array([[[0.2808551 , 0.2812731 , 0.28043315, 0.27848914, 0.27738163,
         0.28043965, 0.27652305, 0.27907795, 0.27973956],
        [0.27647933, 0.3016692 , 0.31952628, 0.3169218 , 0.3067771 ,
         0.28831849, 0.3008246 , 0.29866776, 0.2877599 ],
        [0.28176004, 0.31314924, 0.33580247, 0.33173698, 0.32422385,
         0.30354774, 0.31974077, 0.311321  , 0.29916587],
        [0.28512886, 0.32074758, 0.34722942, 0.34099478, 0.3348783 ,
         0.31443125, 0.33175504, 0.31960362, 0.30817777],
        [0.28604615, 0.32551745, 0.3557537 , 0.3467967 , 0.34234446,
         0.32158569, 0.34047   , 0.32575905, 0.31459543],
        [0.2844765 , 0.32912275, 0.36128876, 0.35097957, 0.34898922,
         0.32563558, 0.3462359 , 0.32997152, 0.31766903],
        [0.28222483, 0.33307397, 0.36520806, 0.35565692, 0.35373548,
         0.32892907, 0.3502717 , 0.33270153, 0.3194737 ],
        [0.28025693, 0.33513543, 0.36750278, 0.3593856 , 0.35745907,
         0.33037826, 0.35187885, 0.33365422, 0.32011795],
        [0.27954742, 0.33761397, 0.3698567 , 0.3618965 , 0.35971949,
         0.3312876 , 0.35138032, 0.334207  , 0.32051012],
        [0.2786988 , 0.33964032, 0.37059212, 0.36335045, 0.362088  ,
         0.33085272, 0.35086933, 0.33428347, 0.32059   ],
        [0.27800074, 0.33963788, 0.3708884 , 0.36462355, 0.36412215,
         0.32973978, 0.35014877, 0.33377498, 0.3203073 ],
        [0.27847934, 0.34093854, 0.37277666, 0.36583617, 0.36557683,
         0.32879767, 0.35072374, 0.33341452, 0.31963766],
        [0.2796016 , 0.34236655, 0.37290263, 0.36793503, 0.365885  ,
         0.3268781 , 0.35133573, 0.3325068 , 0.3185315 ],
        [0.28008986, 0.34455648, 0.3730617 , 0.36799642, 0.36606795,
         0.32610482, 0.3524744 , 0.3325831 , 0.3169961 ],
        [0.2809576 , 0.34517503, 0.37225133, 0.36979622, 0.36702254,
         0.32496706, 0.35396066, 0.3320356 , 0.31565568],
        [0.28082356, 0.344892  , 0.37235695, 0.3682669 , 0.36821336,
         0.32459393, 0.35392594, 0.3316006 , 0.31434444],
        [0.27999887, 0.34386748, 0.37262827, 0.3673843 , 0.36792338,
         0.32508823, 0.354206  , 0.33150536, 0.312677  ],
        [0.27885112, 0.34287855, 0.37328437, 0.36736134, 0.36683315,
         0.32599017, 0.35469678, 0.3316792 , 0.3119412 ],
        [0.27815038, 0.34291425, 0.37400138, 0.36595505, 0.36561313,
         0.32760748, 0.35355622, 0.33058643, 0.31167907],
        [0.2783489 , 0.34175938, 0.37459522, 0.3656202 , 0.36595458,
         0.32783937, 0.35254127, 0.32946455, 0.31131154],
        [0.278233  , 0.3409579 , 0.37472513, 0.36566392, 0.3648539 ,
         0.32809114, 0.3522689 , 0.32907048, 0.31170985],
        [0.2787102 , 0.34071603, 0.37475637, 0.36588025, 0.36393085,
         0.32754135, 0.3516641 , 0.32938957, 0.31192294],
        [0.2785979 , 0.33957675, 0.37498233, 0.36587718, 0.36347085,
         0.32833084, 0.3509791 , 0.3297493 , 0.31241527],
        [0.28007954, 0.33909816, 0.37530294, 0.36720264, 0.36276925,
         0.32863557, 0.35092518, 0.33011606, 0.31335196],
        [0.28125596, 0.34077016, 0.37516347, 0.36836305, 0.36157927,
         0.32902172, 0.35102838, 0.33055878, 0.31372485],
        [0.28172418, 0.341302  , 0.37455848, 0.36878917, 0.3614795 ,
         0.33017483, 0.35011476, 0.330692  , 0.31366003],
        [0.28180507, 0.34108648, 0.37312597, 0.36877808, 0.3613161 ,
         0.33104205, 0.34940478, 0.3295977 , 0.31321526],
        [0.28277937, 0.34132972, 0.37288973, 0.3677774 , 0.3618018 ,
         0.331704  , 0.34882715, 0.3289746 , 0.31284556],
        [0.28381094, 0.33974534, 0.3709471 , 0.36607593, 0.36219698,
         0.33247632, 0.3478821 , 0.32872146, 0.31333792],
        [0.28413323, 0.3382463 , 0.3705253 , 0.3635303 , 0.36132398,
         0.33435208, 0.34829462, 0.32871383, 0.3144082 ],
        [0.2843724 , 0.33645314, 0.37040696, 0.36238405, 0.36084878,
         0.33534923, 0.34958094, 0.32993525, 0.31614226],
        [0.28478923, 0.3367438 , 0.3707413 , 0.36229575, 0.36031595,
         0.33547714, 0.3516637 , 0.33105123, 0.3163023 ]]], dtype=float32), array([[[0.28010076, 0.28103635, 0.28034145, 0.2753852 , 0.27721298,
         0.28040737, 0.2741358 , 0.27848795, 0.27819324],
        [0.27658814, 0.30144015, 0.32006633, 0.31249768, 0.3062181 ,
         0.28850558, 0.29374743, 0.29709938, 0.28513747],
        [0.28454778, 0.31429833, 0.3369484 , 0.3286817 , 0.3229685 ,
         0.30473062, 0.3088101 , 0.30876034, 0.29695812],
        [0.28888825, 0.32294092, 0.3479004 , 0.3371116 , 0.333767  ,
         0.31411627, 0.3178118 , 0.31518698, 0.30506945],
        [0.2899829 , 0.32836267, 0.35622758, 0.3412392 , 0.34124714,
         0.32187667, 0.3225162 , 0.31942198, 0.30985305],
        [0.2905559 , 0.33146086, 0.36305544, 0.34346995, 0.34593096,
         0.32726404, 0.3259545 , 0.3223402 , 0.31276074],
        [0.29102147, 0.3335271 , 0.36808434, 0.34470958, 0.3485969 ,
         0.33044314, 0.32847354, 0.324518  , 0.3144428 ],
        [0.29294896, 0.33616707, 0.37085447, 0.34560624, 0.35018775,
         0.32908615, 0.3289885 , 0.32484266, 0.31494334],
        [0.29336542, 0.33853117, 0.37303028, 0.34522712, 0.35078225,
         0.3284283 , 0.33013672, 0.32520628, 0.31569988],
        [0.29261664, 0.341868  , 0.37395483, 0.34453925, 0.351992  ,
         0.32724765, 0.33122236, 0.32596362, 0.31567538],
        [0.2929692 , 0.34347925, 0.37493962, 0.3453603 , 0.35254252,
         0.32619593, 0.3313537 , 0.32709745, 0.31613368],
        [0.29354593, 0.34322417, 0.374965  , 0.347114  , 0.35327193,
         0.32513636, 0.33124804, 0.32735944, 0.31656477],
        [0.29372868, 0.34442744, 0.37513077, 0.34810525, 0.35468453,
         0.32492635, 0.3314551 , 0.32727826, 0.31530252],
        [0.29443905, 0.34496206, 0.37463254, 0.34883824, 0.35537255,
         0.325213  , 0.3304866 , 0.3267217 , 0.31457585],
        [0.29410493, 0.34442577, 0.3741235 , 0.34946993, 0.3550598 ,
         0.3273712 , 0.32880902, 0.32714778, 0.31445616],
        [0.29368722, 0.34522164, 0.3731059 , 0.35235387, 0.35446587,
         0.3274949 , 0.32901758, 0.32685938, 0.31329414],
        [0.292602  , 0.34476703, 0.37338772, 0.35347125, 0.35400784,
         0.3287054 , 0.3289232 , 0.3274105 , 0.3129551 ],
        [0.2905012 , 0.3444453 , 0.37399578, 0.3520657 , 0.35398147,
         0.32968876, 0.3295763 , 0.32734048, 0.31223968],
        [0.28990656, 0.3440961 , 0.37483323, 0.35180494, 0.3518825 ,
         0.32866248, 0.33070672, 0.32720393, 0.31156105],
        [0.2894695 , 0.34140453, 0.37536883, 0.35111314, 0.3504508 ,
         0.32873413, 0.33146027, 0.32705754, 0.31117487],
        [0.28871712, 0.34086138, 0.37493432, 0.3506569 , 0.34951356,
         0.32795352, 0.33222237, 0.32756296, 0.31125188],
        [0.28794077, 0.3395578 , 0.37489253, 0.34967622, 0.34776688,
         0.32882637, 0.3327731 , 0.32885724, 0.31196266],
        [0.28724948, 0.33994538, 0.3746561 , 0.3493716 , 0.3468106 ,
         0.32774827, 0.33276495, 0.32897854, 0.31136012],
        [0.2869515 , 0.33725926, 0.3739883 , 0.34886867, 0.34672853,
         0.32857186, 0.33223313, 0.3295056 , 0.31110194],
        [0.28639072, 0.33660376, 0.37367535, 0.34869584, 0.34643525,
         0.3285596 , 0.3325452 , 0.32960942, 0.31079492],
        [0.28563228, 0.33699024, 0.37266114, 0.35062382, 0.34627616,
         0.32683036, 0.33345973, 0.32896858, 0.3098384 ],
        [0.2858473 , 0.33869275, 0.37340504, 0.3513989 , 0.34698385,
         0.32580236, 0.3337959 , 0.32836542, 0.30903533],
        [0.28612068, 0.34041065, 0.37345877, 0.35197327, 0.34727156,
         0.32492048, 0.33383122, 0.32836616, 0.30834922],
        [0.28646407, 0.3430973 , 0.37295365, 0.35298264, 0.34822518,
         0.32334867, 0.3332676 , 0.32762167, 0.3071557 ],
        [0.28580105, 0.34493658, 0.37261665, 0.35323298, 0.35063702,
         0.32380852, 0.3320196 , 0.32817835, 0.30586976],
        [0.2853614 , 0.3463482 , 0.3723217 , 0.3537035 , 0.35310954,
         0.32483602, 0.32965592, 0.3281381 , 0.304894  ],
        [0.28601786, 0.3464827 , 0.37189192, 0.35377   , 0.3557729 ,
         0.324933  , 0.32834598, 0.32870916, 0.30441338]]], dtype=float32), array([[[0.2807656 , 0.28165486, 0.28036797, 0.2743311 , 0.2742306 ,
         0.27752364, 0.271169  , 0.27445272, 0.27689916],
        [0.2780867 , 0.30272108, 0.31983295, 0.30904922, 0.29960674,
         0.28158545, 0.2877041 , 0.289979  , 0.28160337],
        [0.28488904, 0.31618986, 0.33693796, 0.3216576 , 0.31415942,
         0.2953869 , 0.30125472, 0.30176938, 0.29143292],
        [0.2885361 , 0.3254267 , 0.34781903, 0.32822824, 0.32191035,
         0.30343992, 0.3093653 , 0.30901104, 0.29930964],
        [0.29166287, 0.33097744, 0.355248  , 0.33304256, 0.32656664,
         0.3080288 , 0.3142906 , 0.31340495, 0.30371845],
        [0.2942243 , 0.33388397, 0.3611104 , 0.33592853, 0.32915276,
         0.31048137, 0.3162106 , 0.31605732, 0.30660594],
        [0.29395512, 0.33673972, 0.3642677 , 0.3366799 , 0.33034042,
         0.3117588 , 0.3168018 , 0.3169689 , 0.30854017],
        [0.29375973, 0.33905482, 0.366993  , 0.33662093, 0.3305269 ,
         0.31252933, 0.31556898, 0.3178749 , 0.3087625 ],
        [0.29357395, 0.34093374, 0.36915898, 0.33473194, 0.33025047,
         0.31335488, 0.31403464, 0.3179988 , 0.30859873],
        [0.29424313, 0.34148225, 0.37031475, 0.33380234, 0.32982698,
         0.3140109 , 0.312756  , 0.31725568, 0.30788344],
        [0.29428586, 0.3450674 , 0.37164384, 0.33251736, 0.328828  ,
         0.31339538, 0.31073532, 0.31626678, 0.3071373 ],
        [0.2948698 , 0.34812814, 0.37141412, 0.33172336, 0.32929355,
         0.31217024, 0.30932727, 0.31535572, 0.30632746],
        [0.29542255, 0.3494916 , 0.37140644, 0.33010438, 0.32912055,
         0.31104782, 0.30862543, 0.3147548 , 0.30462313],
        [0.2951724 , 0.34984466, 0.3725675 , 0.32821032, 0.32895827,
         0.30972806, 0.30600676, 0.31539747, 0.30332503],
        [0.29431576, 0.35060868, 0.3740299 , 0.3278099 , 0.3279727 ,
         0.30897608, 0.30476514, 0.31519052, 0.30298892],
        [0.29368424, 0.3515457 , 0.37424418, 0.32739833, 0.3280998 ,
         0.30746523, 0.3037447 , 0.31553537, 0.30315545],
        [0.29352322, 0.35218194, 0.3736878 , 0.32724708, 0.32950673,
         0.30555394, 0.30353114, 0.3153907 , 0.3024581 ],
        [0.29245883, 0.35249403, 0.37231702, 0.3260749 , 0.33002374,
         0.30484107, 0.30258027, 0.31481025, 0.30283442],
        [0.2918662 , 0.35270974, 0.3708056 , 0.32609686, 0.3311913 ,
         0.3032705 , 0.30248275, 0.31391254, 0.30262467],
        [0.29240704, 0.35221493, 0.37008244, 0.326774  , 0.33242115,
         0.3023588 , 0.3016108 , 0.3130516 , 0.30234414],
        [0.29322022, 0.35250354, 0.37059405, 0.3261786 , 0.33322972,
         0.30337065, 0.3007775 , 0.31282264, 0.30211738],
        [0.29417908, 0.35275003, 0.3711119 , 0.32652768, 0.33333957,
         0.30397457, 0.30027804, 0.31267244, 0.3024404 ],
        [0.2940778 , 0.35264927, 0.37194473, 0.3254    , 0.33342636,
         0.3062898 , 0.29873854, 0.3125308 , 0.30175322],
        [0.2944787 , 0.3532883 , 0.37125275, 0.32649353, 0.3329639 ,
         0.30727673, 0.297528  , 0.3115151 , 0.30109745],
        [0.2954006 , 0.3549871 , 0.37082103, 0.3272204 , 0.33274075,
         0.30722198, 0.29726085, 0.3101468 , 0.3008849 ],
        [0.29658252, 0.35695687, 0.37065834, 0.3284309 , 0.33287618,
         0.30703592, 0.2978722 , 0.30929136, 0.30116564],
        [0.2980878 , 0.35768092, 0.37085217, 0.32908207, 0.33243322,
         0.3053518 , 0.29728466, 0.30849963, 0.30017868],
        [0.2998407 , 0.35767192, 0.37074703, 0.32991338, 0.3320444 ,
         0.30537346, 0.29665342, 0.30767673, 0.2985689 ],
        [0.2999636 , 0.35585988, 0.37102625, 0.32982597, 0.33197683,
         0.3061431 , 0.29671922, 0.30782056, 0.2977928 ],
        [0.29860413, 0.35321173, 0.37057477, 0.3292257 , 0.33093992,
         0.3068342 , 0.2970465 , 0.30781513, 0.29760554],
        [0.29792026, 0.3523964 , 0.3696126 , 0.3284162 , 0.33156443,
         0.3064496 , 0.29628217, 0.307505  , 0.29675967],
        [0.29796776, 0.3521367 , 0.37050587, 0.32855523, 0.33121052,
         0.3050176 , 0.29608387, 0.3079137 , 0.2963307 ]]], dtype=float32), array([[[0.2817541 , 0.2831077 , 0.27956307, 0.26911873, 0.26908803,
         0.273553  , 0.2655749 , 0.27108553, 0.27591416],
        [0.2798304 , 0.3061656 , 0.31833082, 0.29779795, 0.28984544,
         0.27361056, 0.275685  , 0.28138965, 0.27873796],
        [0.2876167 , 0.32082158, 0.33556208, 0.3071138 , 0.30114213,
         0.28445664, 0.28435415, 0.28895792, 0.28765208],
        [0.29252413, 0.33125767, 0.3468285 , 0.31285965, 0.30744198,
         0.28906712, 0.28830406, 0.291983  , 0.29310176],
        [0.29542756, 0.3373155 , 0.35552913, 0.31415984, 0.3102602 ,
         0.29108408, 0.28802407, 0.29237565, 0.2962923 ],
        [0.29723814, 0.3426065 , 0.36101308, 0.31308424, 0.31110755,
         0.2912944 , 0.28659186, 0.29295585, 0.29824898],
        [0.29862955, 0.34557122, 0.3648785 , 0.31275642, 0.31120345,
         0.29169226, 0.28435907, 0.29272923, 0.2986015 ],
        [0.29829282, 0.34713933, 0.36750555, 0.31245166, 0.31191018,
         0.29182494, 0.28212282, 0.29291317, 0.2986897 ],
        [0.2983579 , 0.34757292, 0.3693366 , 0.31255403, 0.31222528,
         0.29091176, 0.28059676, 0.29263952, 0.29820126],
        [0.29822353, 0.34832662, 0.37124845, 0.31173897, 0.31258184,
         0.29152104, 0.2793659 , 0.29317704, 0.2969944 ],
        [0.29800808, 0.34952298, 0.37203035, 0.3091465 , 0.3112994 ,
         0.29170853, 0.2771427 , 0.293396  , 0.2942086 ],
        [0.29921988, 0.350774  , 0.37166527, 0.3078071 , 0.3092021 ,
         0.29177535, 0.27492467, 0.29232278, 0.2929892 ],
        [0.29997957, 0.35204095, 0.37077865, 0.30508655, 0.3080049 ,
         0.29060915, 0.2727482 , 0.2914136 , 0.29319465],
        [0.3002817 , 0.3528653 , 0.3702108 , 0.30400145, 0.30622458,
         0.2888754 , 0.27084917, 0.29021066, 0.2932456 ],
        [0.2999433 , 0.3545269 , 0.37012425, 0.30336088, 0.3054992 ,
         0.2873528 , 0.2690532 , 0.28897646, 0.2922495 ],
        [0.30064502, 0.35564098, 0.36977926, 0.30318874, 0.30523163,
         0.2862945 , 0.26828995, 0.2885711 , 0.2912513 ],
        [0.30223817, 0.3568566 , 0.37009224, 0.30305758, 0.30406338,
         0.28500685, 0.26626948, 0.28875864, 0.29072747],
        [0.30341572, 0.3577678 , 0.36984745, 0.3028992 , 0.30365464,
         0.28408593, 0.26476964, 0.28945583, 0.28992158],
        [0.30346978, 0.35833976, 0.36922154, 0.30179027, 0.30396327,
         0.28350812, 0.26355574, 0.28903756, 0.2884354 ],
        [0.304025  , 0.35780403, 0.3693861 , 0.3017174 , 0.30444932,
         0.28314695, 0.26302788, 0.28918564, 0.2884846 ],
        [0.30417585, 0.35751462, 0.3684221 , 0.30134824, 0.30313742,
         0.2833798 , 0.26326433, 0.28909692, 0.28898588],
        [0.3044877 , 0.3581626 , 0.36839408, 0.30062485, 0.3028041 ,
         0.28345305, 0.2635523 , 0.28854102, 0.28858852],
        [0.30458987, 0.35938781, 0.36866614, 0.30033743, 0.30266556,
         0.28190684, 0.26338792, 0.28760502, 0.2877209 ],
        [0.30496028, 0.36043334, 0.36922953, 0.29968867, 0.30175015,
         0.28055552, 0.26294625, 0.28737563, 0.28658977],
        [0.30528635, 0.3608719 , 0.3702442 , 0.29842842, 0.30103987,
         0.28098652, 0.2619284 , 0.28793848, 0.2856937 ],
        [0.30507177, 0.36150363, 0.36986196, 0.29750657, 0.30113333,
         0.28038907, 0.26085818, 0.2878259 , 0.28450522],
        [0.30496877, 0.36251393, 0.36951196, 0.29676193, 0.30118293,
         0.2797076 , 0.25961998, 0.28739467, 0.2845089 ],
        [0.30467004, 0.36301252, 0.36969757, 0.2961443 , 0.3006568 ,
         0.2799922 , 0.25921148, 0.2869236 , 0.28465495],
        [0.30533215, 0.36333686, 0.36897558, 0.29532307, 0.2984942 ,
         0.28020933, 0.2585885 , 0.2867453 , 0.2853571 ],
        [0.3057171 , 0.36217692, 0.36917302, 0.29307088, 0.29754722,
         0.2809087 , 0.25752068, 0.2863724 , 0.2858275 ],
        [0.3054321 , 0.36089072, 0.3692476 , 0.29095334, 0.29667526,
         0.27972025, 0.25664997, 0.28614277, 0.28545147],
        [0.30583793, 0.35946873, 0.36925536, 0.2900418 , 0.2960521 ,
         0.2795289 , 0.25642598, 0.28610694, 0.28494474]]], dtype=float32), array([[[0.28402153, 0.28359175, 0.27996558, 0.2629311 , 0.26397058,
         0.26894605, 0.25809664, 0.26508278, 0.27250448],
        [0.2847688 , 0.3077812 , 0.31776768, 0.28562233, 0.27789173,
         0.26418963, 0.2595741 , 0.27131122, 0.2725666 ],
        [0.29459086, 0.32596123, 0.33330187, 0.29139522, 0.2836629 ,
         0.26887056, 0.2623151 , 0.27444762, 0.2789983 ],
        [0.30029652, 0.33931258, 0.34388068, 0.29070497, 0.28421542,
         0.26960033, 0.26065513, 0.27218765, 0.28153095],
        [0.30431908, 0.34881744, 0.35073826, 0.28644615, 0.28344327,
         0.26870525, 0.25571838, 0.2694945 , 0.2832749 ],
        [0.3071688 , 0.35468856, 0.35549557, 0.2811772 , 0.28176275,
         0.26774195, 0.24982959, 0.26691824, 0.2833825 ],
        [0.30936095, 0.35938045, 0.3587594 , 0.27647993, 0.27838445,
         0.2659826 , 0.2435886 , 0.26389372, 0.28198004],
        [0.3111667 , 0.36243558, 0.35991323, 0.272407  , 0.2755264 ,
         0.2637152 , 0.23754132, 0.26120037, 0.28068998],
        [0.31298268, 0.36506712, 0.3608259 , 0.26681215, 0.27196285,
         0.25971627, 0.23061453, 0.25695643, 0.27855402],
        [0.31432137, 0.36975572, 0.36151925, 0.2616153 , 0.2673817 ,
         0.2533925 , 0.22264814, 0.25342372, 0.27515823],
        [0.3153391 , 0.37324944, 0.3620976 , 0.2566793 , 0.2628219 ,
         0.24751641, 0.21464805, 0.25063708, 0.27133653],
        [0.3160742 , 0.37580997, 0.36279833, 0.2541309 , 0.25964367,
         0.24239561, 0.20902719, 0.24819414, 0.26891485],
        [0.3162505 , 0.37923983, 0.36399558, 0.2507816 , 0.25690985,
         0.23737665, 0.2036979 , 0.24405637, 0.26548567],
        [0.31743664, 0.3806153 , 0.3640141 , 0.2485687 , 0.25433376,
         0.23317611, 0.20011465, 0.24069792, 0.2635021 ],
        [0.31780836, 0.38144496, 0.36438683, 0.2467089 , 0.25214553,
         0.2321988 , 0.19709776, 0.23779318, 0.26208064],
        [0.3182203 , 0.3833596 , 0.3631394 , 0.24488068, 0.24870814,
         0.22778381, 0.19235666, 0.23351718, 0.25881025],
        [0.31855235, 0.38479754, 0.36341333, 0.24298851, 0.2454194 ,
         0.22479133, 0.1883671 , 0.23068121, 0.2564426 ],
        [0.31863952, 0.3856189 , 0.36365622, 0.23844467, 0.2421194 ,
         0.22279833, 0.1842385 , 0.22968546, 0.25412646],
        [0.31924263, 0.38513422, 0.36348397, 0.23509753, 0.23883095,
         0.22009209, 0.18073995, 0.22878468, 0.25209716],
        [0.32043454, 0.38518   , 0.36233598, 0.22983773, 0.23654938,
         0.21735291, 0.17600529, 0.22663404, 0.2491887 ],
        [0.32142404, 0.3836272 , 0.36188027, 0.22573255, 0.23254351,
         0.21510111, 0.171891  , 0.22412543, 0.24719618],
        [0.32213795, 0.38291055, 0.36168405, 0.22375669, 0.2299414 ,
         0.21485205, 0.16981947, 0.22279215, 0.24562436],
        [0.32274362, 0.38354385, 0.36139178, 0.22161968, 0.2274235 ,
         0.21395843, 0.16841574, 0.22217323, 0.24450162],
        [0.32284075, 0.38278908, 0.36114892, 0.22056015, 0.2265994 ,
         0.21323751, 0.16821438, 0.22232358, 0.24381672],
        [0.32318473, 0.3812939 , 0.36142132, 0.22024688, 0.2267026 ,
         0.2138583 , 0.16909908, 0.22329773, 0.2438603 ],
        [0.3239183 , 0.37901074, 0.36078244, 0.2209682 , 0.22694667,
         0.21475157, 0.17049532, 0.22479357, 0.24453351],
        [0.325052  , 0.37868622, 0.36074778, 0.22067384, 0.22706948,
         0.21450898, 0.17147347, 0.2251269 , 0.24536155],
        [0.32573032, 0.37968394, 0.3592573 , 0.21979299, 0.227221  ,
         0.21403429, 0.17154646, 0.22436449, 0.24635138],
        [0.32584596, 0.3804432 , 0.35927263, 0.21933271, 0.22760598,
         0.21491694, 0.17198154, 0.22396351, 0.24743655],
        [0.32612458, 0.3817367 , 0.35897708, 0.21842353, 0.2282928 ,
         0.21554537, 0.17254412, 0.2232275 , 0.24818285],
        [0.32628658, 0.38239697, 0.35888958, 0.21946631, 0.22939421,
         0.2154713 , 0.17342238, 0.22256957, 0.24820955],
        [0.3249916 , 0.38289177, 0.3587983 , 0.22076203, 0.23083173,
         0.21659596, 0.17449228, 0.22245803, 0.24867113]]], dtype=float32), array([[[0.286564  , 0.28488177, 0.2792271 , 0.25461265, 0.25538817,
         0.2610758 , 0.24785922, 0.2558414 , 0.269633  ],
        [0.28898853, 0.30995357, 0.31719527, 0.26697102, 0.2615144 ,
         0.24926707, 0.23966435, 0.25274795, 0.2666082 ],
        [0.29848462, 0.32700872, 0.3321954 , 0.26316482, 0.26176006,
         0.24962424, 0.23409992, 0.25075164, 0.26997906],
        [0.30549952, 0.33984983, 0.34127006, 0.253776  , 0.2552872 ,
         0.24394837, 0.2220036 , 0.241863  , 0.26904103],
        [0.3112101 , 0.35178253, 0.34648448, 0.24191613, 0.24531387,
         0.2349197 , 0.20700537, 0.23228309, 0.26506802],
        [0.3152772 , 0.3610073 , 0.34894612, 0.22799073, 0.23281923,
         0.22463223, 0.19131553, 0.22211987, 0.2598078 ],
        [0.31952348, 0.3685991 , 0.35119256, 0.21548836, 0.22058156,
         0.2134907 , 0.17681366, 0.21164712, 0.25359502],
        [0.3229107 , 0.37558308, 0.3515034 , 0.20113634, 0.20817855,
         0.20238936, 0.1627942 , 0.20016702, 0.24646226],
        [0.32650107, 0.3806909 , 0.35073027, 0.18734117, 0.19708773,
         0.19213903, 0.15051273, 0.18906865, 0.23888299],
        [0.3294748 , 0.38640237, 0.3501838 , 0.1742724 , 0.18578205,
         0.18163942, 0.13753389, 0.17711778, 0.23240829],
        [0.33126548, 0.39204413, 0.34950328, 0.1618841 , 0.17486764,
         0.17092246, 0.12584656, 0.16517298, 0.2254676 ],
        [0.33398414, 0.39689696, 0.3473605 , 0.15024091, 0.16461441,
         0.16013819, 0.1145818 , 0.15432496, 0.21947639],
        [0.33696404, 0.40192315, 0.34479034, 0.14025195, 0.15459232,
         0.15090029, 0.10488387, 0.14427282, 0.2130608 ],
        [0.34096658, 0.40666118, 0.3422324 , 0.13171479, 0.14645457,
         0.1426325 , 0.09602711, 0.13637066, 0.20716043],
        [0.34462655, 0.41035908, 0.34005868, 0.12559281, 0.14071904,
         0.1362871 , 0.08995385, 0.13084808, 0.20217316],
        [0.34806442, 0.41363278, 0.33767712, 0.12044951, 0.1353967 ,
         0.13099964, 0.08491249, 0.12658256, 0.19782218],
        [0.3503498 , 0.4173553 , 0.33482495, 0.11491221, 0.1298182 ,
         0.12496554, 0.08011548, 0.12200323, 0.1946908 ],
        [0.35220754, 0.41871718, 0.3323822 , 0.11027046, 0.1244825 ,
         0.11978731, 0.07534824, 0.11675074, 0.19132611],
        [0.35419855, 0.42084944, 0.3316356 , 0.1056852 , 0.12014861,
         0.11604793, 0.07144969, 0.11288731, 0.1888193 ],
        [0.3566214 , 0.4239456 , 0.3295525 , 0.10179415, 0.11615805,
         0.11206436, 0.06781629, 0.10856195, 0.18557629],
        [0.35858008, 0.42579904, 0.32854727, 0.09938422, 0.1126437 ,
         0.10859111, 0.0654996 , 0.10473409, 0.18192372],
        [0.3606394 , 0.42802432, 0.32730186, 0.09788958, 0.11026774,
         0.10691199, 0.06406306, 0.10286283, 0.18074818],
        [0.3624252 , 0.43029955, 0.3260777 , 0.09688271, 0.10863163,
         0.10595482, 0.06342882, 0.10174   , 0.18020403],
        [0.3637921 , 0.43242976, 0.3249387 , 0.09548338, 0.10698913,
         0.10471982, 0.06285983, 0.10038139, 0.1795472 ],
        [0.3647759 , 0.43598732, 0.3235232 , 0.09391285, 0.1052376 ,
         0.10349224, 0.06203626, 0.09895983, 0.17966807],
        [0.3648596 , 0.4374544 , 0.3223327 , 0.09234139, 0.10343939,
         0.10255717, 0.06141046, 0.09735214, 0.17932568],
        [0.36542335, 0.43764532, 0.32209724, 0.09210176, 0.10306168,
         0.10214094, 0.06121815, 0.0970307 , 0.17940049],
        [0.3640147 , 0.43663627, 0.3223715 , 0.09189416, 0.10327487,
         0.10310078, 0.06196249, 0.09725774, 0.17968315],
        [0.36226118, 0.43643138, 0.32276264, 0.09068468, 0.10254628,
         0.10323355, 0.06210152, 0.09654864, 0.17998604],
        [0.36183238, 0.4358594 , 0.32347924, 0.09014922, 0.10159609,
         0.10371644, 0.0620257 , 0.09582456, 0.18038277],
        [0.36321825, 0.43564555, 0.3242598 , 0.08989728, 0.10057291,
         0.10398766, 0.06167498, 0.09501745, 0.18009791],
        [0.36502877, 0.43501312, 0.324114  , 0.09011909, 0.09957734,
         0.1039031 , 0.06141789, 0.09401041, 0.17982149]]], dtype=float32), array([[[0.28464526, 0.28632125, 0.2770119 , 0.24092823, 0.24225916,
         0.24820426, 0.23478255, 0.24241771, 0.2625394 ],
        [0.285406  , 0.31353542, 0.31072196, 0.23421542, 0.22997342,
         0.22135508, 0.20782211, 0.22264655, 0.25026438],
        [0.29467458, 0.33433875, 0.32126528, 0.21088572, 0.21054369,
         0.2063114 , 0.18381363, 0.20299359, 0.24262145],
        [0.30012888, 0.35034907, 0.32549188, 0.18276125, 0.18564506,
         0.18506016, 0.15647359, 0.17897673, 0.23033346],
        [0.30559272, 0.363112  , 0.32532778, 0.15584384, 0.16101687,
         0.16331074, 0.12998407, 0.1549479 , 0.21611807],
        [0.3100535 , 0.3718695 , 0.3226729 , 0.13158609, 0.13798253,
         0.14138281, 0.10571962, 0.1319872 , 0.2009078 ],
        [0.31419683, 0.3798915 , 0.3179747 , 0.10979787, 0.1171274 ,
         0.12033122, 0.08499555, 0.11060935, 0.1851956 ],
        [0.3174757 , 0.38718048, 0.31195012, 0.09073337, 0.09835017,
         0.10082525, 0.06763891, 0.09081479, 0.16981873],
        [0.32110518, 0.39520773, 0.30650404, 0.0743432 , 0.08263968,
         0.08419114, 0.05359802, 0.07467513, 0.15549351],
        [0.32346144, 0.40254563, 0.30195856, 0.06105527, 0.07040805,
         0.07118744, 0.04289501, 0.06204627, 0.14328378],
        [0.3263805 , 0.41004515, 0.29637414, 0.05147493, 0.06072094,
         0.06067654, 0.03512814, 0.05227837, 0.13266326],
        [0.32983357, 0.41611132, 0.29142365, 0.0438218 , 0.05265021,
         0.05270259, 0.02915145, 0.04465882, 0.12413199],
        [0.3333849 , 0.421467  , 0.28712836, 0.03811479, 0.0460586 ,
         0.046349  , 0.02466628, 0.03847197, 0.11639944],
        [0.33575892, 0.4265407 , 0.28329864, 0.03361404, 0.04113857,
         0.04148792, 0.02125288, 0.03363898, 0.10987835],
        [0.33736783, 0.4308417 , 0.28049794, 0.03018057, 0.03751625,
         0.03801022, 0.01884974, 0.03009557, 0.10454108],
        [0.3384803 , 0.43128303, 0.27665937, 0.02745697, 0.03386272,
         0.03474319, 0.01669185, 0.02686858, 0.0996252 ],
        [0.33868366, 0.43102658, 0.27356488, 0.02550866, 0.03132334,
         0.03229263, 0.01526641, 0.02470847, 0.09630311],
        [0.33982542, 0.43098837, 0.27084816, 0.02381432, 0.02901535,
         0.03000141, 0.01400389, 0.02285451, 0.09319853],
        [0.34107992, 0.43278977, 0.26774934, 0.02246855, 0.02725688,
         0.02864402, 0.01323532, 0.02160058, 0.09115687],
        [0.34161168, 0.43441784, 0.2653174 , 0.02117181, 0.02567639,
         0.02754905, 0.01247382, 0.02047276, 0.08882526],
        [0.3402748 , 0.43569475, 0.26344246, 0.01992246, 0.02447618,
         0.02654082, 0.01191022, 0.01955277, 0.08691711],
        [0.3398725 , 0.43602464, 0.26226887, 0.01924757, 0.02351361,
         0.02569348, 0.01147715, 0.01874791, 0.08479286],
        [0.34004784, 0.43616807, 0.2616609 , 0.01852899, 0.02297637,
         0.0248562 , 0.01102965, 0.01815728, 0.082919  ],
        [0.34009662, 0.43583533, 0.26208186, 0.01781758, 0.02249048,
         0.02414192, 0.010706  , 0.01772821, 0.08179121],
        [0.34079498, 0.4360482 , 0.26201358, 0.01745347, 0.02203369,
         0.02362519, 0.0104727 , 0.01747352, 0.08095238],
        [0.34202465, 0.43723133, 0.26217157, 0.01733245, 0.02185877,
         0.02352993, 0.01049175, 0.01734942, 0.08061648],
        [0.34331346, 0.43803662, 0.26201856, 0.01725013, 0.02171988,
         0.02335775, 0.01041557, 0.01722832, 0.08067524],
        [0.3447549 , 0.43870217, 0.2628492 , 0.01711098, 0.02157607,
         0.02346588, 0.01038253, 0.01713843, 0.08065382],
        [0.34652027, 0.4398469 , 0.2623639 , 0.017047  , 0.02151521,
         0.02348863, 0.010428  , 0.01701592, 0.08067341],
        [0.34633788, 0.4407307 , 0.26288956, 0.01696649, 0.02142514,
         0.02351714, 0.01044573, 0.01683319, 0.08057719],
        [0.345489  , 0.4393529 , 0.2626277 , 0.01691048, 0.02115289,
         0.02332756, 0.01036256, 0.01655594, 0.07996142],
        [0.34424958, 0.44056675, 0.26141557, 0.01684393, 0.02089264,
         0.02333631, 0.01027391, 0.01638508, 0.08010188]]], dtype=float32)]