tf.Tensor(
[[[0.28636146 0.2853596  0.27649543 0.23915699 0.24155949 0.24701782
   0.23249353 0.24016194 0.26242602]
  [0.2888144  0.31320006 0.30993077 0.23088829 0.22839597 0.21709038
   0.20406471 0.21645088 0.24859615]
  [0.29895514 0.33444354 0.32061124 0.20684941 0.20874518 0.20013325
   0.17846954 0.19442677 0.23901494]
  [0.3060158  0.351614   0.32482827 0.17891592 0.18304293 0.17685282
   0.14910768 0.16870813 0.22488871]
  [0.31201407 0.3653774  0.324429   0.14967033 0.155706   0.15221384
   0.12056378 0.14300728 0.20859244]
  [0.31574067 0.37548506 0.32254282 0.12383451 0.13083103 0.12960711
   0.09628707 0.11967462 0.19172789]
  [0.3193189  0.38529626 0.31795636 0.10057743 0.10840116 0.10908989
   0.07575061 0.09858078 0.17435528]
  [0.32182926 0.39536145 0.31191355 0.08228219 0.09013946 0.09169687
   0.05951465 0.08169881 0.15945867]
  [0.32465005 0.40304345 0.30632493 0.06875458 0.07611402 0.07819854
   0.04810891 0.06864692 0.14735879]
  [0.32724997 0.40950137 0.3017756  0.05823249 0.06510262 0.06796946
   0.03956257 0.05869954 0.13673456]
  [0.32956854 0.41334468 0.2968601  0.05015798 0.05643768 0.05948664
   0.03325379 0.05073785 0.12772821]
  [0.33262944 0.4170823  0.29254934 0.04410911 0.04979045 0.05292595
   0.02861038 0.04453791 0.12085955]
  [0.3348878  0.42012584 0.28814203 0.03965871 0.04525459 0.04834747
   0.02554304 0.04013103 0.11559525]
  [0.33649397 0.42232415 0.28402492 0.03558558 0.04122421 0.04422523
   0.02267552 0.03612519 0.11053538]
  [0.3386987  0.42540494 0.28109813 0.0323836  0.0376609  0.04052369
   0.02049234 0.03268728 0.10671589]
  [0.33949655 0.42959127 0.27689767 0.02987824 0.03477928 0.03747604
   0.01884291 0.02987562 0.10330919]
  [0.3413528  0.43254313 0.27414608 0.02822036 0.03269076 0.03543638
   0.01757289 0.02779927 0.10019264]
  [0.34155193 0.43559775 0.27126873 0.02691412 0.03112592 0.03382423
   0.0166387  0.02611389 0.09798267]
  [0.34174937 0.4370248  0.26858464 0.02574424 0.02972603 0.03224353
   0.01573485 0.02455246 0.09516031]
  [0.34101814 0.43884808 0.2661012  0.0245417  0.02837117 0.03073384
   0.01483055 0.02326437 0.09319568]
  [0.3403558  0.43860215 0.26442215 0.02361211 0.02754516 0.02972036
   0.01421895 0.02243003 0.09191648]
  [0.3399958  0.43865126 0.26310462 0.02289322 0.02676792 0.02874437
   0.01373854 0.02168797 0.09069458]
  [0.3405231  0.4391976  0.26186952 0.02214489 0.02592326 0.02787371
   0.01316685 0.02098585 0.09002795]
  [0.3393495  0.43849066 0.26146945 0.02147126 0.02533833 0.02721641
   0.01274666 0.02042806 0.08900404]
  [0.33999756 0.43826166 0.2615281  0.02095705 0.02493109 0.02683079
   0.01247049 0.02005322 0.08812904]
  [0.33936697 0.4383281  0.26151526 0.02012991 0.02431289 0.02626583
   0.01206388 0.01940388 0.0867973 ]
  [0.3396067  0.4377997  0.2606206  0.01934074 0.02354165 0.02553733
   0.01153074 0.01870954 0.08570123]
  [0.3396253  0.43867627 0.26086724 0.01878943 0.02290948 0.02504097
   0.01118165 0.01830626 0.08490431]
  [0.33957237 0.43848684 0.2603518  0.01860181 0.02263587 0.02481238
   0.0109827  0.01804199 0.08443424]
  [0.34077916 0.43956134 0.25944248 0.0184259  0.02224286 0.02464176
   0.01078847 0.01782629 0.08378496]
  [0.3414715  0.44090095 0.2587188  0.01815465 0.02204616 0.02438441
   0.01060723 0.01761816 0.08307629]
  [0.34289697 0.4409129  0.25817418 0.01797938 0.0220108  0.02431643
   0.01046229 0.01753406 0.0828492 ]]], shape=(1, 32, 9), dtype=float32)