[array([[[5.1196350e-04, 7.2841674e-01, 7.3007983e-01, 4.8302277e-06,
         5.8798621e-05, 6.6610111e-04, 3.5196001e-06, 1.8195584e-06,
         1.9488249e-04],
        [3.7766436e-05, 8.8041902e-01, 8.8066489e-01, 4.4129067e-08,
         1.8383315e-06, 2.9690118e-05, 6.0084027e-08, 1.2934031e-08,
         6.2656441e-06],
        [2.5557187e-05, 9.5225400e-01, 9.5248294e-01, 2.4794375e-08,
         1.0807056e-06, 1.9164734e-05, 3.7014189e-08, 7.0177064e-09,
         4.2552929e-06],
        [2.4516041e-05, 9.8170334e-01, 9.8193765e-01, 2.2469472e-08,
         9.9165538e-07, 1.8074617e-05, 3.4819980e-08, 6.3599779e-09,
         4.0221262e-06],
        [2.4466524e-05, 9.9300015e-01, 9.9323767e-01, 2.2127654e-08,
         9.7970974e-07, 1.8013443e-05, 3.4671206e-08, 6.2523178e-09,
         4.0239229e-06],
        [2.4521933e-05, 9.9722284e-01, 9.9746108e-01, 2.2098089e-08,
         9.7792963e-07, 1.8097817e-05, 3.4716884e-08, 6.2399752e-09,
         4.0574482e-06],
        [2.4533536e-05, 9.9878514e-01, 9.9902463e-01, 2.2199011e-08,
         9.7824295e-07, 1.8227449e-05, 3.4810203e-08, 6.2545600e-09,
         4.1070371e-06],
        [2.4527289e-05, 9.9936050e-01, 9.9960136e-01, 2.2344718e-08,
         9.7903160e-07, 1.8376506e-05, 3.4912897e-08, 6.2774710e-09,
         4.1625103e-06],
        [2.4524787e-05, 9.9957168e-01, 9.9981415e-01, 2.2488850e-08,
         9.8013868e-07, 1.8520281e-05, 3.5005009e-08, 6.3027858e-09,
         4.2188326e-06],
        [2.4507975e-05, 9.9964857e-01, 9.9989319e-01, 2.2653390e-08,
         9.8124417e-07, 1.8673141e-05, 3.5101447e-08, 6.3288663e-09,
         4.2772404e-06],
        [2.4514076e-05, 9.9967635e-01, 9.9992257e-01, 2.2773001e-08,
         9.8211478e-07, 1.8797695e-05, 3.5164938e-08, 6.3500627e-09,
         4.3245855e-06],
        [2.4511879e-05, 9.9968588e-01, 9.9993366e-01, 2.2882549e-08,
         9.8291036e-07, 1.8906339e-05, 3.5235185e-08, 6.3687056e-09,
         4.3659998e-06],
        [2.4511974e-05, 9.9968910e-01, 9.9993813e-01, 2.2969044e-08,
         9.8354417e-07, 1.8992740e-05, 3.5270979e-08, 6.3849068e-09,
         4.4018102e-06],
        [2.4522938e-05, 9.9969006e-01, 9.9993998e-01, 2.3028438e-08,
         9.8361738e-07, 1.9067838e-05, 3.5299937e-08, 6.3962546e-09,
         4.4281560e-06],
        [2.4506364e-05, 9.9968988e-01, 9.9994081e-01, 2.3113984e-08,
         9.8418502e-07, 1.9139748e-05, 3.5367542e-08, 6.4071219e-09,
         4.4537715e-06],
        [2.4508518e-05, 9.9968958e-01, 9.9994129e-01, 2.3169378e-08,
         9.8480655e-07, 1.9193818e-05, 3.5396777e-08, 6.4170038e-09,
         4.4760536e-06],
        [2.4513425e-05, 9.9968934e-01, 9.9994159e-01, 2.3204493e-08,
         9.8511100e-07, 1.9234496e-05, 3.5398742e-08, 6.4249521e-09,
         4.4935887e-06],
        [2.4496039e-05, 9.9968874e-01, 9.9994159e-01, 2.3262945e-08,
         9.8546423e-07, 1.9278388e-05, 3.5452000e-08, 6.4323951e-09,
         4.5104907e-06],
        [2.4515273e-05, 9.9968874e-01, 9.9994183e-01, 2.3264453e-08,
         9.8523117e-07, 1.9300425e-05, 3.5439971e-08, 6.4368129e-09,
         4.5189236e-06],
        [2.4497907e-05, 9.9968839e-01, 9.9994200e-01, 2.3310559e-08,
         9.8563339e-07, 1.9328756e-05, 3.5468105e-08, 6.4412835e-09,
         4.5304896e-06],
        [2.4510691e-05, 9.9968821e-01, 9.9994206e-01, 2.3310381e-08,
         9.8567853e-07, 1.9340961e-05, 3.5462833e-08, 6.4446017e-09,
         4.5371062e-06],
        [2.4495945e-05, 9.9968803e-01, 9.9994212e-01, 2.3345754e-08,
         9.8577254e-07, 1.9365860e-05, 3.5496267e-08, 6.4477490e-09,
         4.5443485e-06],
        [2.4496763e-05, 9.9968791e-01, 9.9994212e-01, 2.3355909e-08,
         9.8596342e-07, 1.9374562e-05, 3.5496409e-08, 6.4497785e-09,
         4.5493007e-06],
        [2.4506880e-05, 9.9968791e-01, 9.9994218e-01, 2.3356311e-08,
         9.8586850e-07, 1.9384541e-05, 3.5495866e-08, 6.4508368e-09,
         4.5516972e-06],
        [2.4507232e-05, 9.9968779e-01, 9.9994218e-01, 2.3361611e-08,
         9.8624082e-07, 1.9387075e-05, 3.5494448e-08, 6.4527934e-09,
         4.5556631e-06],
        [2.4515437e-05, 9.9968785e-01, 9.9994236e-01, 2.3358359e-08,
         9.8593807e-07, 1.9395229e-05, 3.5490320e-08, 6.4531380e-09,
         4.5563538e-06],
        [2.4507979e-05, 9.9968779e-01, 9.9994230e-01, 2.3369722e-08,
         9.8603675e-07, 1.9400482e-05, 3.5500204e-08, 6.4542705e-09,
         4.5590491e-06],
        [2.4498351e-05, 9.9968761e-01, 9.9994230e-01, 2.3389076e-08,
         9.8638566e-07, 1.9408182e-05, 3.5520394e-08, 6.4552186e-09,
         4.5616330e-06],
        [2.4501904e-05, 9.9968767e-01, 9.9994230e-01, 2.3385285e-08,
         9.8626242e-07, 1.9408404e-05, 3.5513818e-08, 6.4547998e-09,
         4.5617589e-06],
        [2.4501061e-05, 9.9968767e-01, 9.9994230e-01, 2.3393449e-08,
         9.8619944e-07, 1.9415957e-05, 3.5530352e-08, 6.4549353e-09,
         4.5619468e-06],
        [2.4496319e-05, 9.9968761e-01, 9.9994230e-01, 2.3397419e-08,
         9.8646285e-07, 1.9413401e-05, 3.5527709e-08, 6.4555508e-09,
         4.5638790e-06],
        [2.4505338e-05, 9.9968755e-01, 9.9994230e-01, 2.3387068e-08,
         9.8629073e-07, 1.9412866e-05, 3.5513345e-08, 6.4561299e-09,
         4.5639440e-06]]], dtype=float32), array([[[4.22234565e-01, 2.81253606e-01, 2.91598529e-01, 2.70047605e-01,
         2.38750100e-01, 2.45834351e-01, 1.13493904e-01, 2.77103245e-01,
         2.58151174e-01],
        [5.24949968e-01, 2.24785998e-01, 1.17347017e-01, 2.42216140e-01,
         1.85504645e-01, 4.30677116e-01, 1.83609679e-01, 3.43766242e-01,
         5.88925481e-01],
        [8.29360604e-01, 4.22820091e-01, 2.27501273e-01, 1.46593496e-01,
         6.48613721e-02, 1.18017837e-01, 5.41900634e-04, 2.60419816e-01,
         2.85239130e-01],
        [4.00168777e-01, 8.46250355e-02, 1.46161079e-01, 5.31400787e-04,
         7.44435762e-04, 2.84261733e-01, 1.27039937e-04, 1.43716659e-03,
         6.67185426e-01],
        [7.93769769e-03, 4.32064459e-02, 7.35777497e-01, 1.23246855e-06,
         1.74902907e-05, 5.49333682e-03, 3.59758047e-07, 8.50128345e-07,
         5.06850751e-03],
        [2.37365690e-04, 5.77098131e-02, 8.88869703e-01, 3.99009892e-08,
         2.82151768e-06, 9.90784902e-05, 4.13881160e-08, 1.44674379e-08,
         9.38285029e-06],
        [8.36405961e-05, 5.10020815e-02, 9.56039011e-01, 2.45452263e-08,
         2.11681981e-06, 4.54578367e-05, 3.19935474e-08, 8.31103364e-09,
         1.88470028e-06],
        [5.04181698e-05, 3.78240831e-02, 9.83321846e-01, 2.94611819e-08,
         2.03549530e-06, 3.93582413e-05, 4.03754328e-08, 8.56060378e-09,
         1.39776228e-06],
        [3.84445702e-05, 2.98357978e-02, 9.93756056e-01, 3.50488705e-08,
         2.15948785e-06, 4.12464797e-05, 4.98948154e-08, 9.52891899e-09,
         1.41135661e-06],
        [3.55538541e-05, 2.77744774e-02, 9.97649550e-01, 3.65432022e-08,
         2.26704719e-06, 4.30612381e-05, 5.45332774e-08, 1.00309112e-08,
         1.48895492e-06],
        [3.48869362e-05, 2.74136271e-02, 9.99089241e-01, 3.67774469e-08,
         2.30278306e-06, 4.36190094e-05, 5.57843869e-08, 1.01285762e-08,
         1.53825124e-06],
        [3.48912945e-05, 2.72835959e-02, 9.99619424e-01, 3.68125370e-08,
         2.31001286e-06, 4.38147945e-05, 5.64022571e-08, 1.01802691e-08,
         1.55199496e-06],
        [3.47481073e-05, 2.73344330e-02, 9.99815047e-01, 3.68299560e-08,
         2.31312356e-06, 4.37819617e-05, 5.62279610e-08, 1.01562394e-08,
         1.55700275e-06],
        [3.47591449e-05, 2.73201745e-02, 9.99886990e-01, 3.68468882e-08,
         2.31469244e-06, 4.38079842e-05, 5.63292666e-08, 1.01625179e-08,
         1.55792964e-06],
        [3.47079658e-05, 2.73597520e-02, 9.99913692e-01, 3.68656572e-08,
         2.31439662e-06, 4.37536619e-05, 5.61575035e-08, 1.01488808e-08,
         1.55923908e-06],
        [3.47805981e-05, 2.73086838e-02, 9.99923229e-01, 3.68807100e-08,
         2.31510967e-06, 4.38076058e-05, 5.63958160e-08, 1.01701385e-08,
         1.55785824e-06],
        [3.46863599e-05, 2.73661837e-02, 9.99927163e-01, 3.68951305e-08,
         2.31428839e-06, 4.37323433e-05, 5.61214186e-08, 1.01490158e-08,
         1.55969565e-06],
        [3.47480418e-05, 2.73185689e-02, 9.99928236e-01, 3.69091389e-08,
         2.31539889e-06, 4.37877643e-05, 5.63535494e-08, 1.01690327e-08,
         1.55903990e-06],
        [3.46727684e-05, 2.73544881e-02, 9.99928892e-01, 3.69075899e-08,
         2.31444756e-06, 4.37506133e-05, 5.61851721e-08, 1.01590292e-08,
         1.55942803e-06],
        [3.47383648e-05, 2.73124501e-02, 9.99928951e-01, 3.69294888e-08,
         2.31496188e-06, 4.37880990e-05, 5.63832039e-08, 1.01773567e-08,
         1.55854184e-06],
        [3.46871202e-05, 2.73399651e-02, 9.99929070e-01, 3.69297020e-08,
         2.31418267e-06, 4.37602539e-05, 5.62737625e-08, 1.01722337e-08,
         1.55822829e-06],
        [3.46971137e-05, 2.73186266e-02, 9.99929070e-01, 3.69324482e-08,
         2.31503896e-06, 4.37923991e-05, 5.63916700e-08, 1.01828519e-08,
         1.55654845e-06],
        [3.46471170e-05, 2.73450613e-02, 9.99929070e-01, 3.69458348e-08,
         2.31334184e-06, 4.37488234e-05, 5.62302134e-08, 1.01766577e-08,
         1.55930752e-06],
        [3.46961206e-05, 2.73066759e-02, 9.99928951e-01, 3.69735389e-08,
         2.31431068e-06, 4.37801682e-05, 5.63985090e-08, 1.01914015e-08,
         1.55948146e-06],
        [3.46484703e-05, 2.73251832e-02, 9.99929070e-01, 3.69643729e-08,
         2.31256763e-06, 4.37653907e-05, 5.63056126e-08, 1.01931708e-08,
         1.55995895e-06],
        [3.46524357e-05, 2.73104012e-02, 9.99929011e-01, 3.69846838e-08,
         2.31309718e-06, 4.37740273e-05, 5.63725955e-08, 1.01993347e-08,
         1.55869645e-06],
        [3.46349916e-05, 2.73141563e-02, 9.99929070e-01, 3.69960418e-08,
         2.31247077e-06, 4.37634262e-05, 5.63504443e-08, 1.02029354e-08,
         1.55958708e-06],
        [3.46765701e-05, 2.72841156e-02, 9.99928892e-01, 3.70297890e-08,
         2.31293620e-06, 4.37797062e-05, 5.64783385e-08, 1.02159232e-08,
         1.55986379e-06],
        [3.46339293e-05, 2.73006558e-02, 9.99928892e-01, 3.70355799e-08,
         2.31169020e-06, 4.37557064e-05, 5.63820173e-08, 1.02168585e-08,
         1.56223678e-06],
        [3.46555025e-05, 2.72706449e-02, 9.99928713e-01, 3.70574860e-08,
         2.31235845e-06, 4.37848030e-05, 5.65127927e-08, 1.02313678e-08,
         1.56306089e-06],
        [3.46163288e-05, 2.72787213e-02, 9.99928772e-01, 3.70664637e-08,
         2.31156014e-06, 4.37720664e-05, 5.64647848e-08, 1.02344320e-08,
         1.56379747e-06],
        [3.46404668e-05, 2.72503793e-02, 9.99928653e-01, 3.70965907e-08,
         2.31255694e-06, 4.37932358e-05, 5.65964200e-08, 1.02471862e-08,
         1.56373630e-06]]], dtype=float32), array([[[5.68740594e-04, 2.81678425e-04, 7.26529062e-01, 9.60037687e-06,
         8.50626529e-05, 1.41163240e-03, 3.20179174e-06, 2.52352288e-06,
         8.41468645e-05],
        [6.49691065e-05, 2.86497834e-05, 8.79279435e-01, 2.57817874e-07,
         5.32451213e-06, 1.75729539e-04, 1.03936685e-07, 4.53675497e-08,
         4.79581922e-06],
        [4.90077364e-05, 2.23352272e-05, 9.51191962e-01, 1.63611361e-07,
         3.60485683e-06, 1.46851002e-04, 7.31196579e-08, 2.80385972e-08,
         3.45647732e-06],
        [4.80334493e-05, 2.23145307e-05, 9.80630755e-01, 1.51822263e-07,
         3.40275119e-06, 1.43706828e-04, 7.18587572e-08, 2.66214020e-08,
         3.34659126e-06],
        [4.83100994e-05, 2.27999317e-05, 9.91916180e-01, 1.49278151e-07,
         3.37005213e-06, 1.42827659e-04, 7.22835267e-08, 2.64341402e-08,
         3.34454921e-06],
        [4.92424042e-05, 2.28398003e-05, 9.96139288e-01, 1.46981051e-07,
         3.36095195e-06, 1.44809514e-04, 7.31811269e-08, 2.69662532e-08,
         3.36081439e-06],
        [4.95920904e-05, 2.28519839e-05, 9.97703075e-01, 1.45730041e-07,
         3.35370942e-06, 1.44988328e-04, 7.33409848e-08, 2.71548508e-08,
         3.36006428e-06],
        [5.05335702e-05, 2.26125176e-05, 9.98282671e-01, 1.43831969e-07,
         3.35009940e-06, 1.47223502e-04, 7.41935793e-08, 2.77848162e-08,
         3.37975530e-06],
        [5.05558382e-05, 2.25619096e-05, 9.98494506e-01, 1.43493565e-07,
         3.34632205e-06, 1.46582752e-04, 7.40355475e-08, 2.77050667e-08,
         3.37438314e-06],
        [5.13287268e-05, 2.22980016e-05, 9.98575628e-01, 1.41838726e-07,
         3.34000879e-06, 1.48490100e-04, 7.47216831e-08, 2.82589916e-08,
         3.39052804e-06],
        [5.18046181e-05, 2.21551891e-05, 9.98602271e-01, 1.41116075e-07,
         3.33085995e-06, 1.48952036e-04, 7.49840581e-08, 2.83802564e-08,
         3.40540237e-06],
        [5.23286653e-05, 2.20673010e-05, 9.98608828e-01, 1.40237731e-07,
         3.31135857e-06, 1.49518310e-04, 7.52773133e-08, 2.85085644e-08,
         3.42694671e-06],
        [5.26067743e-05, 2.20710754e-05, 9.98604894e-01, 1.39819747e-07,
         3.28021338e-06, 1.48922263e-04, 7.51259321e-08, 2.82938863e-08,
         3.44534374e-06],
        [5.30309007e-05, 2.22627332e-05, 9.98586833e-01, 1.39609085e-07,
         3.22968117e-06, 1.47536455e-04, 7.51012905e-08, 2.78479515e-08,
         3.48919571e-06],
        [5.32755876e-05, 2.26280463e-05, 9.98558879e-01, 1.39735505e-07,
         3.15030456e-06, 1.44809543e-04, 7.45191926e-08, 2.69543268e-08,
         3.54094664e-06],
        [5.36339721e-05, 2.31601789e-05, 9.98521566e-01, 1.39802680e-07,
         3.04938362e-06, 1.41426965e-04, 7.38902770e-08, 2.59144084e-08,
         3.61224238e-06],
        [5.36931839e-05, 2.35051666e-05, 9.98492837e-01, 1.39864156e-07,
         2.97381121e-06, 1.38163610e-04, 7.31038057e-08, 2.50292533e-08,
         3.65419510e-06],
        [5.39126377e-05, 2.38916182e-05, 9.98465300e-01, 1.39947019e-07,
         2.90606954e-06, 1.36017843e-04, 7.25979703e-08, 2.43221017e-08,
         3.70425755e-06],
        [5.40093315e-05, 2.41281869e-05, 9.98443604e-01, 1.40122097e-07,
         2.86283557e-06, 1.33946582e-04, 7.21989011e-08, 2.37523814e-08,
         3.73759258e-06],
        [5.40810288e-05, 2.42915867e-05, 9.98430848e-01, 1.40070256e-07,
         2.83479221e-06, 1.32948204e-04, 7.19898949e-08, 2.34711361e-08,
         3.75805121e-06],
        [5.41452246e-05, 2.43794275e-05, 9.98422205e-01, 1.40091231e-07,
         2.81779785e-06, 1.32322355e-04, 7.18059070e-08, 2.32570105e-08,
         3.77233528e-06],
        [5.41381523e-05, 2.44122184e-05, 9.98416781e-01, 1.39973039e-07,
         2.80889549e-06, 1.31741210e-04, 7.16846102e-08, 2.31367103e-08,
         3.77693209e-06],
        [5.41482223e-05, 2.44216499e-05, 9.98411179e-01, 1.39963831e-07,
         2.80634936e-06, 1.31234570e-04, 7.16359736e-08, 2.30191386e-08,
         3.78152026e-06],
        [5.41257614e-05, 2.44243292e-05, 9.98409986e-01, 1.39838818e-07,
         2.80217478e-06, 1.31174966e-04, 7.15594126e-08, 2.29965824e-08,
         3.78190975e-06],
        [5.41961126e-05, 2.44321509e-05, 9.98408794e-01, 1.39792007e-07,
         2.79989035e-06, 1.31458088e-04, 7.15520727e-08, 2.29892159e-08,
         3.78621849e-06],
        [5.41686204e-05, 2.44252878e-05, 9.98407483e-01, 1.39630799e-07,
         2.79919118e-06, 1.31189867e-04, 7.14723427e-08, 2.29622632e-08,
         3.78428717e-06],
        [5.42697599e-05, 2.44503917e-05, 9.98406410e-01, 1.39576343e-07,
         2.79956203e-06, 1.31696506e-04, 7.15525914e-08, 2.29972841e-08,
         3.78996492e-06],
        [5.43056412e-05, 2.44457315e-05, 9.98403847e-01, 1.39561962e-07,
         2.80074505e-06, 1.31547495e-04, 7.15231394e-08, 2.29490418e-08,
         3.79287553e-06],
        [5.43065726e-05, 2.44559251e-05, 9.98403907e-01, 1.39410588e-07,
         2.80095355e-06, 1.31726309e-04, 7.15057595e-08, 2.29790871e-08,
         3.79196422e-06],
        [5.43176066e-05, 2.44356415e-05, 9.98403132e-01, 1.39340131e-07,
         2.80121253e-06, 1.31696506e-04, 7.14311952e-08, 2.29481660e-08,
         3.79100584e-06],
        [5.44507420e-05, 2.44622934e-05, 9.98398304e-01, 1.39436253e-07,
         2.80655240e-06, 1.31875320e-04, 7.16260118e-08, 2.29291768e-08,
         3.80126585e-06],
        [5.43857132e-05, 2.44230141e-05, 9.98397171e-01, 1.39334290e-07,
         2.80691393e-06, 1.31413384e-04, 7.14990662e-08, 2.28712587e-08,
         3.79704124e-06]]], dtype=float32), array([[[1.73076976e-03, 5.39981294e-04, 2.18411256e-02, 4.72902939e-05,
         2.14723987e-04, 4.32278775e-03, 3.18896018e-05, 1.16870597e-05,
         2.16096733e-03],
        [1.37314259e-04, 2.30246897e-05, 8.47780146e-04, 4.26127599e-07,
         7.25380323e-06, 3.46573070e-04, 6.78812341e-07, 6.34159036e-08,
         1.45807862e-04],
        [1.01283229e-04, 1.68576062e-05, 4.88078163e-04, 2.40448628e-07,
         4.59995181e-06, 2.69100565e-04, 4.58511835e-07, 3.25236087e-08,
         1.16661191e-04],
        [9.69469911e-05, 1.73550143e-05, 4.49997198e-04, 2.21198590e-07,
         4.25913640e-06, 2.59131630e-04, 4.38681667e-07, 2.94659728e-08,
         1.13889575e-04],
        [9.68426830e-05, 1.84259425e-05, 4.45301528e-04, 2.18241382e-07,
         4.19460275e-06, 2.59682973e-04, 4.37527916e-07, 2.89396223e-08,
         1.14083290e-04],
        [9.72450143e-05, 1.94452477e-05, 4.43901314e-04, 2.17615593e-07,
         4.17022329e-06, 2.61322100e-04, 4.38410581e-07, 2.87744477e-08,
         1.14589930e-04],
        [9.76473457e-05, 2.03176733e-05, 4.42813238e-04, 2.17398210e-07,
         4.15769864e-06, 2.62797344e-04, 4.39288868e-07, 2.86787802e-08,
         1.15007162e-04],
        [9.79453689e-05, 2.10441285e-05, 4.41610318e-04, 2.17279648e-07,
         4.14824490e-06, 2.64034141e-04, 4.39927049e-07, 2.86142523e-08,
         1.15334988e-04],
        [9.81241828e-05, 2.16247572e-05, 4.40959731e-04, 2.17216467e-07,
         4.14154420e-06, 2.64674891e-04, 4.40625456e-07, 2.85709518e-08,
         1.15469098e-04],
        [9.83327991e-05, 2.21019418e-05, 4.40219621e-04, 2.17175867e-07,
         4.13701628e-06, 2.65405048e-04, 4.40891483e-07, 2.85376203e-08,
         1.15692616e-04],
        [9.84222061e-05, 2.24789455e-05, 4.39696014e-04, 2.17144390e-07,
         4.13347107e-06, 2.65822280e-04, 4.41153475e-07, 2.85166166e-08,
         1.15811825e-04],
        [9.85563165e-05, 2.27781202e-05, 4.39402676e-04, 2.17125958e-07,
         4.13138605e-06, 2.66179908e-04, 4.41292855e-07, 2.85011748e-08,
         1.15871429e-04],
        [9.85712177e-05, 2.30140049e-05, 4.39195835e-04, 2.17096968e-07,
         4.12940517e-06, 2.66373623e-04, 4.41388096e-07, 2.84932380e-08,
         1.15945935e-04],
        [9.86308223e-05, 2.31920130e-05, 4.39047435e-04, 2.17099043e-07,
         4.12878671e-06, 2.66448129e-04, 4.41579772e-07, 2.84862836e-08,
         1.15916133e-04],
        [9.86457235e-05, 2.33384835e-05, 4.38898656e-04, 2.17086821e-07,
         4.12750342e-06, 2.66582239e-04, 4.41573974e-07, 2.84834041e-08,
         1.15960836e-04],
        [9.86755258e-05, 2.34521758e-05, 4.38749790e-04, 2.17071502e-07,
         4.12736972e-06, 2.66656745e-04, 4.41583296e-07, 2.84817183e-08,
         1.15990639e-04],
        [9.86606246e-05, 2.35358475e-05, 4.38719988e-04, 2.17085585e-07,
         4.12650388e-06, 2.66686548e-04, 4.41679759e-07, 2.84801445e-08,
         1.16005540e-04],
        [9.86904270e-05, 2.36064025e-05, 4.38719988e-04, 2.17068603e-07,
         4.12697182e-06, 2.66731251e-04, 4.41651565e-07, 2.84804162e-08,
         1.16035342e-04],
        [9.87053281e-05, 2.36599117e-05, 4.38600779e-04, 2.17069427e-07,
         4.12642885e-06, 2.66775955e-04, 4.41652361e-07, 2.84805779e-08,
         1.15990639e-04],
        [9.87053281e-05, 2.37002660e-05, 4.38600779e-04, 2.17071715e-07,
         4.12642885e-06, 2.66761053e-04, 4.41688087e-07, 2.84813932e-08,
         1.15990639e-04],
        [9.87351305e-05, 2.37325112e-05, 4.38570976e-04, 2.17064880e-07,
         4.12632289e-06, 2.66731251e-04, 4.41708664e-07, 2.84832939e-08,
         1.15960836e-04],
        [9.86904270e-05, 2.37580716e-05, 4.38570976e-04, 2.17049148e-07,
         4.12659028e-06, 2.66701449e-04, 4.41733988e-07, 2.84863368e-08,
         1.15960836e-04],
        [9.86606246e-05, 2.37789664e-05, 4.38511372e-04, 2.17063644e-07,
         4.12604732e-06, 2.66746152e-04, 4.41702639e-07, 2.84860651e-08,
         1.16005540e-04],
        [9.86904270e-05, 2.37964487e-05, 4.38511372e-04, 2.17054534e-07,
         4.12631107e-06, 2.66761053e-04, 4.41684080e-07, 2.84877508e-08,
         1.16005540e-04],
        [9.86904270e-05, 2.38063967e-05, 4.38451767e-04, 2.17071715e-07,
         4.12620466e-06, 2.66716350e-04, 4.41730037e-07, 2.84873689e-08,
         1.15975738e-04],
        [9.87053281e-05, 2.38178218e-05, 4.38481569e-04, 2.17068191e-07,
         4.12610234e-06, 2.66746152e-04, 4.41713468e-07, 2.84892163e-08,
         1.15960836e-04],
        [9.87053281e-05, 2.38247831e-05, 4.38451767e-04, 2.17073989e-07,
         4.12582312e-06, 2.66701449e-04, 4.41737427e-07, 2.84907387e-08,
         1.15916133e-04],
        [9.86904270e-05, 2.38329576e-05, 4.38481569e-04, 2.17068816e-07,
         4.12595273e-06, 2.66731251e-04, 4.41710426e-07, 2.84923694e-08,
         1.15975738e-04],
        [9.86904270e-05, 2.38412231e-05, 4.38421965e-04, 2.17052246e-07,
         4.12586996e-06, 2.66731251e-04, 4.41671631e-07, 2.84957391e-08,
         1.15975738e-04],
        [9.87053281e-05, 2.38437606e-05, 4.38511372e-04, 2.17048736e-07,
         4.12668851e-06, 2.66701449e-04, 4.41729611e-07, 2.84978032e-08,
         1.15886331e-04],
        [9.86904270e-05, 2.38460943e-05, 4.38421965e-04, 2.17071502e-07,
         4.12578765e-06, 2.66686548e-04, 4.41744305e-07, 2.84972064e-08,
         1.15916133e-04],
        [9.86904270e-05, 2.38516059e-05, 4.38392162e-04, 2.17048111e-07,
         4.12661393e-06, 2.66686548e-04, 4.41733420e-07, 2.85009563e-08,
         1.15931034e-04]]], dtype=float32), array([[[8.66912480e-04, 1.56254871e-04, 2.21982040e-02, 1.46004695e-05,
         2.21602895e-04, 1.88866898e-03, 1.44828186e-06, 5.84494046e-06,
         1.77395344e-03],
        [1.32784349e-04, 1.03131515e-05, 2.06960924e-03, 4.27058836e-07,
         2.11768474e-05, 3.58300953e-04, 3.45851703e-08, 1.13675888e-07,
         5.00679016e-04],
        [9.38028534e-05, 7.39694087e-06, 1.30858691e-03, 2.70373818e-07,
         1.47035498e-05, 2.69906013e-04, 2.17098588e-08, 6.10460091e-08,
         4.33519483e-04],
        [8.86023481e-05, 7.19173204e-06, 1.20876741e-03, 2.53469807e-07,
         1.38020732e-05, 2.60637462e-04, 2.06494040e-08, 5.58472451e-08,
         4.24891710e-04],
        [8.80361040e-05, 7.27166389e-06, 1.19666359e-03, 2.50726885e-07,
         1.36129802e-05, 2.61278212e-04, 2.05954613e-08, 5.51767094e-08,
         4.23327088e-04],
        [8.81702144e-05, 7.39575762e-06, 1.19412702e-03, 2.50102858e-07,
         1.35416158e-05, 2.62708723e-04, 2.06415454e-08, 5.49977770e-08,
         4.23684716e-04],
        [8.84086330e-05, 7.52429514e-06, 1.19182130e-03, 2.49886369e-07,
         1.34953862e-05, 2.63826340e-04, 2.06887858e-08, 5.48755956e-08,
         4.24310565e-04],
        [8.86619528e-05, 7.65219465e-06, 1.18968845e-03, 2.49752702e-07,
         1.34647435e-05, 2.64929025e-04, 2.07243254e-08, 5.47584946e-08,
         4.25294042e-04],
        [8.88407667e-05, 7.77976675e-06, 1.18803838e-03, 2.49643165e-07,
         1.34426537e-05, 2.65942333e-04, 2.07580513e-08, 5.46619674e-08,
         4.26247716e-04],
        [8.90046795e-05, 7.89863134e-06, 1.18604710e-03, 2.49613890e-07,
         1.34179872e-05, 2.66314863e-04, 2.07746904e-08, 5.45833103e-08,
         4.26635146e-04],
        [8.91387899e-05, 8.02186878e-06, 1.18494965e-03, 2.49518223e-07,
         1.34072661e-05, 2.67208932e-04, 2.08037285e-08, 5.45189032e-08,
         4.27454710e-04],
        [8.93474062e-05, 8.13551287e-06, 1.18353206e-03, 2.49514869e-07,
         1.33907124e-05, 2.67417548e-04, 2.08106457e-08, 5.44617436e-08,
         4.27722931e-04],
        [8.93474062e-05, 8.25192637e-06, 1.18282158e-03, 2.49455411e-07,
         1.33836629e-05, 2.67924188e-04, 2.08295354e-08, 5.44268524e-08,
         4.28110361e-04],
        [8.94368131e-05, 8.36221989e-06, 1.18201878e-03, 2.49449442e-07,
         1.33731601e-05, 2.68103002e-04, 2.08368718e-08, 5.43959224e-08,
         4.28289175e-04],
        [8.95262201e-05, 8.47299907e-06, 1.18145323e-03, 2.49418520e-07,
         1.33669719e-05, 2.68296717e-04, 2.08436575e-08, 5.43740377e-08,
         4.28497791e-04],
        [8.95560224e-05, 8.58067233e-06, 1.18100643e-03, 2.49409482e-07,
         1.33612175e-05, 2.68460659e-04, 2.08452047e-08, 5.43461454e-08,
         4.28706408e-04],
        [8.95262201e-05, 8.68556981e-06, 1.18055940e-03, 2.49399022e-07,
         1.33569056e-05, 2.68535165e-04, 2.08549906e-08, 5.43444862e-08,
         4.28631902e-04],
        [8.96305282e-05, 8.79134313e-06, 1.18044019e-03, 2.49383334e-07,
         1.33545891e-05, 2.68684176e-04, 2.08542215e-08, 5.43217915e-08,
         4.28929925e-04],
        [8.95858248e-05, 8.89449075e-06, 1.18026137e-03, 2.49357868e-07,
         1.33520152e-05, 2.68743781e-04, 2.08595488e-08, 5.43245910e-08,
         4.28870320e-04],
        [8.96901329e-05, 8.99345650e-06, 1.17984414e-03, 2.49389757e-07,
         1.33466547e-05, 2.68594769e-04, 2.08500754e-08, 5.43045964e-08,
         4.28870320e-04],
        [8.96901329e-05, 9.09540267e-06, 1.17996335e-03, 2.49360966e-07,
         1.33478370e-05, 2.68758682e-04, 2.08529052e-08, 5.42980700e-08,
         4.29034233e-04],
        [8.96305282e-05, 9.19214563e-06, 1.17972493e-03, 2.49365030e-07,
         1.33447620e-05, 2.68728880e-04, 2.08566675e-08, 5.43044933e-08,
         4.28855419e-04],
        [8.96901329e-05, 9.28901682e-06, 1.17960572e-03, 2.49367872e-07,
         1.33440826e-05, 2.68699077e-04, 2.08525091e-08, 5.42912346e-08,
         4.28974628e-04],
        [8.97497375e-05, 9.38738322e-06, 1.17984414e-03, 2.49340275e-07,
         1.33474914e-05, 2.69026903e-04, 2.08544808e-08, 5.42723910e-08,
         4.29362059e-04],
        [8.97199352e-05, 9.48024172e-06, 1.17978454e-03, 2.49336949e-07,
         1.33454978e-05, 2.68937496e-04, 2.08555306e-08, 5.42819123e-08,
         4.29213047e-04],
        [8.97646387e-05, 9.57265183e-06, 1.17972493e-03, 2.49345760e-07,
         1.33449621e-05, 2.68982199e-04, 2.08527240e-08, 5.42678364e-08,
         4.29376960e-04],
        [8.97795398e-05, 9.66524749e-06, 1.17984414e-03, 2.49334107e-07,
         1.33476224e-05, 2.69116310e-04, 2.08557527e-08, 5.42623511e-08,
         4.29525971e-04],
        [8.97646387e-05, 9.75636340e-06, 1.17993355e-03, 2.49318418e-07,
         1.33491121e-05, 2.69310025e-04, 2.08582964e-08, 5.42530358e-08,
         4.29719687e-04],
        [8.97646387e-05, 9.84551298e-06, 1.18002295e-03, 2.49311512e-07,
         1.33508602e-05, 2.69369630e-04, 2.08593445e-08, 5.42551035e-08,
         4.29734588e-04],
        [8.98093422e-05, 9.92962941e-06, 1.17984414e-03, 2.49331976e-07,
         1.33475223e-05, 2.69205717e-04, 2.08564206e-08, 5.42513803e-08,
         4.29660082e-04],
        [8.98093422e-05, 1.00184379e-05, 1.18014216e-03, 2.49310318e-07,
         1.33522008e-05, 2.69459037e-04, 2.08583781e-08, 5.42440333e-08,
         4.29883599e-04],
        [8.97348364e-05, 1.00984107e-05, 1.17990375e-03, 2.49319129e-07,
         1.33480389e-05, 2.69339827e-04, 2.08625632e-08, 5.42536576e-08,
         4.29734588e-04]]], dtype=float32), array([[[5.9539461e-01, 4.7681969e-01, 2.8885782e-01, 4.0943420e-01,
         3.0774319e-01, 3.3100712e-01, 4.8951167e-01, 3.5423172e-01,
         6.4369601e-01],
        [8.5989290e-01, 7.9189670e-01, 7.6190746e-01, 1.0339459e-02,
         1.6315749e-03, 1.1966649e-03, 4.7454360e-04, 6.4649871e-03,
         8.5060388e-01],
        [9.4138938e-01, 9.1092056e-01, 8.9649743e-01, 6.5614101e-03,
         9.8381820e-04, 4.8175475e-04, 1.0774692e-03, 1.7266673e-03,
         9.2944866e-01],
        [9.7666389e-01, 9.6416605e-01, 9.5907408e-01, 4.7706501e-03,
         5.1117328e-04, 2.6141238e-04, 4.6880849e-04, 1.5121681e-03,
         9.6646184e-01],
        [9.9072105e-01, 9.8493576e-01, 9.8430377e-01, 4.5767701e-03,
         4.8001145e-04, 2.4639495e-04, 4.4723076e-04, 1.4196270e-03,
         9.8295361e-01],
        [9.9622446e-01, 9.9288625e-01, 9.9391949e-01, 4.5255562e-03,
         4.7104084e-04, 2.4185637e-04, 4.4292887e-04, 1.3736548e-03,
         9.9054664e-01],
        [9.9838233e-01, 9.9591130e-01, 9.9751478e-01, 4.5035454e-03,
         4.6438002e-04, 2.3927927e-04, 4.3381439e-04, 1.3650558e-03,
         9.9419022e-01],
        [9.9922580e-01, 9.9699724e-01, 9.9882984e-01, 4.5119175e-03,
         4.6943151e-04, 2.4181636e-04, 4.4454285e-04, 1.3332113e-03,
         9.9598289e-01],
        [9.9956971e-01, 9.9746251e-01, 9.9932975e-01, 4.5051598e-03,
         4.6218955e-04, 2.3893319e-04, 4.3139458e-04, 1.3409442e-03,
         9.9693722e-01],
        [9.9970192e-01, 9.9759078e-01, 9.9950093e-01, 4.5135729e-03,
         4.6661519e-04, 2.4111950e-04, 4.3957791e-04, 1.3188453e-03,
         9.9743116e-01],
        [9.9976224e-01, 9.9768400e-01, 9.9957544e-01, 4.5101005e-03,
         4.6081864e-04, 2.3874953e-04, 4.2884541e-04, 1.3255947e-03,
         9.9772495e-01],
        [9.9978036e-01, 9.9766576e-01, 9.9958891e-01, 4.5205136e-03,
         4.6683871e-04, 2.4162862e-04, 4.3939921e-04, 1.3025870e-03,
         9.9787432e-01],
        [9.9979395e-01, 9.9770349e-01, 9.9960464e-01, 4.5170891e-03,
         4.6180212e-04, 2.3966613e-04, 4.3003817e-04, 1.3082639e-03,
         9.9798197e-01],
        [9.9979496e-01, 9.9767923e-01, 9.9960047e-01, 4.5246636e-03,
         4.6587014e-04, 2.4165487e-04, 4.3698464e-04, 1.2919020e-03,
         9.9803245e-01],
        [9.9980015e-01, 9.9770677e-01, 9.9960780e-01, 4.5213150e-03,
         4.6145939e-04, 2.3984382e-04, 4.2880117e-04, 1.2969829e-03,
         9.9808019e-01],
        [9.9979818e-01, 9.9768084e-01, 9.9960136e-01, 4.5282608e-03,
         4.6542310e-04, 2.4174170e-04, 4.3533029e-04, 1.2826625e-03,
         9.9809581e-01],
        [9.9980235e-01, 9.9771023e-01, 9.9960870e-01, 4.5229434e-03,
         4.6098250e-04, 2.3970418e-04, 4.2659524e-04, 1.2898743e-03,
         9.9812341e-01],
        [9.9979925e-01, 9.9768245e-01, 9.9960124e-01, 4.5302329e-03,
         4.6506547e-04, 2.4175334e-04, 4.3364608e-04, 1.2753754e-03,
         9.9812526e-01],
        [9.9980205e-01, 9.9770224e-01, 9.9960607e-01, 4.5270505e-03,
         4.6186167e-04, 2.4039464e-04, 4.2734083e-04, 1.2796666e-03,
         9.9814039e-01],
        [9.9980015e-01, 9.9768394e-01, 9.9960113e-01, 4.5321002e-03,
         4.6446943e-04, 2.4170542e-04, 4.3188731e-04, 1.2693546e-03,
         9.9813998e-01],
        [9.9980307e-01, 9.9770612e-01, 9.9960637e-01, 4.5291404e-03,
         4.6092289e-04, 2.4013621e-04, 4.2506025e-04, 1.2749870e-03,
         9.9815279e-01],
        [9.9980104e-01, 9.9768722e-01, 9.9960154e-01, 4.5338320e-03,
         4.6363496e-04, 2.4146207e-04, 4.2972594e-04, 1.2652563e-03,
         9.9814945e-01],
        [9.9980366e-01, 9.9770677e-01, 9.9960649e-01, 4.5303209e-03,
         4.6083349e-04, 2.4011893e-04, 4.2397217e-04, 1.2702034e-03,
         9.9815989e-01],
        [9.9980140e-01, 9.9768722e-01, 9.9960124e-01, 4.5357891e-03,
         4.6372431e-04, 2.4152051e-04, 4.2886150e-04, 1.2603982e-03,
         9.9815470e-01],
        [9.9980414e-01, 9.9770725e-01, 9.9960625e-01, 4.5312354e-03,
         4.6052056e-04, 2.4008685e-04, 4.2280956e-04, 1.2661051e-03,
         9.9816394e-01],
        [9.9980164e-01, 9.9768430e-01, 9.9960041e-01, 4.5380001e-03,
         4.6396273e-04, 2.4168497e-04, 4.2868275e-04, 1.2556147e-03,
         9.9815708e-01],
        [9.9980456e-01, 9.9770713e-01, 9.9960625e-01, 4.5339502e-03,
         4.6050566e-04, 2.4010085e-04, 4.2179602e-04, 1.2627819e-03,
         9.9816644e-01],
        [9.9980247e-01, 9.9768883e-01, 9.9960113e-01, 4.5406558e-03,
         4.6293455e-04, 2.4133758e-04, 4.2661070e-04, 1.2537816e-03,
         9.9816179e-01],
        [9.9980628e-01, 9.9771726e-01, 9.9960911e-01, 4.5350962e-03,
         4.5882183e-04, 2.3943529e-04, 4.1844207e-04, 1.2639142e-03,
         9.9817294e-01],
        [9.9980265e-01, 9.9768686e-01, 9.9960041e-01, 4.5426292e-03,
         4.6317297e-04, 2.4144245e-04, 4.2658090e-04, 1.2498921e-03,
         9.9816334e-01],
        [9.9980628e-01, 9.9771428e-01, 9.9960768e-01, 4.5385314e-03,
         4.5900064e-04, 2.3948167e-04, 4.1860607e-04, 1.2594883e-03,
         9.9817407e-01],
        [9.9980390e-01, 9.9769461e-01, 9.9960232e-01, 4.5437762e-03,
         4.6177226e-04, 2.4091375e-04, 4.2380832e-04, 1.2505327e-03,
         9.9816835e-01]]], dtype=float32), array([[[5.1078570e-01, 8.2021340e-04, 7.3034543e-01, 6.1964110e-04,
         5.1302178e-04, 4.4291345e-03, 5.8047822e-06, 6.6407316e-04,
         1.3026680e-01],
        [4.8854345e-01, 6.4809457e-05, 8.8054425e-01, 1.7398042e-05,
         1.9608042e-05, 1.6354403e-04, 7.1590847e-08, 2.8687378e-05,
         2.0585530e-02],
        [4.7111413e-01, 4.6246903e-05, 9.5244324e-01, 7.9279698e-06,
         9.3344470e-06, 7.0706243e-05, 3.6329585e-08, 1.3879502e-05,
         8.9555103e-03],
        [4.5962355e-01, 4.3216067e-05, 9.8193896e-01, 6.1510113e-06,
         7.3034935e-06, 5.7226156e-05, 3.3444856e-08, 1.1086474e-05,
         6.2262877e-03],
        [4.5346090e-01, 4.1403437e-05, 9.9325627e-01, 5.6103522e-06,
         7.0326992e-06, 5.3165815e-05, 3.3484856e-08, 1.0227856e-05,
         5.5084676e-03],
        [4.5111281e-01, 4.0151415e-05, 9.9748635e-01, 5.3817334e-06,
         6.9992930e-06, 5.1724011e-05, 3.2869874e-08, 9.9422141e-06,
         5.2931607e-03],
        [4.4942904e-01, 3.9390561e-05, 9.9905181e-01, 5.2767250e-06,
         7.0211631e-06, 5.0702685e-05, 3.2421045e-08, 9.8254541e-06,
         5.1576346e-03],
        [4.4838154e-01, 3.9069571e-05, 9.9962896e-01, 5.2465725e-06,
         7.0464330e-06, 4.9925417e-05, 3.2132419e-08, 9.7876318e-06,
         5.0517917e-03],
        [4.4794381e-01, 3.8655049e-05, 9.9984157e-01, 5.1620113e-06,
         7.0464857e-06, 4.9787199e-05, 3.1686000e-08, 9.7517413e-06,
         5.0036013e-03],
        [4.4751951e-01, 3.8507438e-05, 9.9991983e-01, 5.1319271e-06,
         7.0634983e-06, 4.9467497e-05, 3.1416100e-08, 9.7283701e-06,
         4.9474239e-03],
        [4.4703069e-01, 3.8428439e-05, 9.9994862e-01, 5.0997319e-06,
         7.0774627e-06, 4.9296028e-05, 3.1252764e-08, 9.7050915e-06,
         4.8998594e-03],
        [4.4652236e-01, 3.8452868e-05, 9.9995899e-01, 5.0981662e-06,
         7.1004906e-06, 4.8973077e-05, 3.1191821e-08, 9.6875392e-06,
         4.8471242e-03],
        [4.4624397e-01, 3.8387003e-05, 9.9996281e-01, 5.0709000e-06,
         7.1025952e-06, 4.8945669e-05, 3.1087545e-08, 9.6765980e-06,
         4.8192590e-03],
        [4.4570377e-01, 3.8419450e-05, 9.9996400e-01, 5.0588151e-06,
         7.1212007e-06, 4.8821850e-05, 3.1131485e-08, 9.6567674e-06,
         4.7826469e-03],
        [4.4568059e-01, 3.8454356e-05, 9.9996459e-01, 5.0470667e-06,
         7.1213490e-06, 4.8812632e-05, 3.1009161e-08, 9.6425865e-06,
         4.7615170e-03],
        [4.4520763e-01, 3.8494411e-05, 9.9996465e-01, 5.0392177e-06,
         7.1326936e-06, 4.8741225e-05, 3.1057599e-08, 9.6257163e-06,
         4.7325939e-03],
        [4.4462100e-01, 3.8576560e-05, 9.9996448e-01, 5.0424192e-06,
         7.1526479e-06, 4.8594608e-05, 3.1182235e-08, 9.6050935e-06,
         4.6998411e-03],
        [4.4496712e-01, 3.8629303e-05, 9.9996448e-01, 5.0213621e-06,
         7.1328495e-06, 4.8783404e-05, 3.1006973e-08, 9.5929008e-06,
         4.6992600e-03],
        [4.4469109e-01, 3.8797407e-05, 9.9996448e-01, 5.0323310e-06,
         7.1430345e-06, 4.8709629e-05, 3.1044042e-08, 9.5716350e-06,
         4.6726465e-03],
        [4.4458452e-01, 3.8884325e-05, 9.9996448e-01, 5.0315052e-06,
         7.1432660e-06, 4.8708655e-05, 3.1031604e-08, 9.5549267e-06,
         4.6578497e-03],
        [4.4462663e-01, 3.8909027e-05, 9.9996424e-01, 5.0182457e-06,
         7.1332156e-06, 4.8861162e-05, 3.0981322e-08, 9.5446821e-06,
         4.6553761e-03],
        [4.4405100e-01, 3.8999886e-05, 9.9996412e-01, 5.0194471e-06,
         7.1473064e-06, 4.8804577e-05, 3.1119225e-08, 9.5241503e-06,
         4.6318620e-03],
        [4.4386244e-01, 3.9186092e-05, 9.9996412e-01, 5.0324793e-06,
         7.1593413e-06, 4.8776055e-05, 3.1165275e-08, 9.4993229e-06,
         4.6103895e-03],
        [4.4383523e-01, 3.9201823e-05, 9.9996388e-01, 5.0253384e-06,
         7.1494323e-06, 4.8885959e-05, 3.1129769e-08, 9.4906391e-06,
         4.6067238e-03],
        [4.4334996e-01, 3.9372200e-05, 9.9996388e-01, 5.0399335e-06,
         7.1625300e-06, 4.8753129e-05, 3.1265280e-08, 9.4672796e-06,
         4.5790970e-03],
        [4.4325611e-01, 3.9451748e-05, 9.9996376e-01, 5.0425729e-06,
         7.1622094e-06, 4.8788523e-05, 3.1281395e-08, 9.4493298e-06,
         4.5692623e-03],
        [4.4301069e-01, 3.9602077e-05, 9.9996364e-01, 5.0493823e-06,
         7.1667059e-06, 4.8790851e-05, 3.1326316e-08, 9.4270436e-06,
         4.5507550e-03],
        [4.4300792e-01, 3.9628158e-05, 9.9996352e-01, 5.0428280e-06,
         7.1595441e-06, 4.8920330e-05, 3.1298974e-08, 9.4145380e-06,
         4.5493245e-03],
        [4.4263095e-01, 3.9808623e-05, 9.9996340e-01, 5.0596691e-06,
         7.1697409e-06, 4.8805698e-05, 3.1402156e-08, 9.3904164e-06,
         4.5256764e-03],
        [4.4257271e-01, 3.9843864e-05, 9.9996328e-01, 5.0569338e-06,
         7.1638201e-06, 4.8901114e-05, 3.1392208e-08, 9.3761255e-06,
         4.5205802e-03],
        [4.4218668e-01, 4.0005267e-05, 9.9996316e-01, 5.0719691e-06,
         7.1728941e-06, 4.8783313e-05, 3.1485712e-08, 9.3519157e-06,
         4.4966638e-03],
        [4.4228283e-01, 3.9913477e-05, 9.9996299e-01, 5.0422941e-06,
         7.1540080e-06, 4.9075232e-05, 3.1439480e-08, 9.3439467e-06,
         4.5100003e-03]]], dtype=float32), array([[[7.2970754e-01, 3.4750670e-03, 7.2127527e-01, 8.9535480e-03,
         2.9572032e-03, 1.4432158e-02, 5.3584310e-05, 1.5960833e-02,
         7.2189945e-01],
        [7.3032951e-01, 8.9724788e-05, 8.7871456e-01, 5.2705043e-05,
         8.2985980e-06, 6.6936394e-05, 2.7550056e-08, 1.4059924e-04,
         8.7638754e-01],
        [7.3049122e-01, 5.5947563e-05, 9.5164585e-01, 2.5897039e-05,
         3.6695153e-06, 3.5051478e-05, 1.0887074e-08, 7.9398895e-05,
         9.5021576e-01],
        [7.3050952e-01, 5.3000611e-05, 9.8161948e-01, 2.3305476e-05,
         3.2371745e-06, 3.1046144e-05, 9.6653023e-09, 7.3793148e-05,
         9.8087293e-01],
        [7.3051453e-01, 5.3149208e-05, 9.9313301e-01, 2.2843464e-05,
         3.1785366e-06, 3.0270665e-05, 9.4217567e-09, 7.2511422e-05,
         9.9275923e-01],
        [7.3051703e-01, 5.3877608e-05, 9.9744040e-01, 2.2766018e-05,
         3.1672650e-06, 3.0006595e-05, 9.3158352e-09, 7.2064395e-05,
         9.9724507e-01],
        [7.3051941e-01, 5.4803757e-05, 9.9903584e-01, 2.2821710e-05,
         3.1605305e-06, 2.9869769e-05, 9.2625960e-09, 7.1960123e-05,
         9.9892139e-01],
        [7.3052198e-01, 5.5850924e-05, 9.9962449e-01, 2.2958648e-05,
         3.1446259e-06, 2.9733974e-05, 9.2350261e-09, 7.1840972e-05,
         9.9954695e-01],
        [7.3052484e-01, 5.6942376e-05, 9.9984115e-01, 2.3169496e-05,
         3.1222792e-06, 2.9591456e-05, 9.2365422e-09, 7.1811250e-05,
         9.9978143e-01],
        [7.3052835e-01, 5.8100923e-05, 9.9992049e-01, 2.3452807e-05,
         3.1035584e-06, 2.9501485e-05, 9.2806696e-09, 7.1885850e-05,
         9.9987066e-01],
        [7.3053110e-01, 5.9232250e-05, 9.9994940e-01, 2.3698800e-05,
         3.0734418e-06, 2.9331148e-05, 9.2959631e-09, 7.1885937e-05,
         9.9990571e-01],
        [7.3053432e-01, 6.0390852e-05, 9.9995971e-01, 2.3956693e-05,
         3.0531762e-06, 2.9232770e-05, 9.3363814e-09, 7.1945622e-05,
         9.9992037e-01],
        [7.3053640e-01, 6.1475621e-05, 9.9996322e-01, 2.4154191e-05,
         3.0337992e-06, 2.9137469e-05, 9.3618544e-09, 7.1960589e-05,
         9.9992681e-01],
        [7.3053837e-01, 6.2503590e-05, 9.9996436e-01, 2.4319155e-05,
         3.0241135e-06, 2.9092769e-05, 9.3911536e-09, 7.2064948e-05,
         9.9992985e-01],
        [7.3053956e-01, 6.3465595e-05, 9.9996471e-01, 2.4445977e-05,
         3.0210724e-06, 2.9100345e-05, 9.4239363e-09, 7.2109688e-05,
         9.9993134e-01],
        [7.3054075e-01, 6.4369458e-05, 9.9996471e-01, 2.4563315e-05,
         3.0263293e-06, 2.9161745e-05, 9.4674171e-09, 7.2258721e-05,
         9.9993223e-01],
        [7.3054123e-01, 6.5292625e-05, 9.9996471e-01, 2.4573295e-05,
         3.0099486e-06, 2.9061992e-05, 9.4359498e-09, 7.2124596e-05,
         9.9993265e-01],
        [7.3054212e-01, 6.6147622e-05, 9.9996471e-01, 2.4636956e-05,
         3.0104825e-06, 2.9086308e-05, 9.4550252e-09, 7.2199109e-05,
         9.9993294e-01],
        [7.3054266e-01, 6.6988432e-05, 9.9996459e-01, 2.4678249e-05,
         3.0091135e-06, 2.9092551e-05, 9.4637542e-09, 7.2214018e-05,
         9.9993324e-01],
        [7.3054349e-01, 6.7791931e-05, 9.9996448e-01, 2.4736592e-05,
         3.0114991e-06, 2.9131086e-05, 9.4847152e-09, 7.2273615e-05,
         9.9993336e-01],
        [7.3054391e-01, 6.8572423e-05, 9.9996448e-01, 2.4764939e-05,
         3.0080719e-06, 2.9123974e-05, 9.4854533e-09, 7.2273615e-05,
         9.9993348e-01],
        [7.3054463e-01, 6.9324080e-05, 9.9996442e-01, 2.4828956e-05,
         3.0137919e-06, 2.9186229e-05, 9.5161337e-09, 7.2377923e-05,
         9.9993360e-01],
        [7.3054469e-01, 7.0056165e-05, 9.9996442e-01, 2.4835988e-05,
         3.0054941e-06, 2.9141367e-05, 9.5011154e-09, 7.2333212e-05,
         9.9993384e-01],
        [7.3054540e-01, 7.0761969e-05, 9.9996436e-01, 2.4880937e-05,
         3.0059068e-06, 2.9160605e-05, 9.5141353e-09, 7.2318304e-05,
         9.9993390e-01],
        [7.3054558e-01, 7.1436712e-05, 9.9996436e-01, 2.4916317e-05,
         3.0055025e-06, 2.9173347e-05, 9.5244479e-09, 7.2377909e-05,
         9.9993408e-01],
        [7.3054659e-01, 7.2135139e-05, 9.9996424e-01, 2.4975508e-05,
         3.0106319e-06, 2.9226925e-05, 9.5527923e-09, 7.2467308e-05,
         9.9993426e-01],
        [7.3054665e-01, 7.2760158e-05, 9.9996430e-01, 2.4995164e-05,
         3.0064773e-06, 2.9210485e-05, 9.5499679e-09, 7.2467308e-05,
         9.9993443e-01],
        [7.3054737e-01, 7.3395939e-05, 9.9996424e-01, 2.5045776e-05,
         3.0091821e-06, 2.9251714e-05, 9.5717239e-09, 7.2526906e-05,
         9.9993449e-01],
        [7.3054743e-01, 7.4003008e-05, 9.9996424e-01, 2.5057028e-05,
         3.0033423e-06, 2.9221017e-05, 9.5622710e-09, 7.2526898e-05,
         9.9993455e-01],
        [7.3054844e-01, 7.4609983e-05, 9.9996412e-01, 2.5125970e-05,
         3.0103017e-06, 2.9290128e-05, 9.5982120e-09, 7.2601411e-05,
         9.9993479e-01],
        [7.3054832e-01, 7.5190597e-05, 9.9996418e-01, 2.5132631e-05,
         3.0034166e-06, 2.9251158e-05, 9.5846184e-09, 7.2571595e-05,
         9.9993485e-01],
        [7.3054975e-01, 7.5762124e-05, 9.9996412e-01, 2.5213318e-05,
         3.0125705e-06, 2.9345991e-05, 9.6290531e-09, 7.2690818e-05,
         9.9993503e-01]]], dtype=float32), array([[[7.3089987e-01, 2.3385154e-03, 7.3070019e-01, 1.3702521e-03,
         5.4672535e-05, 4.2671111e-04, 3.5412955e-07, 1.1454168e-02,
         7.3011690e-01],
        [7.2671115e-01, 9.5131638e-04, 8.8048261e-01, 5.7437934e-05,
         1.5418482e-06, 8.7186136e-06, 1.0889106e-08, 1.2460848e-03,
         8.7566388e-01],
        [7.2632188e-01, 8.4762991e-04, 9.5231652e-01, 2.9083667e-05,
         7.2751982e-07, 4.3892901e-06, 4.2237636e-09, 7.1262178e-04,
         9.4804966e-01],
        [7.2527349e-01, 9.5899962e-04, 9.8183465e-01, 2.5852576e-05,
         6.5480691e-07, 3.7888269e-06, 3.9029464e-09, 6.5040955e-04,
         9.7914290e-01],
        [7.2500110e-01, 1.0383734e-03, 9.9318844e-01, 2.5277965e-05,
         6.4627091e-07, 3.6714564e-06, 3.8730437e-09, 6.3744164e-04,
         9.9172527e-01],
        [7.2486824e-01, 1.1009490e-03, 9.9744600e-01, 2.5209594e-05,
         6.4826349e-07, 3.6348017e-06, 3.9196730e-09, 6.3727744e-04,
         9.9668849e-01],
        [7.2488582e-01, 1.1356826e-03, 9.9902838e-01, 2.5220270e-05,
         6.5126642e-07, 3.6246040e-06, 3.9315813e-09, 6.3682994e-04,
         9.9862641e-01],
        [7.2479427e-01, 1.1706313e-03, 9.9961454e-01, 2.5304109e-05,
         6.5456152e-07, 3.6146034e-06, 3.9897810e-09, 6.4039190e-04,
         9.9937963e-01],
        [7.2474718e-01, 1.1929957e-03, 9.9983180e-01, 2.5370584e-05,
         6.5740676e-07, 3.6102317e-06, 4.0282715e-09, 6.4302940e-04,
         9.9967229e-01],
        [7.2481251e-01, 1.1987612e-03, 9.9991238e-01, 2.5402953e-05,
         6.5873911e-07, 3.6127080e-06, 4.0168380e-09, 6.4225408e-04,
         9.9978614e-01],
        [7.2477657e-01, 1.2104940e-03, 9.9994218e-01, 2.5449510e-05,
         6.6034050e-07, 3.6083966e-06, 4.0439239e-09, 6.4434041e-04,
         9.9983031e-01],
        [7.2472256e-01, 1.2213886e-03, 9.9995315e-01, 2.5536840e-05,
         6.6235373e-07, 3.6096219e-06, 4.0768491e-09, 6.4626307e-04,
         9.9984729e-01],
        [7.2484154e-01, 1.2146881e-03, 9.9995756e-01, 2.5517778e-05,
         6.6192433e-07, 3.6140968e-06, 4.0355981e-09, 6.4393750e-04,
         9.9985451e-01],
        [7.2478998e-01, 1.2224962e-03, 9.9995899e-01, 2.5558913e-05,
         6.6263993e-07, 3.6099627e-06, 4.0618038e-09, 6.4583024e-04,
         9.9985707e-01],
        [7.2483617e-01, 1.2201997e-03, 9.9995965e-01, 2.5572957e-05,
         6.6292944e-07, 3.6120289e-06, 4.0474606e-09, 6.4481678e-04,
         9.9985802e-01],
        [7.2478992e-01, 1.2270103e-03, 9.9995983e-01, 2.5583080e-05,
         6.6270252e-07, 3.6058682e-06, 4.0668264e-09, 6.4653071e-04,
         9.9985850e-01],
        [7.2483623e-01, 1.2237636e-03, 9.9996001e-01, 2.5594672e-05,
         6.6303249e-07, 3.6077633e-06, 4.0520178e-09, 6.4551720e-04,
         9.9985874e-01],
        [7.2463751e-01, 1.2439757e-03, 9.9995947e-01, 2.5694088e-05,
         6.6499490e-07, 3.5991789e-06, 4.1355230e-09, 6.5083848e-04,
         9.9985802e-01],
        [7.2484559e-01, 1.2247321e-03, 9.9996001e-01, 2.5617333e-05,
         6.6306791e-07, 3.6058889e-06, 4.0513837e-09, 6.4574089e-04,
         9.9985868e-01],
        [7.2476405e-01, 1.2339298e-03, 9.9995983e-01, 2.5659536e-05,
         6.6368472e-07, 3.5998310e-06, 4.0857544e-09, 6.4803631e-04,
         9.9985832e-01],
        [7.2482300e-01, 1.2292139e-03, 9.9995989e-01, 2.5632045e-05,
         6.6284281e-07, 3.5983105e-06, 4.0620494e-09, 6.4679928e-04,
         9.9985850e-01],
        [7.2471189e-01, 1.2408998e-03, 9.9995971e-01, 2.5683161e-05,
         6.6353914e-07, 3.5916594e-06, 4.1072408e-09, 6.4988475e-04,
         9.9985814e-01],
        [7.2477961e-01, 1.2353795e-03, 9.9995983e-01, 2.5664700e-05,
         6.6301982e-07, 3.5921869e-06, 4.0805386e-09, 6.4823037e-04,
         9.9985826e-01],
        [7.2475678e-01, 1.2387023e-03, 9.9995971e-01, 2.5662373e-05,
         6.6256598e-07, 3.5867542e-06, 4.0890420e-09, 6.4918428e-04,
         9.9985820e-01],
        [7.2481418e-01, 1.2337355e-03, 9.9995995e-01, 2.5649284e-05,
         6.6215983e-07, 3.5861626e-06, 4.0674974e-09, 6.4784306e-04,
         9.9985820e-01],
        [7.2485548e-01, 1.2305832e-03, 9.9996006e-01, 2.5606318e-05,
         6.6095794e-07, 3.5811490e-06, 4.0487165e-09, 6.4717233e-04,
         9.9985838e-01],
        [7.2477555e-01, 1.2391707e-03, 9.9995983e-01, 2.5623247e-05,
         6.6134004e-07, 3.5723315e-06, 4.0810124e-09, 6.4952747e-04,
         9.9985802e-01],
        [7.2472566e-01, 1.2445082e-03, 9.9995971e-01, 2.5646081e-05,
         6.6151415e-07, 3.5679388e-06, 4.0998223e-09, 6.5074977e-04,
         9.9985778e-01],
        [7.2474438e-01, 1.2437057e-03, 9.9995983e-01, 2.5656673e-05,
         6.6131668e-07, 3.5678811e-06, 4.0927266e-09, 6.5034756e-04,
         9.9985772e-01],
        [7.2469234e-01, 1.2489227e-03, 9.9995965e-01, 2.5679095e-05,
         6.6168070e-07, 3.5632395e-06, 4.1139039e-09, 6.5180834e-04,
         9.9985754e-01],
        [7.2481614e-01, 1.2383736e-03, 9.9996001e-01, 2.5622465e-05,
         6.6010750e-07, 3.5642663e-06, 4.0636516e-09, 6.4902107e-04,
         9.9985796e-01],
        [7.2469038e-01, 1.2505336e-03, 9.9995971e-01, 2.5689335e-05,
         6.6126688e-07, 3.5574130e-06, 4.1147210e-09, 6.5210671e-04,
         9.9985731e-01]]], dtype=float32), array([[[7.27765381e-01, 7.28260934e-01, 7.30921388e-01, 1.10290549e-03,
         8.37297121e-05, 2.64452159e-04, 2.55773193e-06, 2.87745032e-03,
         4.22298074e-01],
        [7.65267015e-03, 8.80675077e-01, 8.80686998e-01, 8.55099825e-06,
         3.18348066e-06, 4.25145845e-06, 5.87319668e-08, 5.67586685e-05,
         1.65560876e-03],
        [1.96158816e-03, 9.52485323e-01, 9.52463329e-01, 2.24533642e-06,
         1.92352059e-06, 2.60758338e-06, 2.04676116e-08, 1.42421995e-05,
         2.75343657e-04],
        [1.21841708e-03, 9.81931388e-01, 9.81897116e-01, 1.59497824e-06,
         1.75173295e-06, 2.30266869e-06, 1.56833231e-08, 9.00532359e-06,
         1.43289566e-04],
        [1.02380523e-03, 9.93221521e-01, 9.93187845e-01, 1.46307184e-06,
         1.73654553e-06, 2.18118112e-06, 1.46712740e-08, 7.32900526e-06,
         9.97930765e-05],
        [9.64378763e-04, 9.97439444e-01, 9.97405827e-01, 1.43151112e-06,
         1.73820570e-06, 2.11763063e-06, 1.44110359e-08, 6.70441659e-06,
         8.65310431e-05],
        [9.44770291e-04, 9.99000371e-01, 9.98965621e-01, 1.42155136e-06,
         1.74583283e-06, 2.09006953e-06, 1.43998191e-08, 6.45233058e-06,
         8.22991133e-05],
        [9.39656456e-04, 9.99575675e-01, 9.99539793e-01, 1.41402688e-06,
         1.75175512e-06, 2.07485891e-06, 1.44430095e-08, 6.32116462e-06,
         8.10176134e-05],
        [9.31633171e-04, 9.99786973e-01, 9.99751091e-01, 1.41276109e-06,
         1.75910463e-06, 2.07411904e-06, 1.44976493e-08, 6.24945369e-06,
         7.94976950e-05],
        [9.28258465e-04, 9.99864697e-01, 9.99828339e-01, 1.41037162e-06,
         1.76306150e-06, 2.07271501e-06, 1.45353205e-08, 6.20221681e-06,
         7.87377357e-05],
        [9.20813298e-04, 9.99892831e-01, 9.99856830e-01, 1.40989562e-06,
         1.76740991e-06, 2.07925837e-06, 1.45856651e-08, 6.17220212e-06,
         7.74264336e-05],
        [9.19657119e-04, 9.99903262e-01, 9.99867022e-01, 1.41050486e-06,
         1.76981678e-06, 2.08043843e-06, 1.46104489e-08, 6.15989529e-06,
         7.69942999e-05],
        [9.16543358e-04, 9.99906957e-01, 9.99870658e-01, 1.41005967e-06,
         1.77408037e-06, 2.08186566e-06, 1.46676067e-08, 6.14199234e-06,
         7.65472651e-05],
        [9.15768673e-04, 9.99908268e-01, 9.99871969e-01, 1.40995883e-06,
         1.77558161e-06, 2.08472648e-06, 1.46941499e-08, 6.13499151e-06,
         7.62343407e-05],
        [9.19544371e-04, 9.99908864e-01, 9.99872208e-01, 1.40958514e-06,
         1.77521929e-06, 2.08282472e-06, 1.46904675e-08, 6.13641896e-06,
         7.66515732e-05],
        [9.19998507e-04, 9.99909282e-01, 9.99872506e-01, 1.41104840e-06,
         1.77613720e-06, 2.08249298e-06, 1.46944341e-08, 6.14206965e-06,
         7.66217709e-05],
        [9.16896446e-04, 9.99908984e-01, 9.99872446e-01, 1.41203645e-06,
         1.77905292e-06, 2.08800566e-06, 1.47410191e-08, 6.13754355e-06,
         7.60555267e-05],
        [9.24069493e-04, 9.99909163e-01, 9.99872208e-01, 1.41041210e-06,
         1.77573406e-06, 2.08238384e-06, 1.47136401e-08, 6.14378632e-06,
         7.68601894e-05],
        [9.19678016e-04, 9.99908924e-01, 9.99872208e-01, 1.41155715e-06,
         1.77952643e-06, 2.08892970e-06, 1.47630725e-08, 6.13843940e-06,
         7.61896372e-05],
        [9.19736573e-04, 9.99908924e-01, 9.99872088e-01, 1.41081296e-06,
         1.78089647e-06, 2.08946767e-06, 1.47920245e-08, 6.13417933e-06,
         7.61598349e-05],
        [9.23587242e-04, 9.99908924e-01, 9.99871969e-01, 1.41070802e-06,
         1.77948402e-06, 2.08796973e-06, 1.47782444e-08, 6.14321880e-06,
         7.65621662e-05],
        [9.18969978e-04, 9.99908805e-01, 9.99872088e-01, 1.41198120e-06,
         1.78251241e-06, 2.09582799e-06, 1.48140247e-08, 6.14041846e-06,
         7.57724047e-05],
        [9.14415519e-04, 9.99908566e-01, 9.99871969e-01, 1.41201087e-06,
         1.78615585e-06, 2.10396047e-06, 1.48700705e-08, 6.13419115e-06,
         7.50273466e-05],
        [9.13210155e-04, 9.99908507e-01, 9.99871969e-01, 1.41240548e-06,
         1.78853202e-06, 2.10588973e-06, 1.49043373e-08, 6.13238444e-06,
         7.48187304e-05],
        [9.16606747e-04, 9.99908686e-01, 9.99871790e-01, 1.41294174e-06,
         1.78692596e-06, 2.10572307e-06, 1.48812420e-08, 6.14537566e-06,
         7.51167536e-05],
        [9.18083475e-04, 9.99908566e-01, 9.99871612e-01, 1.40977590e-06,
         1.78749190e-06, 2.10488588e-06, 1.49013406e-08, 6.13523343e-06,
         7.53253698e-05],
        [9.15672106e-04, 9.99908507e-01, 9.99871612e-01, 1.41140106e-06,
         1.79029826e-06, 2.10927237e-06, 1.49223247e-08, 6.14092278e-06,
         7.49826431e-05],
        [9.20307240e-04, 9.99908566e-01, 9.99871612e-01, 1.41006649e-06,
         1.78841094e-06, 2.10679354e-06, 1.49031649e-08, 6.14522287e-06,
         7.54892826e-05],
        [9.20226914e-04, 9.99908566e-01, 9.99871492e-01, 1.41069722e-06,
         1.79065000e-06, 2.10747294e-06, 1.49297179e-08, 6.14477767e-06,
         7.54743814e-05],
        [9.23255575e-04, 9.99908686e-01, 9.99871433e-01, 1.40943723e-06,
         1.78874859e-06, 2.10784879e-06, 1.49031294e-08, 6.15230692e-06,
         7.57426023e-05],
        [9.23243409e-04, 9.99908388e-01, 9.99871135e-01, 1.40692464e-06,
         1.79002848e-06, 2.10976123e-06, 1.49345105e-08, 6.14298551e-06,
         7.56978989e-05],
        [9.28211492e-04, 9.99908328e-01, 9.99871075e-01, 1.40419274e-06,
         1.78763844e-06, 2.10831513e-06, 1.48855896e-08, 6.15118643e-06,
         7.63088465e-05]]], dtype=float32)]