tf.Tensor(
[[[7.2724915e-01 7.2802335e-01 7.3090357e-01 1.1298953e-03 9.2357521e-05
   2.8226688e-04 3.0889305e-06 3.1243381e-03 4.1914290e-01]
  [6.6707497e-03 8.8066626e-01 8.8068640e-01 8.0826076e-06 3.2245198e-06
   4.1528237e-06 5.8498351e-08 5.2977277e-05 1.4776740e-03]
  [1.8349257e-03 9.5247948e-01 9.5246273e-01 2.1881544e-06 1.9402810e-06
   2.6157554e-06 2.0252743e-08 1.3528600e-05 2.5446713e-04]
  [1.1575938e-03 9.8192722e-01 9.8189718e-01 1.5890919e-06 1.7786759e-06
   2.3077646e-06 1.5660715e-08 8.6581713e-06 1.3053417e-04]
  [1.0314694e-03 9.9322039e-01 9.9318737e-01 1.4630357e-06 1.7405163e-06
   2.1634169e-06 1.4533897e-08 7.2217363e-06 9.9718571e-05]
  [9.6581149e-04 9.9743873e-01 9.9740565e-01 1.4352470e-06 1.7421057e-06
   2.1245510e-06 1.4396968e-08 6.6559996e-06 8.5577369e-05]
  [9.6957746e-04 9.9900085e-01 9.9896508e-01 1.4232781e-06 1.7375196e-06
   2.0863674e-06 1.4298070e-08 6.4621154e-06 8.4623694e-05]
  [9.6048566e-04 9.9957645e-01 9.9953979e-01 1.4204265e-06 1.7421156e-06
   2.0774071e-06 1.4316685e-08 6.3639577e-06 8.2835555e-05]
  [9.4608602e-04 9.9978745e-01 9.9975109e-01 1.4172238e-06 1.7507197e-06
   2.0840089e-06 1.4407374e-08 6.2787235e-06 8.0332160e-05]
  [9.4889768e-04 9.9986529e-01 9.9982822e-01 1.4137099e-06 1.7543615e-06
   2.0778568e-06 1.4417347e-08 6.2341787e-06 8.0496073e-05]
  [9.3772728e-04 9.9989361e-01 9.9985671e-01 1.4146486e-06 1.7600863e-06
   2.0840923e-06 1.4486186e-08 6.2017011e-06 7.8752637e-05]
  [9.3321590e-04 9.9990380e-01 9.9986690e-01 1.4141563e-06 1.7655165e-06
   2.0851699e-06 1.4554891e-08 6.1723536e-06 7.8067183e-05]
  [9.3564176e-04 9.9990755e-01 9.9987042e-01 1.4121322e-06 1.7648800e-06
   2.0842037e-06 1.4561563e-08 6.1627079e-06 7.8096986e-05]
  [9.3477842e-04 9.9990892e-01 9.9987173e-01 1.4125388e-06 1.7676610e-06
   2.0838302e-06 1.4595542e-08 6.1521564e-06 7.7947974e-05]
  [9.2610373e-04 9.9990910e-01 9.9987209e-01 1.4139742e-06 1.7729573e-06
   2.0942796e-06 1.4659341e-08 6.1401824e-06 7.6562166e-05]
  [9.2910026e-04 9.9990946e-01 9.9987209e-01 1.4129781e-06 1.7742242e-06
   2.0910923e-06 1.4687308e-08 6.1330484e-06 7.6830387e-05]
  [9.3852478e-04 9.9990970e-01 9.9987185e-01 1.4123099e-06 1.7715190e-06
   2.0825069e-06 1.4661280e-08 6.1405281e-06 7.8111887e-05]
  [9.3039632e-04 9.9990928e-01 9.9987191e-01 1.4119018e-06 1.7755275e-06
   2.0931534e-06 1.4702306e-08 6.1318092e-06 7.6830387e-05]
  [9.3505578e-04 9.9990952e-01 9.9987173e-01 1.4127127e-06 1.7752160e-06
   2.0897069e-06 1.4708086e-08 6.1358924e-06 7.7277422e-05]
  [9.2743721e-04 9.9990916e-01 9.9987173e-01 1.4128312e-06 1.7797266e-06
   2.1001938e-06 1.4762151e-08 6.1278224e-06 7.6100230e-05]
  [9.2939870e-04 9.9990916e-01 9.9987149e-01 1.4111669e-06 1.7794636e-06
   2.1016624e-06 1.4767071e-08 6.1287337e-06 7.6159835e-05]
  [9.2973001e-04 9.9990940e-01 9.9987149e-01 1.4144922e-06 1.7817561e-06
   2.1009871e-06 1.4792099e-08 6.1356122e-06 7.6159835e-05]
  [9.2825922e-04 9.9990928e-01 9.9987131e-01 1.4130482e-06 1.7836040e-06
   2.1036135e-06 1.4828583e-08 6.1274259e-06 7.5906515e-05]
  [9.2958234e-04 9.9990946e-01 9.9987137e-01 1.4154975e-06 1.7837486e-06
   2.1041913e-06 1.4823203e-08 6.1407868e-06 7.6025724e-05]
  [9.4008516e-04 9.9990958e-01 9.9987096e-01 1.4106192e-06 1.7810511e-06
   2.0951784e-06 1.4800107e-08 6.1360688e-06 7.7456236e-05]
  [9.3201001e-04 9.9990952e-01 9.9987113e-01 1.4138286e-06 1.7843170e-06
   2.1048215e-06 1.4823674e-08 6.1424503e-06 7.6308846e-05]
  [9.3410857e-04 9.9990940e-01 9.9987108e-01 1.4130092e-06 1.7836057e-06
   2.1054418e-06 1.4822288e-08 6.1459368e-06 7.6457858e-05]
  [9.2841557e-04 9.9990910e-01 9.9987102e-01 1.4128541e-06 1.7873589e-06
   2.1140634e-06 1.4877573e-08 6.1376086e-06 7.5533986e-05]
  [9.4006374e-04 9.9990952e-01 9.9987084e-01 1.4118735e-06 1.7828745e-06
   2.1030980e-06 1.4821925e-08 6.1521710e-06 7.7158213e-05]
  [9.2736981e-04 9.9990892e-01 9.9987113e-01 1.4133946e-06 1.7888920e-06
   2.1204096e-06 1.4891778e-08 6.1433770e-06 7.5250864e-05]
  [9.4593293e-04 9.9990952e-01 9.9987066e-01 1.4083180e-06 1.7817152e-06
   2.1037299e-06 1.4816732e-08 6.1515607e-06 7.7754259e-05]
  [9.3632651e-04 9.9990916e-01 9.9987096e-01 1.4123571e-06 1.7863532e-06
   2.1141441e-06 1.4853456e-08 6.1553224e-06 7.6413155e-05]]], shape=(1, 32, 9), dtype=float32)