tf.Tensor(
[[[0.98576427]
  [0.98129356]
  [0.9795658 ]
  ...
  [0.9788045 ]
  [0.9755109 ]
  [0.9007524 ]]

 [[0.9856163 ]
  [0.980689  ]
  [0.9794148 ]
  ...
  [0.9841888 ]
  [0.9799236 ]
  [0.9100828 ]]

 [[0.9852836 ]
  [0.9807147 ]
  [0.9798888 ]
  ...
  [0.9788155 ]
  [0.97553325]
  [0.90105605]]

 ...

 [[0.98368216]
  [0.9785632 ]
  [0.97780156]
  ...
  [0.9750371 ]
  [0.96999437]
  [0.8883122 ]]

 [[0.9845147 ]
  [0.97973394]
  [0.978932  ]
  ...
  [0.97634494]
  [0.9722396 ]
  [0.8960914 ]]

 [[0.9834762 ]
  [0.9777113 ]
  [0.9763339 ]
  ...
  [0.9748637 ]
  [0.96968323]
  [0.88700366]]], shape=(105, 32, 1), dtype=float32)