tf.Tensor(
[[[7.14636743e-01 7.31027961e-01 1.69055864e-01 2.44461062e-05
   2.55933264e-04 1.50426971e-02 9.34929005e-04 7.24032288e-04
   2.66352727e-04]
  [2.39450485e-02 8.50191474e-01 7.59085894e-01 8.47935383e-13
   5.44831619e-06 5.42859542e-11 4.01729085e-05 8.21799549e-05
   1.37730027e-09]
  [3.35964143e-01 9.21818495e-01 7.00694680e-01 1.56211307e-13
   1.04061746e-06 3.15621210e-11 1.87106234e-05 3.87605505e-05
   1.17785781e-10]
  [4.93393928e-01 9.54848409e-01 6.06459975e-02 1.46547911e-12
   3.16414616e-06 7.82666917e-11 6.32856099e-05 6.74136973e-05
   6.50034280e-12]
  [4.98564243e-01 9.74411249e-01 7.53867766e-03 6.80756319e-12
   6.43473413e-06 1.80636076e-10 1.15605166e-04 9.85284423e-05
   2.65950998e-12]
  [4.99359429e-01 9.83254552e-01 1.40737207e-03 3.46086042e-11
   1.01840342e-05 2.62726674e-10 1.97271002e-04 1.33578767e-04
   1.59675257e-12]
  [4.99725580e-01 9.87404227e-01 3.72898678e-04 1.46618842e-10
   1.65386864e-05 3.24318711e-10 3.47195863e-04 1.87648053e-04
   7.21624800e-13]
  [4.99881059e-01 9.89782393e-01 1.04840823e-04 5.50128554e-10
   2.72364741e-05 4.56247984e-10 6.04611763e-04 2.76869803e-04
   2.95527871e-13]
  [4.99930978e-01 9.91405845e-01 5.14484200e-05 9.44911038e-10
   3.51748458e-05 5.60362812e-10 7.60789379e-04 3.22252017e-04
   1.37601085e-13]
  [4.99942124e-01 9.92596507e-01 3.70498092e-05 1.13922238e-09
   3.79711746e-05 6.16423190e-10 7.95709027e-04 3.41159553e-04
   9.51120896e-14]
  [4.99948114e-01 9.93658423e-01 3.89096203e-05 1.17207266e-09
   3.92731163e-05 6.78916923e-10 8.09944351e-04 3.47407185e-04
   9.30877960e-14]
  [4.99954343e-01 9.94472861e-01 3.20068903e-05 1.54286506e-09
   4.62713397e-05 8.31079483e-10 8.82267312e-04 4.06459294e-04
   8.61175958e-14]
  [4.99964625e-01 9.95023012e-01 2.39434994e-05 2.16609886e-09
   5.02675248e-05 9.06102637e-10 8.79128696e-04 4.73514170e-04
   7.60656525e-14]
  [4.99969780e-01 9.95455682e-01 1.76992962e-05 3.18207283e-09
   5.21270631e-05 9.21651977e-10 8.59432155e-04 5.52531797e-04
   7.07009863e-14]
  [4.99970317e-01 9.95856285e-01 1.39148169e-05 4.20454782e-09
   4.67284917e-05 8.28285496e-10 7.65875855e-04 5.86691487e-04
   6.96718142e-14]
  [4.99971300e-01 9.96198475e-01 1.06927928e-05 5.98235683e-09
   5.37852538e-05 9.71024594e-10 8.33295751e-04 6.99644734e-04
   6.66533479e-14]
  [4.99972492e-01 9.96526361e-01 1.09037892e-05 6.13018614e-09
   5.33184029e-05 9.92392057e-10 8.23056151e-04 7.06939551e-04
   6.74806009e-14]
  [4.99973238e-01 9.96809125e-01 9.43993109e-06 7.03158243e-09
   5.43826391e-05 1.06892639e-09 8.25671945e-04 7.47675251e-04
   6.56453990e-14]
  [4.99975801e-01 9.97083306e-01 7.79310085e-06 8.95253915e-09
   5.26512122e-05 1.09306342e-09 7.85329146e-04 8.12595710e-04
   6.99048905e-14]
  [4.99978185e-01 9.97319579e-01 4.91503488e-06 1.43167265e-08
   5.29307945e-05 1.19446608e-09 7.65944715e-04 9.62722872e-04
   7.06430289e-14]
  [4.99979228e-01 9.97528851e-01 4.06463687e-06 1.72909225e-08
   5.31933620e-05 1.26052691e-09 7.62142416e-04 1.03041646e-03
   6.93919816e-14]
  [4.99979585e-01 9.97724771e-01 3.98998736e-06 1.76549175e-08
   5.31418627e-05 1.28204181e-09 7.59178482e-04 1.04509259e-03
   6.91459761e-14]
  [4.99980062e-01 9.97914135e-01 4.28810654e-06 1.69460925e-08
   5.23643866e-05 1.28479904e-09 7.48683466e-04 1.03533198e-03
   7.11213518e-14]
  [4.99980181e-01 9.98091102e-01 4.42353985e-06 1.62690714e-08
   5.11166872e-05 1.27956989e-09 7.31671287e-04 1.02007948e-03
   7.13960344e-14]
  [4.99980211e-01 9.98248518e-01 4.24609789e-06 1.68251564e-08
   5.20587164e-05 1.32895173e-09 7.41469092e-04 1.04622089e-03
   7.02835143e-14]
  [4.99980509e-01 9.98395443e-01 4.34409503e-06 1.66442113e-08
   5.18165616e-05 1.34116251e-09 7.38338509e-04 1.04484905e-03
   7.06686296e-14]
  [4.99980599e-01 9.98530030e-01 4.31861463e-06 1.66417990e-08
   5.17675107e-05 1.35474687e-09 7.37339898e-04 1.05041242e-03
   7.01031708e-14]
  [4.99980748e-01 9.98655915e-01 4.41516886e-06 1.62967435e-08
   5.14331296e-05 1.35532019e-09 7.31585256e-04 1.04652776e-03
   7.05847056e-14]
  [4.99980807e-01 9.98769641e-01 4.38310599e-06 1.64834351e-08
   5.15304746e-05 1.37655254e-09 7.33374909e-04 1.05455797e-03
   7.02095513e-14]
  [4.99980986e-01 9.98873472e-01 4.32573961e-06 1.66383707e-08
   5.16725122e-05 1.39205247e-09 7.34836329e-04 1.06124242e-03
   6.95429025e-14]
  [4.99981046e-01 9.98971939e-01 4.48660785e-06 1.60914038e-08
   5.11532380e-05 1.37571887e-09 7.27217703e-04 1.05192373e-03
   7.03567453e-14]
  [4.99981105e-01 9.99059677e-01 4.36913615e-06 1.64891905e-08
   5.15630854e-05 1.40311429e-09 7.32883927e-04 1.06577377e-03
   6.95025905e-14]]], shape=(1, 32, 9), dtype=float32)