tf.Tensor(
[[[0.56923246]
  [0.5765506 ]
  [0.58436704]
  ...
  [0.5785849 ]
  [0.5732909 ]
  [0.5641816 ]]

 [[0.5299208 ]
  [0.5351658 ]
  [0.53707296]
  ...
  [0.52934706]
  [0.5278238 ]
  [0.52699566]]

 [[0.55349505]
  [0.56052995]
  [0.56574655]
  ...
  [0.56237775]
  [0.5532451 ]
  [0.5436645 ]]

 ...

 [[0.43608564]
  [0.42245883]
  [0.40860868]
  ...
  [0.37996787]
  [0.39261118]
  [0.40699345]]

 [[0.4354597 ]
  [0.42167443]
  [0.40766966]
  ...
  [0.38107824]
  [0.39364892]
  [0.4079084 ]]

 [[0.43590865]
  [0.42223683]
  [0.40834832]
  ...
  [0.38098985]
  [0.3935544 ]
  [0.40778953]]], shape=(105, 32, 1), dtype=float32)