tf.Tensor(
[[[0.2820325  0.2846698  0.2850854  0.27666864 0.27484548 0.27538505
   0.2806336  0.27395326 0.27863133]
  [0.32713953 0.33278418 0.32115486 0.25597274 0.30520853 0.28667432
   0.27719086 0.2750943  0.3089372 ]
  [0.34529212 0.3514357  0.3397591  0.26235977 0.3185147  0.29833272
   0.2867856  0.28268993 0.32351226]
  [0.35789874 0.36493737 0.351112   0.2645698  0.32679456 0.30424255
   0.29329985 0.28689227 0.3327423 ]
  [0.3678682  0.37597823 0.3587417  0.26533943 0.3319166  0.30744496
   0.29765445 0.29020384 0.3395952 ]
  [0.3740559  0.38370648 0.3641667  0.26567262 0.3361093  0.3078036
   0.3008857  0.2926798  0.34293318]
  [0.37771025 0.3887619  0.3689449  0.26603428 0.33841565 0.30670178
   0.30398393 0.29350418 0.3454495 ]
  [0.3808721  0.39358038 0.37269214 0.26611963 0.33912587 0.304179
   0.30600443 0.29426414 0.34643027]
  [0.38288093 0.3976206  0.37652552 0.26642275 0.33947334 0.30194062
   0.30736566 0.2943908  0.34891653]
  [0.3829117  0.4023179  0.37888274 0.2660628  0.34083545 0.29988268
   0.30710974 0.2943083  0.3495681 ]
  [0.38337967 0.4064769  0.38111502 0.26652452 0.34041703 0.29751608
   0.30669343 0.2942307  0.34790137]
  [0.38458717 0.4094564  0.3836413  0.26624838 0.3416883  0.29597118
   0.30683085 0.2946915  0.34625491]
  [0.385065   0.41108102 0.3852206  0.26585358 0.34325635 0.2944783
   0.30667016 0.2953046  0.34381074]
  [0.38571152 0.41170663 0.38754442 0.2672675  0.34108087 0.29300326
   0.30683777 0.29405236 0.3427069 ]
  [0.38621336 0.41261408 0.39000538 0.26749736 0.33909595 0.29301858
   0.307887   0.29370266 0.34370527]
  [0.38515517 0.41376552 0.39028397 0.26545465 0.3384051  0.29267082
   0.3091388  0.29386336 0.34457958]
  [0.38354075 0.41433945 0.38951975 0.2631878  0.33831978 0.2926648
   0.30990955 0.2938632  0.3451629 ]
  [0.38310373 0.4132224  0.3901739  0.2620851  0.33759704 0.29266733
   0.31135008 0.29283103 0.34369403]
  [0.3838979  0.41277152 0.39044064 0.26249716 0.33681223 0.29207328
   0.31057966 0.2917479  0.34228635]
  [0.38448596 0.4118069  0.39066112 0.26191682 0.33486947 0.292547
   0.31041622 0.29035926 0.34324977]
  [0.3855872  0.41204855 0.39053    0.25989422 0.33384398 0.2929432
   0.30909103 0.28978637 0.34400532]
  [0.3860403  0.41187185 0.3912663  0.26024458 0.33259833 0.29308078
   0.30675244 0.28901836 0.34359342]
  [0.38604844 0.4107325  0.3904423  0.26019228 0.33195743 0.29223177
   0.3038899  0.2885658  0.3405176 ]
  [0.38597056 0.4091164  0.39023927 0.26020274 0.3330273  0.29203203
   0.3027503  0.2888969  0.33856535]
  [0.3863155  0.40786457 0.39108297 0.26121563 0.3323727  0.29176733
   0.3026878  0.28828052 0.33636147]
  [0.386874   0.40658697 0.39243212 0.26177686 0.33212167 0.29201752
   0.30410257 0.2883629  0.33458292]
  [0.38912284 0.40754467 0.3934622  0.26201493 0.33137056 0.29045
   0.30333078 0.288855   0.33232185]
  [0.3902239  0.40898144 0.39430398 0.26165667 0.33157733 0.29047638
   0.30334407 0.28929093 0.33204445]
  [0.3905336  0.41005677 0.39541298 0.26054546 0.33128616 0.2918535
   0.30286294 0.29011333 0.33371916]
  [0.39060545 0.4115196  0.39527547 0.26127914 0.3309675  0.2932122
   0.30187038 0.28998452 0.33482733]
  [0.3913422  0.41250837 0.3960361  0.26328066 0.33002737 0.29413906
   0.30126655 0.29020932 0.33515745]
  [0.39288694 0.41247746 0.39611778 0.26434708 0.3291252  0.2952083
   0.3013845  0.29128575 0.33471796]]], shape=(1, 32, 9), dtype=float32)