[array([[[0.28053385, 0.2790568 , 0.28197348, 0.27994612, 0.27729926,
         0.27912855, 0.27918077, 0.28052938, 0.27786037],
        [0.33662903, 0.3039915 , 0.30203623, 0.29603383, 0.31257522,
         0.3148003 , 0.30549258, 0.31826353, 0.27150562],
        [0.35860965, 0.3188755 , 0.32014278, 0.3132529 , 0.32659402,
         0.3350844 , 0.32269818, 0.33849034, 0.28020677],
        [0.37445754, 0.32719824, 0.3328418 , 0.32401758, 0.3363772 ,
         0.35050216, 0.3335578 , 0.35339013, 0.28814664],
        [0.38653162, 0.3314706 , 0.3405477 , 0.33064115, 0.34488156,
         0.3620508 , 0.34009704, 0.36618352, 0.29412815],
        [0.3950603 , 0.33427107, 0.34660414, 0.3342864 , 0.35157025,
         0.37150156, 0.34467623, 0.37548596, 0.29847783],
        [0.4015586 , 0.33594507, 0.3509852 , 0.33580524, 0.35611925,
         0.37866595, 0.3475178 , 0.38281268, 0.3014877 ],
        [0.40646806, 0.33748525, 0.3542961 , 0.33785993, 0.35967708,
         0.3841718 , 0.34935847, 0.38675597, 0.30263728],
        [0.41026846, 0.33823603, 0.35450578, 0.33902034, 0.36328873,
         0.38858545, 0.35058364, 0.39191672, 0.30266026],
        [0.41205   , 0.33966604, 0.3544297 , 0.34008038, 0.3656642 ,
         0.39249972, 0.35227734, 0.39457938, 0.30225858],
        [0.41447502, 0.34020033, 0.3532207 , 0.34076288, 0.36740726,
         0.39376253, 0.35207912, 0.39587048, 0.2997769 ],
        [0.41328466, 0.34125632, 0.35213035, 0.34068167, 0.3686759 ,
         0.39361313, 0.3525333 , 0.3975226 , 0.29826358],
        [0.41258404, 0.3405603 , 0.35118812, 0.3396941 , 0.36936837,
         0.3931603 , 0.35288814, 0.39911082, 0.29592633],
        [0.41317937, 0.34058338, 0.35091636, 0.34138277, 0.36862934,
         0.39255878, 0.3529755 , 0.39859825, 0.29305825],
        [0.41393685, 0.3409057 , 0.35052967, 0.34238008, 0.36709055,
         0.39389488, 0.35248306, 0.39839697, 0.29221234],
        [0.4157086 , 0.34167042, 0.34940568, 0.34449884, 0.3667979 ,
         0.3953932 , 0.35291043, 0.39808536, 0.2916025 ],
        [0.4176555 , 0.3424958 , 0.3491599 , 0.34610507, 0.3666818 ,
         0.39744875, 0.35392067, 0.39718306, 0.29154757],
        [0.41858202, 0.3429502 , 0.34886202, 0.34741962, 0.36648902,
         0.39862242, 0.35481703, 0.3965227 , 0.2909659 ],
        [0.41931936, 0.34472886, 0.35036477, 0.3480256 , 0.36671326,
         0.39951524, 0.3560056 , 0.39511862, 0.29045835],
        [0.4209138 , 0.3453972 , 0.35001874, 0.34811684, 0.3674414 ,
         0.40021062, 0.35685107, 0.39498428, 0.2895241 ],
        [0.42096782, 0.34598774, 0.35187727, 0.34798604, 0.36882523,
         0.40017822, 0.35828435, 0.39494348, 0.28911865],
        [0.4192659 , 0.34672028, 0.35340193, 0.34712455, 0.36809584,
         0.40025327, 0.35980967, 0.39359736, 0.289413  ],
        [0.41787505, 0.3474598 , 0.3543326 , 0.34550217, 0.36827257,
         0.40005678, 0.3606629 , 0.393271  , 0.28985098],
        [0.4164634 , 0.3484232 , 0.3556902 , 0.34474412, 0.367561  ,
         0.3998565 , 0.3602593 , 0.39275378, 0.2913308 ],
        [0.41526595, 0.35002294, 0.35815904, 0.34493092, 0.36776978,
         0.39951047, 0.3591038 , 0.39218313, 0.2925459 ],
        [0.4144373 , 0.3505623 , 0.35967115, 0.34478143, 0.36858103,
         0.39799687, 0.35869828, 0.39264175, 0.29314318],
        [0.41503698, 0.35120535, 0.36047542, 0.34452125, 0.36847606,
         0.3973185 , 0.35869026, 0.39292225, 0.2939714 ],
        [0.41462857, 0.3513038 , 0.36039305, 0.34372926, 0.36727124,
         0.3968334 , 0.35911837, 0.39323854, 0.29564196],
        [0.41393736, 0.3504804 , 0.36016726, 0.34306794, 0.36664483,
         0.3967369 , 0.35888723, 0.39485344, 0.29711115],
        [0.41423675, 0.34874782, 0.35902053, 0.34262374, 0.36584756,
         0.3964912 , 0.35921618, 0.39586145, 0.29781982],
        [0.41378233, 0.34708047, 0.35998142, 0.3413603 , 0.36446851,
         0.39684707, 0.35870904, 0.39574704, 0.29807702],
        [0.41383797, 0.3463673 , 0.3578584 , 0.3412194 , 0.36286798,
         0.3962788 , 0.35715535, 0.39524144, 0.2977552 ]]], dtype=float32), array([[[0.27403954, 0.2802623 , 0.28551674, 0.26719326, 0.25944597,
         0.2583285 , 0.2612709 , 0.26410913, 0.27084357],
        [0.3209999 , 0.30656514, 0.31021348, 0.27090034, 0.27509487,
         0.27127454, 0.26691523, 0.2837468 , 0.25893176],
        [0.33543095, 0.32368526, 0.32881555, 0.28077146, 0.2786153 ,
         0.2773218 , 0.27126986, 0.29355207, 0.26655388],
        [0.3451002 , 0.3341004 , 0.34097156, 0.2852006 , 0.27906197,
         0.27870274, 0.27075374, 0.29782543, 0.269687  ],
        [0.35047856, 0.34214237, 0.3511398 , 0.28689933, 0.27617618,
         0.27598536, 0.26633775, 0.2973056 , 0.2698968 ],
        [0.353442  , 0.34839734, 0.35771984, 0.28680795, 0.27256912,
         0.270454  , 0.26027346, 0.2936955 , 0.26865843],
        [0.35420054, 0.3523734 , 0.36368683, 0.28479394, 0.267432  ,
         0.26241273, 0.25268993, 0.287738  , 0.2657087 ],
        [0.3547992 , 0.35591537, 0.36665997, 0.28231686, 0.26251087,
         0.25372112, 0.24479634, 0.28121853, 0.26300603],
        [0.35475218, 0.3590229 , 0.36771715, 0.2792446 , 0.25728282,
         0.24555536, 0.23693945, 0.27499232, 0.25980705],
        [0.35355625, 0.36151707, 0.3689199 , 0.27432275, 0.2509767 ,
         0.23649926, 0.22875534, 0.26911905, 0.25738585],
        [0.35300437, 0.3634323 , 0.36685747, 0.2715664 , 0.24585085,
         0.22867385, 0.22118564, 0.26364052, 0.2547622 ],
        [0.35138744, 0.36464956, 0.36417955, 0.26806828, 0.24077703,
         0.22189416, 0.21371175, 0.25904804, 0.2514713 ],
        [0.34948185, 0.3661035 , 0.363027  , 0.26608765, 0.23720273,
         0.21686625, 0.20804887, 0.25496593, 0.24920382],
        [0.3472172 , 0.3672356 , 0.3610301 , 0.26298347, 0.23291023,
         0.21093169, 0.20226613, 0.2508292 , 0.24722984],
        [0.34567863, 0.3679329 , 0.35962734, 0.2597065 , 0.2282714 ,
         0.20476833, 0.19692115, 0.24679829, 0.24487096],
        [0.34479392, 0.36951783, 0.3562158 , 0.25866455, 0.22567189,
         0.20101307, 0.1926572 , 0.24239434, 0.24295034],
        [0.3440837 , 0.37118596, 0.3543267 , 0.2593815 , 0.22559202,
         0.19980866, 0.19072814, 0.23931296, 0.24259625],
        [0.34308362, 0.3731341 , 0.35339338, 0.2606222 , 0.22615953,
         0.20047987, 0.19055946, 0.2371045 , 0.2432145 ],
        [0.34274843, 0.37438327, 0.353564  , 0.26182878, 0.2263246 ,
         0.20158824, 0.19060811, 0.2352731 , 0.24424712],
        [0.34246844, 0.37339702, 0.35281503, 0.26111943, 0.22502784,
         0.20098917, 0.18942727, 0.2349355 , 0.2448148 ],
        [0.34287873, 0.3722022 , 0.35158572, 0.26044357, 0.22157948,
         0.19759077, 0.18706279, 0.23300824, 0.24324444],
        [0.34420183, 0.3718042 , 0.35149914, 0.25876108, 0.21744771,
         0.19374292, 0.18337932, 0.2303852 , 0.24247949],
        [0.34464523, 0.3715497 , 0.35049874, 0.25746918, 0.21431038,
         0.1917956 , 0.18055803, 0.2285203 , 0.2426741 ],
        [0.3448589 , 0.37117654, 0.3504189 , 0.25655368, 0.21255487,
         0.19128807, 0.17918526, 0.22763766, 0.24322358],
        [0.3467051 , 0.371853  , 0.35028553, 0.25568607, 0.21161258,
         0.19034794, 0.17771453, 0.22626962, 0.24272774],
        [0.34662905, 0.3731751 , 0.35025778, 0.2533343 , 0.20770092,
         0.18734948, 0.17443761, 0.2228502 , 0.24103671],
        [0.34749976, 0.37340274, 0.35142356, 0.25200197, 0.20363103,
         0.18398522, 0.17070025, 0.21943583, 0.23915905],
        [0.34819734, 0.37468076, 0.3498811 , 0.25081474, 0.20020688,
         0.18109389, 0.16779007, 0.21626696, 0.23753174],
        [0.34930438, 0.37411848, 0.34813052, 0.24993265, 0.19799936,
         0.17914651, 0.16491307, 0.21481363, 0.23653027],
        [0.34975287, 0.37404197, 0.3464392 , 0.24860743, 0.19731957,
         0.1779477 , 0.16331391, 0.21418472, 0.23512214],
        [0.34687933, 0.3737777 , 0.3455683 , 0.24692759, 0.19656932,
         0.17488605, 0.16143483, 0.21267922, 0.23312688],
        [0.34476116, 0.37394458, 0.34461117, 0.24553016, 0.19594881,
         0.17297561, 0.16085501, 0.21185596, 0.23182671]]], dtype=float32), array([[[0.26577535, 0.27655333, 0.2861092 , 0.2301795 , 0.22222872,
         0.22153519, 0.2237303 , 0.22542588, 0.25397494],
        [0.2997322 , 0.2984534 , 0.30646378, 0.1966998 , 0.19685945,
         0.19314893, 0.18957193, 0.2043547 , 0.22593294],
        [0.2991821 , 0.3112827 , 0.31846744, 0.1710445 , 0.16269888,
         0.16021712, 0.15657678, 0.1744965 , 0.21522304],
        [0.2904297 , 0.31637335, 0.32323146, 0.13670379, 0.12230486,
         0.12039022, 0.11663581, 0.13416743, 0.19490449],
        [0.27477565, 0.31771433, 0.32175797, 0.10272679, 0.08552976,
         0.08386245, 0.08025096, 0.09504103, 0.17091392],
        [0.25558418, 0.31883574, 0.3172963 , 0.07332854, 0.05689402,
         0.0556981 , 0.05253337, 0.06342293, 0.145925  ],
        [0.23614283, 0.3170678 , 0.31155488, 0.05031646, 0.03632137,
         0.03550955, 0.03321595, 0.0404357 , 0.12041891],
        [0.2181297 , 0.31474292, 0.30504528, 0.03477406, 0.02357163,
         0.0229948 , 0.02128464, 0.02590128, 0.09959581],
        [0.2022799 , 0.31104293, 0.29834464, 0.02426348, 0.01555039,
         0.01532321, 0.01385125, 0.01698464, 0.08270403],
        [0.1893486 , 0.30879235, 0.29027063, 0.01801936, 0.01095612,
         0.01092147, 0.00965349, 0.01177961, 0.07032887],
        [0.17983037, 0.30654916, 0.28314406, 0.01403002, 0.00817712,
         0.00823363, 0.00710827, 0.00858435, 0.06116165],
        [0.17123985, 0.30469263, 0.27750865, 0.01147272, 0.00645436,
         0.00658822, 0.00551857, 0.0066215 , 0.05457015],
        [0.16418716, 0.30291384, 0.2719667 , 0.00961182, 0.0051764 ,
         0.0053641 , 0.00437695, 0.00522498, 0.04876997],
        [0.15784827, 0.30068478, 0.2678425 , 0.00823944, 0.00432353,
         0.00449323, 0.00358848, 0.00428613, 0.04461132],
        [0.15276904, 0.29914868, 0.266071  , 0.0072918 , 0.0037167 ,
         0.0039138 , 0.00305627, 0.00365848, 0.04140259],
        [0.1490373 , 0.2978395 , 0.26378512, 0.00661742, 0.00329965,
         0.00349259, 0.00265853, 0.0032076 , 0.0389874 ],
        [0.1459658 , 0.29762512, 0.2618798 , 0.00614504, 0.00300493,
         0.00317142, 0.00238084, 0.00289035, 0.0372002 ],
        [0.14381441, 0.2970112 , 0.26033705, 0.00579288, 0.00279041,
         0.00297837, 0.00219913, 0.00267913, 0.03599339],
        [0.14197157, 0.29725075, 0.2595734 , 0.00548449, 0.00260837,
         0.00280461, 0.00204424, 0.00249142, 0.03474096],
        [0.13958316, 0.29547673, 0.2595094 , 0.00518657, 0.00242833,
         0.00265285, 0.00191763, 0.00233621, 0.03351842],
        [0.1379571 , 0.29479736, 0.25828475, 0.0049854 , 0.0022946 ,
         0.0025089 , 0.00181239, 0.00220992, 0.03265455],
        [0.13635357, 0.29429674, 0.25701374, 0.00484554, 0.00219315,
         0.00243374, 0.00175173, 0.00214037, 0.0321205 ],
        [0.13523114, 0.29531157, 0.25607306, 0.00476062, 0.0021312 ,
         0.00239212, 0.00170762, 0.00209122, 0.03171131],
        [0.13381514, 0.2949208 , 0.25474593, 0.00466942, 0.00207867,
         0.00235323, 0.00167704, 0.00205387, 0.0312814 ],
        [0.13300142, 0.29577965, 0.25407362, 0.00455918, 0.00204092,
         0.00230513, 0.00164687, 0.00201222, 0.03088   ],
        [0.13155243, 0.29571623, 0.2529002 , 0.00444176, 0.00200631,
         0.00226025, 0.00162108, 0.00197992, 0.03055361],
        [0.13064449, 0.29607594, 0.25272843, 0.00438067, 0.00198635,
         0.00224801, 0.00159602, 0.00195357, 0.03040785],
        [0.1301987 , 0.2957909 , 0.2509613 , 0.00428521, 0.00195414,
         0.0021888 , 0.00155502, 0.00189304, 0.03011227],
        [0.1302319 , 0.29493096, 0.25065586, 0.00423328, 0.00192479,
         0.00217157, 0.0015192 , 0.00186434, 0.02989874],
        [0.12964925, 0.29372624, 0.24979933, 0.00423522, 0.00192637,
         0.00217639, 0.00151025, 0.00185912, 0.02996616],
        [0.12984511, 0.29323143, 0.24989118, 0.00420982, 0.00192185,
         0.0021645 , 0.00149418, 0.0018406 , 0.02982747],
        [0.12940687, 0.29318154, 0.24928133, 0.00419746, 0.00191954,
         0.00216023, 0.00149063, 0.00184339, 0.02983975]]], dtype=float32), array([[[2.66180336e-01, 2.79031783e-01, 2.92368591e-01, 2.11554915e-01,
         2.03470573e-01, 2.03719974e-01, 1.99170142e-01, 2.01164708e-01,
         2.61284977e-01],
        [2.97489405e-01, 3.01522553e-01, 3.18951845e-01, 1.56728536e-01,
         1.54068127e-01, 1.50498629e-01, 1.37925431e-01, 1.53017357e-01,
         2.39634141e-01],
        [2.93772161e-01, 3.14461291e-01, 3.37276846e-01, 1.16464563e-01,
         1.05958179e-01, 1.02468923e-01, 9.07043666e-02, 1.06258765e-01,
         2.36034319e-01],
        [2.82259285e-01, 3.18556279e-01, 3.50090832e-01, 7.63344094e-02,
         6.49368018e-02, 6.17494211e-02, 5.24693131e-02, 6.45960867e-02,
         2.25462347e-01],
        [2.66697794e-01, 3.18703622e-01, 3.59738678e-01, 4.35529463e-02,
         3.43640074e-02, 3.20447981e-02, 2.60271952e-02, 3.33127193e-02,
         2.08381459e-01],
        [2.50579238e-01, 3.16291839e-01, 3.66953373e-01, 2.43046284e-02,
         1.79765802e-02, 1.64784212e-02, 1.28453542e-02, 1.66606940e-02,
         1.90460399e-01],
        [2.35300586e-01, 3.13266844e-01, 3.73288125e-01, 1.38410069e-02,
         9.64640919e-03, 8.81670695e-03, 6.55359169e-03, 8.44856445e-03,
         1.73725650e-01],
        [2.22531036e-01, 3.11533719e-01, 3.77789766e-01, 8.38544965e-03,
         5.52146742e-03, 5.07835345e-03, 3.58252879e-03, 4.58040508e-03,
         1.60036415e-01],
        [2.11658612e-01, 3.09569120e-01, 3.82057995e-01, 5.31200599e-03,
         3.32287839e-03, 3.07116890e-03, 2.06048740e-03, 2.63694511e-03,
         1.47733733e-01],
        [2.01835975e-01, 3.07410985e-01, 3.85263950e-01, 3.62660340e-03,
         2.15623947e-03, 2.04035640e-03, 1.29153254e-03, 1.65576953e-03,
         1.39163524e-01],
        [1.93651572e-01, 3.05894881e-01, 3.86799246e-01, 2.67903297e-03,
         1.52594841e-03, 1.47334370e-03, 8.95957812e-04, 1.14598963e-03,
         1.32404819e-01],
        [1.86863065e-01, 3.05468917e-01, 3.88261616e-01, 2.11504404e-03,
         1.16107694e-03, 1.13851833e-03, 6.67788321e-04, 8.50433134e-04,
         1.27643108e-01],
        [1.80922329e-01, 3.04943383e-01, 3.89501870e-01, 1.74903497e-03,
         9.34639131e-04, 9.24701162e-04, 5.26816002e-04, 6.77251024e-04,
         1.23970978e-01],
        [1.75764710e-01, 3.04885149e-01, 3.89790535e-01, 1.49814994e-03,
         7.79956521e-04, 7.86153134e-04, 4.35583701e-04, 5.61489083e-04,
         1.21455960e-01],
        [1.72303095e-01, 3.03435802e-01, 3.89685690e-01, 1.32701290e-03,
         6.81714679e-04, 6.96277537e-04, 3.73734219e-04, 4.86457691e-04,
         1.19572356e-01],
        [1.69128567e-01, 3.02867174e-01, 3.88714552e-01, 1.19315879e-03,
         6.04828354e-04, 6.25127519e-04, 3.25897505e-04, 4.27611201e-04,
         1.18367180e-01],
        [1.66574836e-01, 3.02032143e-01, 3.88165295e-01, 1.10988936e-03,
         5.53709280e-04, 5.83215908e-04, 2.97909341e-04, 3.94881878e-04,
         1.17287666e-01],
        [1.65635273e-01, 3.02052468e-01, 3.87670547e-01, 1.04352541e-03,
         5.11860708e-04, 5.44689712e-04, 2.74768739e-04, 3.65060696e-04,
         1.16394289e-01],
        [1.63964048e-01, 3.02097172e-01, 3.87012243e-01, 1.00444036e-03,
         4.87938698e-04, 5.19259600e-04, 2.60765752e-04, 3.46684741e-04,
         1.16510458e-01],
        [1.63288057e-01, 3.02777976e-01, 3.86760265e-01, 9.75256902e-04,
         4.74606350e-04, 5.02013718e-04, 2.53297272e-04, 3.37301812e-04,
         1.16098635e-01],
        [1.61963284e-01, 3.02603334e-01, 3.86248857e-01, 9.29687754e-04,
         4.54823923e-04, 4.78142960e-04, 2.39172106e-04, 3.20144056e-04,
         1.15212336e-01],
        [1.60588682e-01, 3.02464217e-01, 3.87712330e-01, 8.96198908e-04,
         4.35559807e-04, 4.61721851e-04, 2.28209465e-04, 3.08569957e-04,
         1.14614293e-01],
        [1.59071177e-01, 3.01483274e-01, 3.87405366e-01, 8.65809270e-04,
         4.20015625e-04, 4.46449791e-04, 2.18281610e-04, 2.97302933e-04,
         1.14255093e-01],
        [1.57414183e-01, 3.02446127e-01, 3.88807654e-01, 8.41682020e-04,
         4.02582518e-04, 4.30232991e-04, 2.10162398e-04, 2.87141156e-04,
         1.13634296e-01],
        [1.56228721e-01, 3.03154230e-01, 3.89837295e-01, 8.20500311e-04,
         3.93633090e-04, 4.14489972e-04, 2.04159136e-04, 2.78869731e-04,
         1.13635033e-01],
        [1.56188250e-01, 3.03921193e-01, 3.88942868e-01, 8.04835348e-04,
         3.85829393e-04, 4.03172889e-04, 1.99600065e-04, 2.73663085e-04,
         1.13266870e-01],
        [1.55722007e-01, 3.02994817e-01, 3.89991522e-01, 7.87168916e-04,
         3.74827068e-04, 3.94587056e-04, 1.93542714e-04, 2.66566232e-04,
         1.12922452e-01],
        [1.55216351e-01, 3.04161698e-01, 3.90060872e-01, 7.75781868e-04,
         3.65112326e-04, 3.85595195e-04, 1.89976636e-04, 2.60292232e-04,
         1.12077057e-01],
        [1.54701725e-01, 3.03641587e-01, 3.92225206e-01, 7.68569123e-04,
         3.60963255e-04, 3.80908576e-04, 1.87836078e-04, 2.59053835e-04,
         1.12203665e-01],
        [1.54850304e-01, 3.05032074e-01, 3.92907500e-01, 7.66864163e-04,
         3.58793302e-04, 3.74800671e-04, 1.86430334e-04, 2.58258922e-04,
         1.12152763e-01],
        [1.55164063e-01, 3.04811478e-01, 3.93015444e-01, 7.67960795e-04,
         3.59465805e-04, 3.74449912e-04, 1.85654833e-04, 2.57037551e-04,
         1.12411126e-01],
        [1.54129475e-01, 3.04975361e-01, 3.91269714e-01, 7.74452346e-04,
         3.60517908e-04, 3.74779833e-04, 1.86546473e-04, 2.58288666e-04,
         1.12896241e-01]]], dtype=float32), array([[[2.69805372e-01, 2.77437329e-01, 2.89496154e-01, 1.88538060e-01,
         1.79216489e-01, 1.77859396e-01, 1.66186258e-01, 1.73073098e-01,
         2.55689293e-01],
        [3.03021878e-01, 2.99304575e-01, 3.07235271e-01, 1.21048413e-01,
         1.15642034e-01, 1.10906079e-01, 9.24659744e-02, 1.09769084e-01,
         2.32940286e-01],
        [3.02164257e-01, 3.11336994e-01, 3.14144045e-01, 7.20648021e-02,
         6.22761585e-02, 5.84858470e-02, 4.49809544e-02, 5.75538836e-02,
         2.25198045e-01],
        [2.94496536e-01, 3.16383958e-01, 3.14102322e-01, 3.64296660e-02,
         2.87041385e-02, 2.63758712e-02, 1.84922088e-02, 2.47429442e-02,
         2.10175663e-01],
        [2.84404188e-01, 3.17966014e-01, 3.08397710e-01, 1.74121205e-02,
         1.26912044e-02, 1.14980526e-02, 7.35678198e-03, 1.00900708e-02,
         1.93304315e-01],
        [2.74430901e-01, 3.17929864e-01, 3.00820172e-01, 8.45359731e-03,
         5.77946147e-03, 5.22984611e-03, 3.05837998e-03, 4.18142322e-03,
         1.76197574e-01],
        [2.65417725e-01, 3.17632526e-01, 2.90219456e-01, 4.43470525e-03,
         2.87367031e-03, 2.59297597e-03, 1.38800277e-03, 1.89369451e-03,
         1.62355945e-01],
        [2.57082909e-01, 3.16828728e-01, 2.81126589e-01, 2.54679145e-03,
         1.55609299e-03, 1.42037135e-03, 6.98098738e-04, 9.53183742e-04,
         1.52093828e-01],
        [2.49417782e-01, 3.15864414e-01, 2.72572041e-01, 1.61372183e-03,
         9.37244098e-04, 8.71159544e-04, 4.00258374e-04, 5.43262111e-04,
         1.44356102e-01],
        [2.41399765e-01, 3.15680802e-01, 2.63837159e-01, 1.12320820e-03,
         6.16244855e-04, 5.88817522e-04, 2.56925356e-04, 3.45202192e-04,
         1.38775781e-01],
        [2.35098958e-01, 3.14917713e-01, 2.56996781e-01, 8.24934861e-04,
         4.33733192e-04, 4.20670258e-04, 1.74677203e-04, 2.35535845e-04,
         1.34439439e-01],
        [2.29156777e-01, 3.14494550e-01, 2.51210958e-01, 6.46828790e-04,
         3.27146961e-04, 3.24514374e-04, 1.29151595e-04, 1.74622182e-04,
         1.31049901e-01],
        [2.24522799e-01, 3.13307971e-01, 2.45885327e-01, 5.40615292e-04,
         2.62211368e-04, 2.67226278e-04, 1.02064070e-04, 1.38866439e-04,
         1.29472718e-01],
        [2.20580310e-01, 3.13112646e-01, 2.40303054e-01, 4.64468729e-04,
         2.18129222e-04, 2.26434247e-04, 8.42452791e-05, 1.15126655e-04,
         1.27793372e-01],
        [2.17302114e-01, 3.13723832e-01, 2.35998049e-01, 4.14801645e-04,
         1.88366088e-04, 2.00667098e-04, 7.27566730e-05, 9.99521799e-05,
         1.26544848e-01],
        [2.15896487e-01, 3.15240443e-01, 2.32116267e-01, 3.77215125e-04,
         1.67269420e-04, 1.78832721e-04, 6.39037171e-05, 8.87195347e-05,
         1.25740692e-01],
        [2.14163676e-01, 3.15368295e-01, 2.29959548e-01, 3.51893163e-04,
         1.53097455e-04, 1.66386089e-04, 5.87011637e-05, 8.20076966e-05,
         1.25533193e-01],
        [2.11283252e-01, 3.14470917e-01, 2.28007004e-01, 3.36793804e-04,
         1.44340913e-04, 1.59914198e-04, 5.52625133e-05, 7.77787573e-05,
         1.25915855e-01],
        [2.10496023e-01, 3.14189970e-01, 2.25626215e-01, 3.22399894e-04,
         1.37071256e-04, 1.52804409e-04, 5.17505032e-05, 7.30348111e-05,
         1.25929981e-01],
        [2.08972007e-01, 3.13997507e-01, 2.23832265e-01, 3.13554163e-04,
         1.31982553e-04, 1.48507737e-04, 5.00411916e-05, 7.05704733e-05,
         1.25454262e-01],
        [2.07183346e-01, 3.13521475e-01, 2.21866891e-01, 3.03937763e-04,
         1.28495376e-04, 1.43875310e-04, 4.81543575e-05, 6.82295213e-05,
         1.25669360e-01],
        [2.05537722e-01, 3.11395496e-01, 2.21308082e-01, 2.93188903e-04,
         1.23810678e-04, 1.41356169e-04, 4.61717791e-05, 6.56392585e-05,
         1.25582069e-01],
        [2.04309955e-01, 3.10761541e-01, 2.20089659e-01, 2.88423296e-04,
         1.20292469e-04, 1.37335519e-04, 4.47114071e-05, 6.40347789e-05,
         1.25685126e-01],
        [2.04394877e-01, 3.11009318e-01, 2.19678104e-01, 2.84797658e-04,
         1.17624637e-04, 1.35344875e-04, 4.34450376e-05, 6.26740803e-05,
         1.25446409e-01],
        [2.02457294e-01, 3.09563935e-01, 2.18186617e-01, 2.80484528e-04,
         1.15650131e-04, 1.33496695e-04, 4.29291104e-05, 6.20896462e-05,
         1.25753298e-01],
        [2.02665597e-01, 3.10390592e-01, 2.17576638e-01, 2.73956801e-04,
         1.13694288e-04, 1.32010377e-04, 4.21727418e-05, 6.10293864e-05,
         1.24874271e-01],
        [2.00712726e-01, 3.09536308e-01, 2.16415182e-01, 2.71834171e-04,
         1.12253620e-04, 1.31401728e-04, 4.19237622e-05, 6.05777750e-05,
         1.25247568e-01],
        [2.00759903e-01, 3.10995489e-01, 2.15236723e-01, 2.71909637e-04,
         1.10992078e-04, 1.30928689e-04, 4.18517629e-05, 6.03332446e-05,
         1.24923199e-01],
        [2.01365605e-01, 3.11575234e-01, 2.14448690e-01, 2.70142133e-04,
         1.10778572e-04, 1.30470784e-04, 4.14729548e-05, 5.97963335e-05,
         1.25005931e-01],
        [2.01771364e-01, 3.12138557e-01, 2.14069843e-01, 2.69867218e-04,
         1.10601984e-04, 1.29719134e-04, 4.14415335e-05, 5.98581391e-05,
         1.24551818e-01],
        [2.00853094e-01, 3.11419159e-01, 2.13197589e-01, 2.70152261e-04,
         1.10658104e-04, 1.30385873e-04, 4.17868578e-05, 5.99838168e-05,
         1.24479838e-01],
        [1.99988633e-01, 3.10685784e-01, 2.12903515e-01, 2.65287497e-04,
         1.10472116e-04, 1.28614935e-04, 4.13263479e-05, 5.92834222e-05,
         1.24073856e-01]]], dtype=float32), array([[[2.68614024e-01, 2.75883764e-01, 2.92064309e-01, 1.67149872e-01,
         1.53908506e-01, 1.52865067e-01, 1.35474026e-01, 1.42127752e-01,
         2.46829495e-01],
        [2.97973454e-01, 2.95168459e-01, 3.11196119e-01, 8.91504735e-02,
         7.83393085e-02, 7.42588416e-02, 5.53905256e-02, 6.76912665e-02,
         2.13923603e-01],
        [2.92123497e-01, 3.02642584e-01, 3.19004774e-01, 4.19277474e-02,
         3.18232700e-02, 2.95653176e-02, 1.92715321e-02, 2.57799625e-02,
         1.94737718e-01],
        [2.81975955e-01, 3.02589536e-01, 3.18386614e-01, 1.60054024e-02,
         1.06804445e-02, 9.74525977e-03, 5.47780050e-03, 7.70793250e-03,
         1.67006969e-01],
        [2.70367831e-01, 2.98444092e-01, 3.13621283e-01, 5.84226614e-03,
         3.46452533e-03, 3.16315843e-03, 1.52411486e-03, 2.24442338e-03,
         1.39522836e-01],
        [2.60473251e-01, 2.93724239e-01, 3.05146247e-01, 2.49834615e-03,
         1.34422642e-03, 1.24115089e-03, 5.21712354e-04, 7.84792355e-04,
         1.19200684e-01],
        [2.51237541e-01, 2.89144874e-01, 2.94297904e-01, 1.24585780e-03,
         6.15522382e-04, 5.83083776e-04, 2.18219109e-04, 3.31258343e-04,
         1.04530513e-01],
        [2.43561551e-01, 2.85400987e-01, 2.84257531e-01, 7.41296622e-04,
         3.38184152e-04, 3.34715704e-04, 1.11388814e-04, 1.70125291e-04,
         9.55562592e-02],
        [2.36314058e-01, 2.82424301e-01, 2.75768369e-01, 4.99867834e-04,
         2.15297550e-04, 2.19120280e-04, 6.72361930e-05, 1.02764629e-04,
         8.96667689e-02],
        [2.30217487e-01, 2.79466569e-01, 2.68293321e-01, 3.71314469e-04,
         1.48818042e-04, 1.58440147e-04, 4.51901433e-05, 6.94297996e-05,
         8.51351246e-02],
        [2.24757925e-01, 2.77268231e-01, 2.62033492e-01, 2.93295801e-04,
         1.12576228e-04, 1.23008940e-04, 3.32637137e-05, 5.14124113e-05,
         8.22085515e-02],
        [2.20541939e-01, 2.75841981e-01, 2.56548285e-01, 2.38194247e-04,
         8.91573145e-05, 9.82995698e-05, 2.53139133e-05, 3.95607822e-05,
         7.92048126e-02],
        [2.16425851e-01, 2.75441974e-01, 2.50138104e-01, 2.06926314e-04,
         7.46887017e-05, 8.38476335e-05, 2.07590329e-05, 3.28444548e-05,
         7.74523243e-02],
        [2.12218463e-01, 2.73377597e-01, 2.45914727e-01, 1.86549412e-04,
         6.54751639e-05, 7.61451593e-05, 1.81006944e-05, 2.88565898e-05,
         7.66712651e-02],
        [2.09169567e-01, 2.72558779e-01, 2.42146567e-01, 1.72644737e-04,
         5.96491700e-05, 7.05002458e-05, 1.63794593e-05, 2.63673282e-05,
         7.60786906e-02],
        [2.06883192e-01, 2.71437019e-01, 2.38569885e-01, 1.62210112e-04,
         5.53134523e-05, 6.61303784e-05, 1.50378019e-05, 2.43719587e-05,
         7.55969286e-02],
        [2.04760060e-01, 2.71465182e-01, 2.36529157e-01, 1.55076414e-04,
         5.22639784e-05, 6.31942312e-05, 1.41394958e-05, 2.31245685e-05,
         7.55521283e-02],
        [2.03412861e-01, 2.69655854e-01, 2.33919621e-01, 1.50293039e-04,
         4.99862799e-05, 6.13431330e-05, 1.34643024e-05, 2.21935534e-05,
         7.53636137e-02],
        [2.02047080e-01, 2.68554211e-01, 2.32194483e-01, 1.45615224e-04,
         4.87530779e-05, 5.98553816e-05, 1.30310464e-05, 2.17629859e-05,
         7.53216967e-02],
        [2.00799137e-01, 2.67385125e-01, 2.30708480e-01, 1.43154888e-04,
         4.78375077e-05, 5.95813326e-05, 1.28071897e-05, 2.15037799e-05,
         7.52262101e-02],
        [1.99739039e-01, 2.66239613e-01, 2.28801340e-01, 1.41241107e-04,
         4.74610060e-05, 5.94100857e-05, 1.27775666e-05, 2.13752792e-05,
         7.53192604e-02],
        [1.98614746e-01, 2.66128272e-01, 2.26974145e-01, 1.40175514e-04,
         4.68516737e-05, 5.91355092e-05, 1.26817367e-05, 2.10844628e-05,
         7.56606013e-02],
        [1.98134691e-01, 2.66337663e-01, 2.26578310e-01, 1.38298376e-04,
         4.60160554e-05, 5.83475994e-05, 1.25480165e-05, 2.08021811e-05,
         7.52755925e-02],
        [1.98135257e-01, 2.67601132e-01, 2.25262597e-01, 1.37854542e-04,
         4.55537447e-05, 5.70579214e-05, 1.24299913e-05, 2.04970202e-05,
         7.55537599e-02],
        [1.98564380e-01, 2.68383712e-01, 2.25193262e-01, 1.35611263e-04,
         4.46435042e-05, 5.57829953e-05, 1.20936393e-05, 1.99887309e-05,
         7.50028491e-02],
        [1.97348610e-01, 2.67165899e-01, 2.25779772e-01, 1.32422618e-04,
         4.40600961e-05, 5.44730210e-05, 1.19035276e-05, 1.95648845e-05,
         7.49146119e-02],
        [1.97482660e-01, 2.66646177e-01, 2.26122379e-01, 1.31456065e-04,
         4.34362555e-05, 5.39695138e-05, 1.18179314e-05, 1.93030082e-05,
         7.48218819e-02],
        [1.98038951e-01, 2.66462296e-01, 2.26765946e-01, 1.30689950e-04,
         4.29531392e-05, 5.34877981e-05, 1.17675663e-05, 1.90868304e-05,
         7.48489425e-02],
        [1.98014349e-01, 2.67261028e-01, 2.25751415e-01, 1.30899207e-04,
         4.24016071e-05, 5.30966936e-05, 1.16267674e-05, 1.88760732e-05,
         7.46693611e-02],
        [1.98665872e-01, 2.66584396e-01, 2.25490317e-01, 1.30214859e-04,
         4.23561178e-05, 5.32674203e-05, 1.16578767e-05, 1.89456769e-05,
         7.47348666e-02],
        [1.98490858e-01, 2.66980290e-01, 2.24998012e-01, 1.30605898e-04,
         4.27885352e-05, 5.35719300e-05, 1.16686197e-05, 1.90707760e-05,
         7.53263831e-02],
        [1.98162451e-01, 2.67487794e-01, 2.24197015e-01, 1.31635665e-04,
         4.30955151e-05, 5.42670969e-05, 1.18437092e-05, 1.92764692e-05,
         7.54838586e-02]]], dtype=float32), array([[[2.71512002e-01, 2.74438143e-01, 2.92218387e-01, 1.64516047e-01,
         1.48844898e-01, 1.47396743e-01, 1.27000153e-01, 1.36184931e-01,
         2.50201553e-01],
        [3.04343104e-01, 2.93427676e-01, 3.08612406e-01, 8.98730531e-02,
         7.67357796e-02, 7.27900118e-02, 5.19157536e-02, 6.63527325e-02,
         2.23154828e-01],
        [3.03493768e-01, 3.01102310e-01, 3.17403406e-01, 3.95731591e-02,
         2.82440521e-02, 2.61822827e-02, 1.58158187e-02, 2.23779846e-02,
         2.04043224e-01],
        [2.98960358e-01, 3.00814927e-01, 3.18694681e-01, 1.43002756e-02,
         8.70661624e-03, 7.88179506e-03, 4.02540388e-03, 6.04886143e-03,
         1.77238539e-01],
        [2.93138653e-01, 2.98183978e-01, 3.15005511e-01, 5.14831394e-03,
         2.73873215e-03, 2.46086181e-03, 1.06296095e-03, 1.65566930e-03,
         1.51347786e-01],
        [2.86805362e-01, 2.94992596e-01, 3.07927072e-01, 2.05330108e-03,
         9.63939703e-04, 8.83447705e-04, 3.24671273e-04, 5.16629720e-04,
         1.30522475e-01],
        [2.80646354e-01, 2.91567922e-01, 2.97542393e-01, 9.55562224e-04,
         4.00662830e-04, 3.76293116e-04, 1.20320816e-04, 1.93836502e-04,
         1.14814952e-01],
        [2.74778008e-01, 2.89850265e-01, 2.86564231e-01, 5.29010780e-04,
         1.99403818e-04, 1.94031003e-04, 5.53906029e-05, 8.95211560e-05,
         1.04507059e-01],
        [2.69003451e-01, 2.87721723e-01, 2.77506292e-01, 3.38451093e-04,
         1.18133612e-04, 1.18933407e-04, 3.07196824e-05, 5.02262956e-05,
         9.80526954e-02],
        [2.62635291e-01, 2.86483288e-01, 2.70172805e-01, 2.39992485e-04,
         7.83215000e-05, 8.20901478e-05, 1.95938519e-05, 3.22759734e-05,
         9.35526341e-02],
        [2.57742196e-01, 2.86051303e-01, 2.63091922e-01, 1.88329548e-04,
         5.87371032e-05, 6.33482850e-05, 1.42694871e-05, 2.37312106e-05,
         9.08620432e-02],
        [2.54222482e-01, 2.85645694e-01, 2.58290023e-01, 1.52401655e-04,
         4.58770010e-05, 5.03586489e-05, 1.07819433e-05, 1.81910582e-05,
         8.80958512e-02],
        [2.50699580e-01, 2.84269512e-01, 2.52904445e-01, 1.31455512e-04,
         3.84377345e-05, 4.32763482e-05, 8.89857620e-06, 1.50803244e-05,
         8.70951340e-02],
        [2.47079104e-01, 2.83437490e-01, 2.47562543e-01, 1.18561118e-04,
         3.34689903e-05, 3.89779598e-05, 7.74603905e-06, 1.32172891e-05,
         8.62307698e-02],
        [2.44420931e-01, 2.82740325e-01, 2.43176490e-01, 1.08838482e-04,
         3.03635134e-05, 3.56785422e-05, 6.94874188e-06, 1.19250499e-05,
         8.57455507e-02],
        [2.41833910e-01, 2.82573849e-01, 2.39815935e-01, 1.02519873e-04,
         2.83327627e-05, 3.37044075e-05, 6.42734904e-06, 1.10846213e-05,
         8.57232958e-02],
        [2.39307970e-01, 2.81967521e-01, 2.36970291e-01, 9.78745957e-05,
         2.69263674e-05, 3.22529522e-05, 6.07637276e-06, 1.04706878e-05,
         8.59759226e-02],
        [2.37242922e-01, 2.81437010e-01, 2.34804824e-01, 9.39547244e-05,
         2.56319709e-05, 3.11364383e-05, 5.80998176e-06, 9.97291045e-06,
         8.56721401e-02],
        [2.35886872e-01, 2.82074988e-01, 2.33415633e-01, 9.05367924e-05,
         2.44030507e-05, 2.99367348e-05, 5.53004475e-06, 9.52405571e-06,
         8.51479098e-02],
        [2.34925285e-01, 2.81787157e-01, 2.32190728e-01, 8.86835332e-05,
         2.35750995e-05, 2.90463413e-05, 5.31502747e-06, 9.21527499e-06,
         8.53136182e-02],
        [2.34365106e-01, 2.81470567e-01, 2.32327923e-01, 8.57738123e-05,
         2.27131131e-05, 2.78069783e-05, 5.06503420e-06, 8.88070281e-06,
         8.44948590e-02],
        [2.32662544e-01, 2.80415803e-01, 2.31712744e-01, 8.40511275e-05,
         2.22377967e-05, 2.71775225e-05, 4.89848480e-06, 8.65492802e-06,
         8.46178904e-02],
        [2.31858060e-01, 2.79673964e-01, 2.31237084e-01, 8.37938642e-05,
         2.21340852e-05, 2.73153273e-05, 4.90825005e-06, 8.67192284e-06,
         8.50221664e-02],
        [2.32050195e-01, 2.78288096e-01, 2.31204852e-01, 8.29127166e-05,
         2.16295230e-05, 2.69292741e-05, 4.80253675e-06, 8.50085326e-06,
         8.47341567e-02],
        [2.32052252e-01, 2.77783751e-01, 2.30169445e-01, 8.23493465e-05,
         2.14462452e-05, 2.68627973e-05, 4.76246123e-06, 8.44808710e-06,
         8.45920369e-02],
        [2.32379362e-01, 2.77533621e-01, 2.29250669e-01, 8.11241553e-05,
         2.11044371e-05, 2.63461279e-05, 4.64591903e-06, 8.27790063e-06,
         8.41012299e-02],
        [2.31289983e-01, 2.77243823e-01, 2.28384912e-01, 7.99961272e-05,
         2.08368183e-05, 2.59720327e-05, 4.54901192e-06, 8.12072540e-06,
         8.41652006e-02],
        [2.30950162e-01, 2.77966410e-01, 2.29118958e-01, 8.02472423e-05,
         2.09174923e-05, 2.59991084e-05, 4.56874523e-06, 8.17109321e-06,
         8.41595829e-02],
        [2.30261490e-01, 2.77826995e-01, 2.28796616e-01, 7.93003273e-05,
         2.08808397e-05, 2.56924177e-05, 4.56071621e-06, 8.11083100e-06,
         8.40830654e-02],
        [2.30464935e-01, 2.78425366e-01, 2.27819055e-01, 7.86941600e-05,
         2.08213805e-05, 2.56984531e-05, 4.53342909e-06, 8.04890897e-06,
         8.40457454e-02],
        [2.29814023e-01, 2.77394652e-01, 2.27553338e-01, 7.88741891e-05,
         2.07176254e-05, 2.57994416e-05, 4.54724932e-06, 8.04671708e-06,
         8.38889033e-02],
        [2.28853658e-01, 2.76377261e-01, 2.27421835e-01, 7.78786271e-05,
         2.06345012e-05, 2.56966669e-05, 4.56049838e-06, 8.01109218e-06,
         8.36595297e-02]]], dtype=float32), array([[[2.69549191e-01, 2.75351524e-01, 2.93662846e-01, 1.46528468e-01,
         1.27045646e-01, 1.24968246e-01, 1.03137672e-01, 1.13419496e-01,
         2.49131620e-01],
        [2.97452748e-01, 2.93539733e-01, 3.09549809e-01, 6.69678971e-02,
         5.18287271e-02, 4.83175404e-02, 3.17278877e-02, 4.30475622e-02,
         2.22099900e-01],
        [2.91420400e-01, 3.00973296e-01, 3.20023417e-01, 2.38075983e-02,
         1.47109795e-02, 1.33080184e-02, 7.17179431e-03, 1.09825851e-02,
         2.03793809e-01],
        [2.81664521e-01, 3.03521097e-01, 3.22918445e-01, 7.16719590e-03,
         3.59940040e-03, 3.21866246e-03, 1.41505536e-03, 2.31264858e-03,
         1.78722858e-01],
        [2.72951007e-01, 3.04152399e-01, 3.20479214e-01, 2.33027153e-03,
         9.84867336e-04, 8.90940079e-04, 3.20655323e-04, 5.48321404e-04,
         1.56818524e-01],
        [2.63967514e-01, 3.05178583e-01, 3.13944101e-01, 9.26585228e-04,
         3.39817634e-04, 3.15241661e-04, 9.54108400e-05, 1.67894206e-04,
         1.41733617e-01],
        [2.54194647e-01, 3.06535751e-01, 3.06072325e-01, 4.42463497e-04,
         1.45031794e-04, 1.37709882e-04, 3.62958708e-05, 6.51369483e-05,
         1.31979629e-01],
        [2.45691285e-01, 3.08649451e-01, 2.97941118e-01, 2.55233550e-04,
         7.59835893e-05, 7.48480088e-05, 1.76647591e-05, 3.19666688e-05,
         1.26384690e-01],
        [2.39018559e-01, 3.10725719e-01, 2.89633125e-01, 1.66479353e-04,
         4.50813968e-05, 4.60873889e-05, 9.88975717e-06, 1.79754006e-05,
         1.22316040e-01],
        [2.33831629e-01, 3.12418401e-01, 2.83042967e-01, 1.23377293e-04,
         3.11452241e-05, 3.27917260e-05, 6.51733444e-06, 1.19692950e-05,
         1.20780870e-01],
        [2.29120076e-01, 3.14078480e-01, 2.77746856e-01, 9.86362720e-05,
         2.33818810e-05, 2.54832830e-05, 4.74313356e-06, 8.84974361e-06,
         1.19323887e-01],
        [2.25792676e-01, 3.14848453e-01, 2.73443043e-01, 8.17055916e-05,
         1.85216686e-05, 2.07228659e-05, 3.64483139e-06, 6.91179685e-06,
         1.18182115e-01],
        [2.23673359e-01, 3.16008210e-01, 2.69370407e-01, 7.13193585e-05,
         1.55618636e-05, 1.77105048e-05, 3.00042711e-06, 5.79280777e-06,
         1.16998471e-01],
        [2.20507041e-01, 3.16151828e-01, 2.65841365e-01, 6.43082676e-05,
         1.36859799e-05, 1.58716812e-05, 2.58646332e-06, 5.08481253e-06,
         1.17398269e-01],
        [2.17789695e-01, 3.15849066e-01, 2.62372106e-01, 5.96809004e-05,
         1.25165288e-05, 1.47527680e-05, 2.35736252e-06, 4.66919300e-06,
         1.17310941e-01],
        [2.16047227e-01, 3.16297293e-01, 2.59632647e-01, 5.61333363e-05,
         1.17760810e-05, 1.39528865e-05, 2.19686331e-06, 4.38692678e-06,
         1.17868870e-01],
        [2.13568345e-01, 3.15313727e-01, 2.56350368e-01, 5.35859690e-05,
         1.12309308e-05, 1.34021957e-05, 2.09587733e-06, 4.19913977e-06,
         1.18369542e-01],
        [2.12505534e-01, 3.14681351e-01, 2.54158974e-01, 5.12664810e-05,
         1.07733331e-05, 1.29056543e-05, 1.98642965e-06, 3.97629856e-06,
         1.18506193e-01],
        [2.11320922e-01, 3.14726651e-01, 2.52380222e-01, 4.96392568e-05,
         1.03749398e-05, 1.24524959e-05, 1.91352115e-06, 3.84167561e-06,
         1.17959268e-01],
        [2.10461751e-01, 3.14105719e-01, 2.49271303e-01, 4.82705545e-05,
         1.00399311e-05, 1.21263629e-05, 1.85216061e-06, 3.72228874e-06,
         1.18114591e-01],
        [2.09053084e-01, 3.13584983e-01, 2.47304603e-01, 4.77171125e-05,
         9.81237736e-06, 1.19364877e-05, 1.82334759e-06, 3.63324716e-06,
         1.18492126e-01],
        [2.08678380e-01, 3.15103620e-01, 2.46507823e-01, 4.72424435e-05,
         9.72172620e-06, 1.17094651e-05, 1.80306029e-06, 3.58422153e-06,
         1.18649930e-01],
        [2.08124444e-01, 3.15197885e-01, 2.45473176e-01, 4.72109787e-05,
         9.72685120e-06, 1.17150930e-05, 1.81029816e-06, 3.58384659e-06,
         1.19623698e-01],
        [2.08045587e-01, 3.16169441e-01, 2.44522691e-01, 4.70417217e-05,
         9.74407430e-06, 1.17558120e-05, 1.83145914e-06, 3.59518663e-06,
         1.19422369e-01],
        [2.07745418e-01, 3.15841138e-01, 2.43033782e-01, 4.67134560e-05,
         9.67937831e-06, 1.17222826e-05, 1.81107782e-06, 3.54260078e-06,
         1.19755782e-01],
        [2.06727251e-01, 3.15682918e-01, 2.41796941e-01, 4.64069817e-05,
         9.63811272e-06, 1.16740675e-05, 1.79737515e-06, 3.51402127e-06,
         1.19570978e-01],
        [2.06678718e-01, 3.16164941e-01, 2.40805224e-01, 4.60976626e-05,
         9.55957967e-06, 1.15289176e-05, 1.76910521e-06, 3.48886806e-06,
         1.19927213e-01],
        [2.06106573e-01, 3.14617604e-01, 2.40365610e-01, 4.60633673e-05,
         9.58857527e-06, 1.16611391e-05, 1.77938000e-06, 3.52108486e-06,
         1.20157272e-01],
        [2.06243783e-01, 3.15004140e-01, 2.39790410e-01, 4.58712493e-05,
         9.54085772e-06, 1.15145740e-05, 1.75077207e-06, 3.48434332e-06,
         1.20326862e-01],
        [2.05333024e-01, 3.13740581e-01, 2.38783330e-01, 4.61316740e-05,
         9.57451994e-06, 1.17085910e-05, 1.77310540e-06, 3.52928032e-06,
         1.20968968e-01],
        [2.04606935e-01, 3.13600242e-01, 2.38542274e-01, 4.61476156e-05,
         9.55131054e-06, 1.16824558e-05, 1.76457593e-06, 3.54614940e-06,
         1.21114455e-01],
        [2.04492301e-01, 3.14810693e-01, 2.38050446e-01, 4.57416936e-05,
         9.40792143e-06, 1.15740813e-05, 1.75201490e-06, 3.48929302e-06,
         1.20844059e-01]]], dtype=float32), array([[[2.6320827e-01, 2.7216372e-01, 2.9519165e-01, 1.2800488e-01,
         1.0545618e-01, 1.0385412e-01, 8.1927292e-02, 9.2744268e-02,
         2.4683386e-01],
        [2.8008288e-01, 2.8733170e-01, 3.0918580e-01, 4.4844344e-02,
         3.0358780e-02, 2.7987612e-02, 1.6685616e-02, 2.4033463e-02,
         2.2017156e-01],
        [2.6169202e-01, 2.8998974e-01, 3.1615481e-01, 1.1146886e-02,
         5.5672489e-03, 5.0011594e-03, 2.3331603e-03, 3.8249469e-03,
         2.0300013e-01],
        [2.4334048e-01, 2.8748494e-01, 3.1523946e-01, 2.7338564e-03,
         1.0693364e-03, 9.6205762e-04, 3.5421920e-04, 6.2256254e-04,
         1.8344346e-01],
        [2.2809181e-01, 2.8363213e-01, 3.0752504e-01, 8.0306764e-04,
         2.5643958e-04, 2.3486180e-04, 6.9037873e-05, 1.2789560e-04,
         1.6900454e-01],
        [2.1440069e-01, 2.8113574e-01, 2.9643503e-01, 3.1949810e-04,
         8.5817053e-05, 8.1038845e-05, 2.0058818e-05, 3.7879392e-05,
         1.6244589e-01],
        [2.0469970e-01, 2.8112206e-01, 2.8604966e-01, 1.6119581e-04,
         3.8403734e-05, 3.6988931e-05, 8.0523796e-06, 1.5489504e-05,
         1.6051275e-01],
        [1.9634944e-01, 2.8072155e-01, 2.7497768e-01, 1.0226091e-04,
         2.2077837e-05, 2.2130962e-05, 4.3634345e-06, 8.5191914e-06,
         1.6277620e-01],
        [1.9007091e-01, 2.8002760e-01, 2.6682732e-01, 7.3596901e-05,
         1.4755652e-05, 1.5407377e-05, 2.7920762e-06, 5.5062164e-06,
         1.6567074e-01],
        [1.8555315e-01, 2.8071070e-01, 2.6038390e-01, 5.7692916e-05,
         1.0876322e-05, 1.1709443e-05, 1.9877682e-06, 3.9849274e-06,
         1.6879681e-01],
        [1.8142103e-01, 2.7889553e-01, 2.5525856e-01, 4.8668560e-05,
         8.7009566e-06, 9.6966414e-06, 1.5641226e-06, 3.1823367e-06,
         1.7296898e-01],
        [1.7898200e-01, 2.7878726e-01, 2.5054938e-01, 4.3055126e-05,
         7.3832398e-06, 8.4627127e-06, 1.3172302e-06, 2.7054464e-06,
         1.7530520e-01],
        [1.7690034e-01, 2.7891582e-01, 2.4616116e-01, 3.9846225e-05,
         6.6512516e-06, 7.8064086e-06, 1.1936842e-06, 2.4662791e-06,
         1.7761475e-01],
        [1.7549436e-01, 2.7857849e-01, 2.4231239e-01, 3.7262762e-05,
         6.1840615e-06, 7.3330557e-06, 1.1039349e-06, 2.2725501e-06,
         1.8047866e-01],
        [1.7347004e-01, 2.7782917e-01, 2.3868066e-01, 3.5633544e-05,
         5.8192204e-06, 6.9916246e-06, 1.0414547e-06, 2.1493536e-06,
         1.8282451e-01],
        [1.7197914e-01, 2.7705669e-01, 2.3539889e-01, 3.3881948e-05,
         5.5137598e-06, 6.6395728e-06, 9.7925317e-07, 2.0258724e-06,
         1.8507996e-01],
        [1.7074938e-01, 2.7661839e-01, 2.3535542e-01, 3.2820051e-05,
         5.2893747e-06, 6.4357605e-06, 9.3727715e-07, 1.9625979e-06,
         1.8561350e-01],
        [1.6992918e-01, 2.7681977e-01, 2.3245192e-01, 3.2291129e-05,
         5.1605793e-06, 6.3232815e-06, 9.2295431e-07, 1.9304885e-06,
         1.8693529e-01],
        [1.6901569e-01, 2.7661431e-01, 2.3053499e-01, 3.1813335e-05,
         5.0813182e-06, 6.3032780e-06, 9.1500954e-07, 1.9053957e-06,
         1.8834044e-01],
        [1.6885029e-01, 2.7635503e-01, 2.2864448e-01, 3.1539363e-05,
         4.9985742e-06, 6.2688791e-06, 9.0120938e-07, 1.8645550e-06,
         1.8916744e-01],
        [1.6776745e-01, 2.7568227e-01, 2.2756989e-01, 3.1189218e-05,
         4.9503014e-06, 6.1862065e-06, 8.9424668e-07, 1.8331328e-06,
         1.8991455e-01],
        [1.6742527e-01, 2.7570793e-01, 2.2711256e-01, 3.1149313e-05,
         4.9340897e-06, 6.1589094e-06, 8.8637711e-07, 1.8283790e-06,
         1.9113085e-01],
        [1.6726968e-01, 2.7521586e-01, 2.2711369e-01, 3.0064140e-05,
         4.7839130e-06, 5.9554759e-06, 8.4848665e-07, 1.7531714e-06,
         1.9013107e-01],
        [1.6728158e-01, 2.7602196e-01, 2.2648214e-01, 2.9955903e-05,
         4.7232229e-06, 5.8962601e-06, 8.3957570e-07, 1.7493538e-06,
         1.9042011e-01],
        [1.6666384e-01, 2.7486646e-01, 2.2605254e-01, 2.9559105e-05,
         4.6566352e-06, 5.8510564e-06, 8.3165594e-07, 1.7277756e-06,
         1.9113138e-01],
        [1.6570550e-01, 2.7248448e-01, 2.2605041e-01, 2.9361718e-05,
         4.6408759e-06, 5.9038484e-06, 8.3151463e-07, 1.7259922e-06,
         1.9203871e-01],
        [1.6680126e-01, 2.7309909e-01, 2.2619417e-01, 2.9371600e-05,
         4.6206046e-06, 5.8817532e-06, 8.2689979e-07, 1.7311841e-06,
         1.9071870e-01],
        [1.6632259e-01, 2.7304029e-01, 2.2589424e-01, 2.9254017e-05,
         4.5906058e-06, 5.8726077e-06, 8.2564242e-07, 1.7179007e-06,
         1.9078459e-01],
        [1.6583842e-01, 2.7315757e-01, 2.2641322e-01, 2.9321938e-05,
         4.6221617e-06, 5.8966389e-06, 8.3610541e-07, 1.7419457e-06,
         1.9068658e-01],
        [1.6563405e-01, 2.7250156e-01, 2.2617052e-01, 2.9296289e-05,
         4.5999527e-06, 5.9151489e-06, 8.3596382e-07, 1.7317649e-06,
         1.9085306e-01],
        [1.6545707e-01, 2.7259931e-01, 2.2611442e-01, 2.9226358e-05,
         4.6260761e-06, 5.9478075e-06, 8.4353627e-07, 1.7409598e-06,
         1.9098178e-01],
        [1.6521049e-01, 2.7195865e-01, 2.2579993e-01, 2.8985052e-05,
         4.6328882e-06, 5.8991741e-06, 8.3707499e-07, 1.7262588e-06,
         1.9183277e-01]]], dtype=float32), array([[[2.69667298e-01, 2.74528652e-01, 2.96264738e-01, 1.28014043e-01,
         1.03373393e-01, 1.01264492e-01, 7.91075230e-02, 9.06107053e-02,
         2.38966703e-01],
        [2.93713748e-01, 2.93277025e-01, 3.11890572e-01, 4.37536798e-02,
         2.82075573e-02, 2.59676520e-02, 1.51981711e-02, 2.24219933e-02,
         2.02825159e-01],
        [2.86403924e-01, 3.01918805e-01, 3.23039412e-01, 1.09640406e-02,
         5.06833754e-03, 4.54901764e-03, 2.06793635e-03, 3.52674630e-03,
         1.75356537e-01],
        [2.80388087e-01, 3.06235284e-01, 3.26596111e-01, 2.62368354e-03,
         9.21230065e-04, 8.24485556e-04, 2.93415593e-04, 5.45826624e-04,
         1.46836475e-01],
        [2.75064260e-01, 3.10820937e-01, 3.23950261e-01, 7.57362985e-04,
         2.12239756e-04, 1.91540879e-04, 5.45901712e-05, 1.07587141e-04,
         1.26607925e-01],
        [2.70114690e-01, 3.16688806e-01, 3.17589551e-01, 2.86611845e-04,
         6.73631803e-05, 6.17931655e-05, 1.47406363e-05, 3.01694017e-05,
         1.15145721e-01],
        [2.65715480e-01, 3.22096974e-01, 3.10429364e-01, 1.39873067e-04,
         2.88999690e-05, 2.68384865e-05, 5.59221644e-06, 1.17701347e-05,
         1.10015981e-01],
        [2.62662321e-01, 3.27546716e-01, 3.03549051e-01, 8.34154271e-05,
         1.53108303e-05, 1.46222555e-05, 2.74628064e-06, 5.90253603e-06,
         1.07416943e-01],
        [2.58554071e-01, 3.30694765e-01, 2.95663029e-01, 5.76439525e-05,
         9.71236659e-06, 9.54910320e-06, 1.64498476e-06, 3.62471724e-06,
         1.07470267e-01],
        [2.56920338e-01, 3.33966911e-01, 2.90564805e-01, 4.48406026e-05,
         7.08044217e-06, 7.19094623e-06, 1.15716909e-06, 2.61057585e-06,
         1.08157143e-01],
        [2.54068732e-01, 3.35751921e-01, 2.83844262e-01, 3.74763986e-05,
         5.71677720e-06, 5.92841934e-06, 9.18561398e-07, 2.08752476e-06,
         1.09728746e-01],
        [2.51951188e-01, 3.36955160e-01, 2.79332876e-01, 3.25302462e-05,
         4.79507980e-06, 5.10481050e-06, 7.57903365e-07, 1.74019476e-06,
         1.11353353e-01],
        [2.51834273e-01, 3.38819414e-01, 2.76519269e-01, 2.92208351e-05,
         4.20163178e-06, 4.51653341e-06, 6.53472227e-07, 1.51981624e-06,
         1.12258352e-01],
        [2.50734895e-01, 3.39992404e-01, 2.73302287e-01, 2.70909095e-05,
         3.79931953e-06, 4.09938775e-06, 5.85178043e-07, 1.37289089e-06,
         1.12701751e-01],
        [2.49675438e-01, 3.40151817e-01, 2.70317852e-01, 2.55258892e-05,
         3.48984258e-06, 3.84047280e-06, 5.40395320e-07, 1.26468001e-06,
         1.13664366e-01],
        [2.49700978e-01, 3.41149509e-01, 2.68006593e-01, 2.43171617e-05,
         3.28344822e-06, 3.65681785e-06, 5.04583738e-07, 1.18832247e-06,
         1.14635497e-01],
        [2.49324501e-01, 3.41041714e-01, 2.66622901e-01, 2.33248902e-05,
         3.13910846e-06, 3.51855874e-06, 4.79088214e-07, 1.13464228e-06,
         1.15555711e-01],
        [2.48845518e-01, 3.39866012e-01, 2.65603840e-01, 2.29604429e-05,
         3.04779132e-06, 3.45653484e-06, 4.66943447e-07, 1.11082591e-06,
         1.16484091e-01],
        [2.48235509e-01, 3.39299500e-01, 2.64958113e-01, 2.23785337e-05,
         2.94113147e-06, 3.36866242e-06, 4.52196673e-07, 1.07197468e-06,
         1.16668724e-01],
        [2.47718543e-01, 3.38959694e-01, 2.64492244e-01, 2.21873124e-05,
         2.88149795e-06, 3.35698405e-06, 4.48600815e-07, 1.06201526e-06,
         1.17741182e-01],
        [2.47711673e-01, 3.39404345e-01, 2.63302773e-01, 2.17597390e-05,
         2.81586995e-06, 3.28154670e-06, 4.39395990e-07, 1.02906711e-06,
         1.17688373e-01],
        [2.47550547e-01, 3.39548677e-01, 2.63531864e-01, 2.15359505e-05,
         2.80107042e-06, 3.22852134e-06, 4.31703086e-07, 1.01919375e-06,
         1.18935965e-01],
        [2.47276708e-01, 3.39127481e-01, 2.62003839e-01, 2.12726700e-05,
         2.76475907e-06, 3.19808532e-06, 4.25318547e-07, 1.00716022e-06,
         1.19275235e-01],
        [2.46630818e-01, 3.37907076e-01, 2.61623234e-01, 2.10419585e-05,
         2.72297143e-06, 3.19278342e-06, 4.18055720e-07, 9.95815071e-07,
         1.19248867e-01],
        [2.46722773e-01, 3.37835014e-01, 2.61269927e-01, 2.09540685e-05,
         2.73180240e-06, 3.19264700e-06, 4.17284213e-07, 9.96879066e-07,
         1.19886898e-01],
        [2.44912013e-01, 3.37147593e-01, 2.59754509e-01, 2.10057296e-05,
         2.72063062e-06, 3.22413302e-06, 4.23487506e-07, 1.00484328e-06,
         1.20271854e-01],
        [2.45872289e-01, 3.36724758e-01, 2.58614928e-01, 2.13139047e-05,
         2.76368633e-06, 3.27418616e-06, 4.29396465e-07, 1.02097681e-06,
         1.21023200e-01],
        [2.46085346e-01, 3.37591529e-01, 2.57413894e-01, 2.09020327e-05,
         2.70879991e-06, 3.21028892e-06, 4.19944769e-07, 9.96337690e-07,
         1.20463885e-01],
        [2.46332467e-01, 3.37878346e-01, 2.58416981e-01, 2.08635774e-05,
         2.72598254e-06, 3.20475738e-06, 4.18671391e-07, 1.00707348e-06,
         1.20307393e-01],
        [2.46207863e-01, 3.36687893e-01, 2.58782029e-01, 2.06643181e-05,
         2.71631188e-06, 3.20094887e-06, 4.19978221e-07, 1.00969203e-06,
         1.20287172e-01],
        [2.46169284e-01, 3.34230900e-01, 2.57830501e-01, 2.06507630e-05,
         2.67376458e-06, 3.20141839e-06, 4.18249385e-07, 9.96696031e-07,
         1.20402396e-01],
        [2.46924639e-01, 3.35176110e-01, 2.58616030e-01, 2.07792036e-05,
         2.66551319e-06, 3.18952812e-06, 4.18880404e-07, 9.98352675e-07,
         1.20402381e-01]]], dtype=float32)]