tf.Tensor(
[[[2.67287791e-01 2.72179604e-01 2.98677832e-01 1.05171815e-01
   8.06542188e-02 7.86061585e-02 5.78977466e-02 6.85498342e-02
   2.30486527e-01]
  [2.86309391e-01 2.89692909e-01 3.13810498e-01 2.95536686e-02
   1.73329674e-02 1.56732854e-02 8.37307051e-03 1.31048961e-02
   1.91203222e-01]
  [2.80165583e-01 2.99010605e-01 3.23872834e-01 7.26246182e-03
   3.12382472e-03 2.76413350e-03 1.15124788e-03 2.04655877e-03
   1.64972723e-01]
  [2.75812715e-01 3.04574192e-01 3.26773494e-01 1.77248463e-03
   5.88072406e-04 5.20280155e-04 1.68643135e-04 3.26038571e-04
   1.38942927e-01]
  [2.72294760e-01 3.10842693e-01 3.22176188e-01 5.70576754e-04
   1.54530091e-04 1.39093041e-04 3.66666645e-05 7.46882288e-05
   1.23053126e-01]
  [2.68313855e-01 3.16289634e-01 3.13985735e-01 2.37907516e-04
   5.43414753e-05 5.05653697e-05 1.12932348e-05 2.37481308e-05
   1.13696009e-01]
  [2.65240490e-01 3.21927458e-01 3.05989802e-01 1.26704952e-04
   2.54117349e-05 2.43857958e-05 4.81324014e-06 1.03558423e-05
   1.09927006e-01]
  [2.61607200e-01 3.26146513e-01 2.97587842e-01 7.96912063e-05
   1.42715908e-05 1.42841354e-05 2.56899193e-06 5.57089606e-06
   1.08190119e-01]
  [2.60005057e-01 3.29702526e-01 2.90849715e-01 5.76260245e-05
   9.51000402e-06 9.79104152e-06 1.63769471e-06 3.60500871e-06
   1.08656041e-01]
  [2.56719649e-01 3.32906008e-01 2.84952611e-01 4.48790670e-05
   7.02458874e-06 7.37322625e-06 1.17523757e-06 2.60967408e-06
   1.09524429e-01]
  [2.54344851e-01 3.34693313e-01 2.80509204e-01 3.79435733e-05
   5.67258667e-06 6.12370332e-06 9.28331019e-07 2.09306722e-06
   1.11398742e-01]
  [2.54201651e-01 3.36734861e-01 2.76193351e-01 3.34203833e-05
   4.86052477e-06 5.30526904e-06 7.80224752e-07 1.77775019e-06
   1.12621322e-01]
  [2.52883345e-01 3.37095112e-01 2.73175508e-01 3.01360396e-05
   4.29617648e-06 4.79685787e-06 6.86008093e-07 1.57396119e-06
   1.14202082e-01]
  [2.51527518e-01 3.37584496e-01 2.70923704e-01 2.75106049e-05
   3.85864359e-06 4.34053118e-06 6.14214969e-07 1.41456189e-06
   1.14278235e-01]
  [2.50642717e-01 3.37503999e-01 2.68633634e-01 2.61147816e-05
   3.61892626e-06 4.11834844e-06 5.72219335e-07 1.32603930e-06
   1.16343334e-01]
  [2.48587176e-01 3.37046385e-01 2.66947448e-01 2.50326320e-05
   3.45868671e-06 3.97215308e-06 5.50591892e-07 1.26941143e-06
   1.17206663e-01]
  [2.48216093e-01 3.37295592e-01 2.65173733e-01 2.43628510e-05
   3.34116157e-06 3.84835039e-06 5.26924680e-07 1.22409085e-06
   1.17895328e-01]
  [2.46373042e-01 3.36321324e-01 2.63597220e-01 2.38768225e-05
   3.23310405e-06 3.76771095e-06 5.12205986e-07 1.19352467e-06
   1.18611142e-01]
  [2.45912239e-01 3.37242931e-01 2.61885256e-01 2.32428538e-05
   3.13495366e-06 3.65453434e-06 4.92086428e-07 1.15235071e-06
   1.18575960e-01]
  [2.45569706e-01 3.37410569e-01 2.60610491e-01 2.28508870e-05
   3.06662650e-06 3.58828311e-06 4.81437098e-07 1.12478347e-06
   1.19321220e-01]
  [2.45794535e-01 3.39399010e-01 2.60946691e-01 2.24457399e-05
   2.96814619e-06 3.46836077e-06 4.65065796e-07 1.09560597e-06
   1.19445175e-01]
  [2.45637462e-01 3.38780522e-01 2.60610074e-01 2.23343286e-05
   2.95451650e-06 3.44242085e-06 4.64523538e-07 1.09585210e-06
   1.20355606e-01]
  [2.46159673e-01 3.39125723e-01 2.60444343e-01 2.21386144e-05
   2.93911171e-06 3.42404041e-06 4.58538835e-07 1.08727352e-06
   1.20735012e-01]
  [2.46285781e-01 3.39489937e-01 2.60217637e-01 2.21416121e-05
   2.93803987e-06 3.42242379e-06 4.58624243e-07 1.08324230e-06
   1.21145733e-01]
  [2.46107548e-01 3.38631719e-01 2.59875625e-01 2.19196863e-05
   2.93243716e-06 3.39746816e-06 4.57008412e-07 1.08115125e-06
   1.21353664e-01]
  [2.46204332e-01 3.37905288e-01 2.58969247e-01 2.20902239e-05
   2.93991138e-06 3.45440321e-06 4.62188694e-07 1.08703273e-06
   1.21731147e-01]
  [2.46657670e-01 3.37483913e-01 2.57813305e-01 2.22792969e-05
   2.96574581e-06 3.50843493e-06 4.66870546e-07 1.09622943e-06
   1.22016154e-01]
  [2.46349290e-01 3.37217331e-01 2.56693035e-01 2.27438341e-05
   3.02788908e-06 3.61843104e-06 4.79611572e-07 1.12381633e-06
   1.22564636e-01]
  [2.46110007e-01 3.37365985e-01 2.56003946e-01 2.27165856e-05
   3.03048523e-06 3.62909236e-06 4.81453071e-07 1.12177588e-06
   1.22707456e-01]
  [2.45591134e-01 3.36598873e-01 2.56131947e-01 2.25490476e-05
   2.98272380e-06 3.61644061e-06 4.76790319e-07 1.10578662e-06
   1.22549951e-01]
  [2.45181024e-01 3.36919993e-01 2.56271392e-01 2.23128136e-05
   2.93145786e-06 3.56041528e-06 4.70135916e-07 1.08442157e-06
   1.22452177e-01]
  [2.45243505e-01 3.36413026e-01 2.56849617e-01 2.22262152e-05
   2.89824357e-06 3.52279244e-06 4.67340726e-07 1.08341396e-06
   1.21637374e-01]]], shape=(1, 32, 9), dtype=float32)