[array([[[3.67235154e-01, 1.60777256e-01, 3.67792368e-01, 1.34944059e-02,
         2.08467264e-02, 1.86123364e-02, 1.55208586e-03, 2.84942798e-02,
         1.90758601e-01],
        [2.42719531e-01, 8.55004936e-02, 5.37637591e-01, 4.00612457e-03,
         3.00553907e-03, 3.00221867e-03, 3.20602921e-05, 4.58508683e-03,
         8.97926837e-02],
        [8.60419869e-02, 5.09921387e-02, 5.53396761e-01, 2.44954899e-02,
         3.09193949e-03, 3.55563988e-03, 3.24120956e-05, 3.08954646e-03,
         8.02829191e-02],
        [5.13456278e-02, 3.81874442e-02, 4.25882339e-01, 1.51474565e-01,
         3.65020125e-03, 4.29772818e-03, 6.43261010e-05, 3.62888351e-03,
         9.64637771e-02],
        [5.16487360e-02, 4.14111242e-02, 2.94856787e-01, 3.19231361e-01,
         4.16422868e-03, 4.70592454e-03, 1.14569615e-04, 4.64875856e-03,
         1.20188214e-01],
        [6.57100230e-02, 4.99235280e-02, 2.18286037e-01, 3.86808813e-01,
         4.53613140e-03, 4.57427464e-03, 1.48256338e-04, 5.22439415e-03,
         1.39049590e-01],
        [8.07867348e-02, 6.02904037e-02, 1.92621261e-01, 4.08622742e-01,
         4.90387762e-03, 4.52356972e-03, 1.77983849e-04, 5.71707031e-03,
         1.59309551e-01],
        [1.00129411e-01, 7.05903992e-02, 1.74943432e-01, 4.13497776e-01,
         5.25391754e-03, 3.99756758e-03, 1.80473799e-04, 5.84524218e-03,
         1.71368569e-01],
        [1.18693918e-01, 8.05343613e-02, 1.67874351e-01, 4.11897004e-01,
         5.61268814e-03, 3.52817471e-03, 1.79420967e-04, 5.88723179e-03,
         1.78614885e-01],
        [1.36624306e-01, 9.07003880e-02, 1.69510573e-01, 4.06210601e-01,
         5.94787952e-03, 3.17618204e-03, 1.77988200e-04, 5.97056327e-03,
         1.82710394e-01],
        [1.56115696e-01, 1.00490406e-01, 1.71039090e-01, 3.97714972e-01,
         6.24975748e-03, 2.81349849e-03, 1.72714543e-04, 5.96618094e-03,
         1.79859921e-01],
        [1.75825551e-01, 1.11350484e-01, 1.77010015e-01, 3.85454535e-01,
         6.62097568e-03, 2.51785945e-03, 1.69893188e-04, 6.00688718e-03,
         1.74356118e-01],
        [1.90315157e-01, 1.23579107e-01, 1.97577596e-01, 3.69804829e-01,
         6.91063935e-03, 2.42405501e-03, 1.75614739e-04, 6.18985388e-03,
         1.72274917e-01],
        [2.10976943e-01, 1.36940539e-01, 2.09264994e-01, 3.53674650e-01,
         7.23518943e-03, 2.24383362e-03, 1.75780151e-04, 6.25540083e-03,
         1.67176485e-01],
        [2.31345862e-01, 1.51324347e-01, 2.23641843e-01, 3.30934346e-01,
         7.38847582e-03, 2.03560223e-03, 1.67841965e-04, 6.15377026e-03,
         1.60003871e-01],
        [2.49824986e-01, 1.67434514e-01, 2.42519036e-01, 3.06252927e-01,
         7.56992679e-03, 1.90588133e-03, 1.59142961e-04, 6.08334458e-03,
         1.53575465e-01],
        [2.65242159e-01, 1.85897455e-01, 2.62641698e-01, 2.80598283e-01,
         7.66213238e-03, 1.80814462e-03, 1.50529071e-04, 6.03388576e-03,
         1.46792337e-01],
        [2.77473778e-01, 2.06848010e-01, 2.87120014e-01, 2.52933264e-01,
         7.69883534e-03, 1.73453777e-03, 1.42365083e-04, 6.00480242e-03,
         1.40096545e-01],
        [2.91151315e-01, 2.29723826e-01, 3.08156937e-01, 2.25561067e-01,
         7.66356289e-03, 1.62193878e-03, 1.29226668e-04, 5.99263841e-03,
         1.29857436e-01],
        [2.99775958e-01, 2.53040105e-01, 3.29867989e-01, 2.00387210e-01,
         7.76475715e-03, 1.56648993e-03, 1.21225166e-04, 6.01385208e-03,
         1.21511906e-01],
        [3.03512812e-01, 2.74315596e-01, 3.50661129e-01, 1.78081155e-01,
         7.81270023e-03, 1.56233099e-03, 1.16240641e-04, 6.00211136e-03,
         1.12995543e-01],
        [3.07317048e-01, 2.95475066e-01, 3.59988719e-01, 1.57929525e-01,
         7.85527378e-03, 1.57567253e-03, 1.15574730e-04, 5.84086217e-03,
         1.03259645e-01],
        [3.11743259e-01, 3.15570921e-01, 3.63078058e-01, 1.38931349e-01,
         7.84088764e-03, 1.57464005e-03, 1.15397153e-04, 5.51729975e-03,
         9.22105983e-02],
        [3.16979051e-01, 3.33246708e-01, 3.59462053e-01, 1.23480715e-01,
         7.93180428e-03, 1.54330977e-03, 1.14777482e-04, 5.19437622e-03,
         8.27151313e-02],
        [3.15462500e-01, 3.42975616e-01, 3.65958899e-01, 1.12583891e-01,
         8.12080596e-03, 1.57893763e-03, 1.15585957e-04, 5.03575662e-03,
         7.74567202e-02],
        [3.14552546e-01, 3.50381255e-01, 3.69785696e-01, 1.06534973e-01,
         8.34545773e-03, 1.59936200e-03, 1.16264513e-04, 4.97784698e-03,
         7.40839690e-02],
        [3.18946332e-01, 3.58285904e-01, 3.67677808e-01, 1.01439618e-01,
         8.48302990e-03, 1.54361653e-03, 1.13364164e-04, 4.89402283e-03,
         6.98808208e-02],
        [3.18248928e-01, 3.62859756e-01, 3.68028551e-01, 9.70076174e-02,
         8.67766887e-03, 1.52817846e-03, 1.13397451e-04, 4.79885889e-03,
         6.78768829e-02],
        [3.15717012e-01, 3.66020590e-01, 3.71347725e-01, 9.49622616e-02,
         8.88433121e-03, 1.55464839e-03, 1.15196061e-04, 4.76717530e-03,
         6.69844970e-02],
        [3.10867816e-01, 3.66055697e-01, 3.76964837e-01, 9.36684385e-02,
         9.06339660e-03, 1.61323312e-03, 1.17004442e-04, 4.75938478e-03,
         6.61778674e-02],
        [3.13833445e-01, 3.70802581e-01, 3.70971560e-01, 9.27666351e-02,
         9.23884474e-03, 1.56835886e-03, 1.17013835e-04, 4.67861677e-03,
         6.44346625e-02],
        [3.10789526e-01, 3.72236758e-01, 3.75864983e-01, 9.13909748e-02,
         9.44344047e-03, 1.60166074e-03, 1.18501746e-04, 4.65032039e-03,
         6.36588261e-02]]], dtype=float32), array([[[6.88141227e-01, 2.75134742e-01, 5.25377572e-01, 4.00715787e-03,
         9.94995330e-03, 1.19263567e-02, 3.70917987e-05, 3.77455913e-02,
         1.24957062e-01],
        [1.83185115e-01, 7.44673669e-01, 7.11813390e-01, 1.09917521e-02,
         6.89661782e-03, 2.08540559e-02, 3.16710721e-05, 3.44914733e-03,
         5.28021455e-02],
        [3.74569073e-02, 7.95636058e-01, 8.45099926e-01, 8.70388933e-03,
         5.75614581e-03, 2.24732533e-02, 5.80853302e-05, 1.44553347e-03,
         8.72313976e-02],
        [3.85669358e-02, 5.25986791e-01, 8.01709414e-01, 2.54776585e-03,
         7.72800855e-03, 1.40036074e-02, 7.93245199e-05, 1.34948699e-03,
         1.96934208e-01],
        [2.47365963e-02, 2.10595965e-01, 5.35381675e-01, 1.96332135e-03,
         1.55080631e-02, 2.09420566e-02, 1.38306496e-04, 1.40651653e-03,
         1.23896666e-01],
        [2.09872257e-02, 7.66914636e-02, 2.92142123e-01, 2.15739757e-03,
         2.21208408e-02, 2.58288067e-02, 1.19019831e-04, 9.95305018e-04,
         4.09430005e-02],
        [2.62412969e-02, 3.68245021e-02, 1.76882699e-01, 2.27543688e-03,
         2.13488583e-02, 2.34670602e-02, 7.84515942e-05, 7.28003797e-04,
         1.60367973e-02],
        [3.55396643e-02, 2.62801908e-02, 1.46502838e-01, 2.13054963e-03,
         1.92997716e-02, 1.98042821e-02, 5.67292664e-05, 6.50261471e-04,
         9.38181859e-03],
        [4.34133410e-02, 2.23162193e-02, 1.41913205e-01, 1.67378946e-03,
         1.54028321e-02, 1.55366501e-02, 3.73769763e-05, 5.63411275e-04,
         6.37318986e-03],
        [5.57061918e-02, 2.09936108e-02, 1.49328098e-01, 1.46075559e-03,
         1.37089593e-02, 1.36278672e-02, 2.95489517e-05, 5.66831208e-04,
         5.15276240e-03],
        [6.68405443e-02, 2.02328563e-02, 1.59687564e-01, 1.27505197e-03,
         1.21849356e-02, 1.24168294e-02, 2.44358926e-05, 5.65665483e-04,
         4.41425247e-03],
        [7.92600363e-02, 2.02339366e-02, 1.72169358e-01, 1.13797677e-03,
         1.11779058e-02, 1.18322708e-02, 2.12909599e-05, 5.74793608e-04,
         3.96926422e-03],
        [9.15396959e-02, 2.02369615e-02, 1.88358098e-01, 1.00692210e-03,
         1.02622034e-02, 1.14295650e-02, 1.87642072e-05, 5.81367232e-04,
         3.63150169e-03],
        [1.02834404e-01, 2.08922792e-02, 2.09941953e-01, 8.96013167e-04,
         9.27710719e-03, 1.11530079e-02, 1.63904497e-05, 5.72196615e-04,
         3.32956528e-03],
        [1.11775570e-01, 2.17373818e-02, 2.32755527e-01, 8.49802687e-04,
         8.97695124e-03, 1.15789426e-02, 1.64030989e-05, 5.82915964e-04,
         3.19177983e-03],
        [1.19002715e-01, 2.26514451e-02, 2.50354975e-01, 8.45462608e-04,
         9.13062692e-03, 1.22495163e-02, 1.71653646e-05, 6.06488495e-04,
         3.19153536e-03],
        [1.22744344e-01, 2.27949582e-02, 2.62059808e-01, 8.09081364e-04,
         8.92956741e-03, 1.26289213e-02, 1.69528194e-05, 6.03224675e-04,
         3.14577087e-03],
        [1.26446679e-01, 2.31225900e-02, 2.69256145e-01, 8.11536040e-04,
         9.11937561e-03, 1.31168310e-02, 1.74033376e-05, 6.17767917e-04,
         3.18946410e-03],
        [1.29087433e-01, 2.32567266e-02, 2.73536861e-01, 8.15910869e-04,
         9.33759660e-03, 1.34497536e-02, 1.80346360e-05, 6.35210308e-04,
         3.23577481e-03],
        [1.31188944e-01, 2.30752788e-02, 2.75125384e-01, 8.02577473e-04,
         9.30477772e-03, 1.34885674e-02, 1.80452716e-05, 6.39876525e-04,
         3.25792539e-03],
        [1.32845119e-01, 2.32353695e-02, 2.76276946e-01, 7.96687731e-04,
         9.33432858e-03, 1.35860434e-02, 1.79052186e-05, 6.44525804e-04,
         3.27466778e-03],
        [1.34291142e-01, 2.32390761e-02, 2.76120514e-01, 8.15062376e-04,
         9.63045564e-03, 1.38209444e-02, 1.88618742e-05, 6.58999896e-04,
         3.35890334e-03],
        [1.35081843e-01, 2.25084163e-02, 2.74632543e-01, 7.64401630e-04,
         9.01358668e-03, 1.34155173e-02, 1.71549218e-05, 6.26301102e-04,
         3.26736085e-03],
        [1.36698678e-01, 2.27202326e-02, 2.73255974e-01, 7.47259648e-04,
         8.92609917e-03, 1.32004805e-02, 1.65013371e-05, 6.19948260e-04,
         3.27839400e-03],
        [1.36989772e-01, 2.28908490e-02, 2.73616761e-01, 7.55118032e-04,
         8.98407120e-03, 1.33071458e-02, 1.68657170e-05, 6.28132955e-04,
         3.38297361e-03],
        [1.37320131e-01, 2.28555668e-02, 2.72475928e-01, 7.58970215e-04,
         9.11545008e-03, 1.34906732e-02, 1.72797754e-05, 6.31282339e-04,
         3.40911304e-03],
        [1.36717021e-01, 2.25065928e-02, 2.70236820e-01, 7.28166313e-04,
         8.69505573e-03, 1.31202843e-02, 1.61569387e-05, 6.07044552e-04,
         3.37573607e-03],
        [1.37293622e-01, 2.22860891e-02, 2.68075019e-01, 7.01020006e-04,
         8.34051240e-03, 1.29201235e-02, 1.52336788e-05, 5.82284993e-04,
         3.35266977e-03],
        [1.37462750e-01, 2.24807635e-02, 2.65615255e-01, 6.96466363e-04,
         8.30288418e-03, 1.27746956e-02, 1.49756797e-05, 5.76838560e-04,
         3.41310981e-03],
        [1.37524456e-01, 2.24049781e-02, 2.63986081e-01, 6.74169394e-04,
         7.99911655e-03, 1.25401001e-02, 1.43379793e-05, 5.58227766e-04,
         3.41913011e-03],
        [1.36409536e-01, 2.23608688e-02, 2.62211502e-01, 6.63540617e-04,
         7.82559812e-03, 1.24256518e-02, 1.39723115e-05, 5.45841584e-04,
         3.44607187e-03],
        [1.35447785e-01, 2.23881360e-02, 2.59770095e-01, 6.14551187e-04,
         7.21800560e-03, 1.18041141e-02, 1.23047848e-05, 5.06491750e-04,
         3.35922837e-03]]], dtype=float32), array([[[7.21231461e-01, 2.32373644e-02, 6.48044348e-01, 9.41182394e-03,
         7.00594159e-03, 1.99775770e-02, 1.81162013e-05, 5.55346124e-02,
         4.82970476e-01],
        [1.44771226e-02, 1.75717641e-02, 5.12569845e-01, 3.36044021e-02,
         7.56011065e-03, 1.36083206e-02, 1.35839946e-04, 6.02325541e-04,
         7.54371822e-01],
        [6.56593032e-03, 7.10093090e-03, 7.78690502e-02, 7.18629453e-03,
         4.58673760e-02, 1.13709923e-02, 3.39686382e-03, 9.96671879e-05,
         9.26823497e-01],
        [1.75639167e-02, 1.18280845e-02, 6.04966981e-03, 2.94076046e-03,
         3.41121107e-02, 6.15172321e-03, 7.95108266e-03, 1.03019549e-04,
         9.37923610e-01],
        [1.52183194e-02, 1.64249707e-02, 2.03356217e-03, 1.98372477e-03,
         1.22501366e-02, 4.69095493e-03, 4.60156426e-03, 1.37491967e-04,
         7.32365787e-01],
        [8.02455097e-03, 1.70572419e-02, 1.38279190e-03, 1.59267453e-03,
         3.37982108e-03, 2.94524524e-03, 9.50524642e-04, 1.92679741e-04,
         2.31180981e-01],
        [1.54459411e-02, 3.73999029e-02, 8.56771308e-04, 1.05672143e-03,
         1.34617870e-03, 2.17877468e-03, 1.39628202e-04, 3.70817637e-04,
         4.86273021e-02],
        [1.81600615e-01, 1.10997036e-02, 5.16543339e-04, 8.77180253e-04,
         1.91956153e-03, 2.88231787e-03, 9.93834255e-05, 1.75951747e-03,
         1.69254579e-02],
        [2.12830275e-01, 3.66813806e-03, 7.77034438e-04, 1.74466253e-03,
         1.98264257e-03, 2.32358393e-03, 1.81723633e-04, 3.32894758e-03,
         1.71350501e-02],
        [8.40365961e-02, 1.45106865e-02, 2.14226940e-03, 2.66719796e-03,
         8.52196943e-04, 7.97107466e-04, 2.29103214e-04, 1.95353734e-03,
         2.55833194e-02],
        [6.95435107e-02, 1.26529336e-01, 7.46898260e-03, 2.55954615e-03,
         4.33442503e-04, 3.26577137e-04, 1.21785328e-04, 1.11115735e-03,
         2.34565493e-02],
        [1.04128614e-01, 4.99636471e-01, 2.99907643e-02, 1.92832644e-03,
         3.75540607e-04, 2.09932201e-04, 4.89130034e-05, 8.04769166e-04,
         1.49866119e-02],
        [2.23827407e-01, 7.53788948e-01, 1.18752792e-01, 1.39903685e-03,
         5.18200453e-04, 2.15999782e-04, 1.99566894e-05, 8.42120615e-04,
         8.43462255e-03],
        [5.47973871e-01, 8.27291012e-01, 3.26644719e-01, 1.17148145e-03,
         8.59744614e-04, 2.66252930e-04, 8.89709645e-06, 1.02826860e-03,
         5.44814812e-03],
        [8.27464163e-01, 8.54249895e-01, 5.47603190e-01, 1.35194743e-03,
         1.47623918e-03, 3.80639714e-04, 6.24858512e-06, 1.44880533e-03,
         4.45538480e-03],
        [9.50865924e-01, 8.53596210e-01, 6.73890054e-01, 1.60395121e-03,
         2.49468954e-03, 5.32799168e-04, 4.28774365e-06, 2.07029888e-03,
         4.50140424e-03],
        [9.85148311e-01, 8.29189658e-01, 7.23135293e-01, 1.85139093e-03,
         3.64344893e-03, 6.42312458e-04, 2.61750938e-06, 2.56610708e-03,
         4.45857132e-03],
        [9.92238939e-01, 7.94451773e-01, 7.52053022e-01, 2.61082617e-03,
         4.08517709e-03, 7.26823928e-04, 1.95018151e-06, 2.97469157e-03,
         4.02066344e-03],
        [9.94047999e-01, 7.52186954e-01, 7.95019448e-01, 3.91267287e-03,
         3.39569873e-03, 7.06398976e-04, 1.26865370e-06, 3.06858122e-03,
         3.52169294e-03],
        [9.88827169e-01, 7.25093603e-01, 8.35806966e-01, 7.21693924e-03,
         2.59302859e-03, 7.18072290e-04, 1.12634427e-06, 2.70167412e-03,
         3.19394120e-03],
        [8.81995916e-01, 7.59686887e-01, 8.43649447e-01, 2.49477476e-02,
         2.45084707e-03, 9.90581699e-04, 2.76352807e-06, 1.84381125e-03,
         2.93816114e-03],
        [8.91655385e-02, 8.50227594e-01, 8.46620142e-01, 1.25285342e-01,
         3.06807365e-03, 2.14550016e-03, 2.85627593e-05, 1.23257539e-03,
         2.76217284e-03],
        [5.89513732e-03, 8.81053388e-01, 8.98653030e-01, 2.67984569e-01,
         4.19527758e-03, 7.13602919e-03, 2.14154847e-04, 1.19190780e-03,
         2.79249344e-03],
        [2.00232025e-03, 8.82191002e-01, 9.43535328e-01, 3.47073883e-01,
         5.38173225e-03, 1.27457762e-02, 8.53592122e-04, 1.57554168e-03,
         3.67872906e-03],
        [1.98420254e-03, 9.21808779e-01, 9.47967708e-01, 3.36756885e-01,
         5.61759342e-03, 1.34741040e-02, 1.85853173e-03, 1.65286276e-03,
         6.07093330e-03],
        [3.16786044e-03, 9.54957485e-01, 9.05821621e-01, 2.46089846e-01,
         5.23941126e-03, 1.09755173e-02, 1.33303623e-03, 1.15029933e-03,
         1.25522520e-02],
        [3.81007255e-03, 9.77639437e-01, 5.79957068e-01, 8.89134035e-02,
         5.74936857e-03, 1.25318030e-02, 3.11230455e-04, 1.07309723e-03,
         2.04644445e-02],
        [1.21482778e-02, 9.37521517e-01, 1.04921259e-01, 1.86274145e-02,
         8.91023222e-03, 2.72959806e-02, 5.61301022e-05, 1.92499091e-03,
         8.35695863e-03],
        [3.91397923e-01, 9.55491364e-02, 1.16185565e-02, 5.34474570e-03,
         2.84379702e-02, 5.13811186e-02, 1.85527188e-05, 9.00268089e-03,
         2.99751759e-03],
        [7.66454875e-01, 2.94122309e-03, 3.73245380e-03, 5.37114590e-03,
         2.85577755e-02, 2.95155477e-02, 3.55992452e-05, 1.93425901e-02,
         8.72567296e-03],
        [3.51571292e-01, 2.04341533e-03, 4.46685310e-03, 5.54701034e-03,
         7.97762536e-03, 5.88651188e-03, 1.12537236e-04, 9.50169750e-03,
         3.13071311e-02],
        [7.99099654e-02, 1.21382102e-02, 9.34676174e-03, 4.57775546e-03,
         1.65405113e-03, 1.35758694e-03, 1.55543661e-04, 3.37824738e-03,
         5.46629131e-02]]], dtype=float32), array([[[7.04277217e-01, 4.06082124e-02, 4.79873836e-01, 1.09522745e-01,
         4.88249771e-03, 1.86696034e-02, 1.01339947e-05, 2.22860631e-02,
         3.10333800e-02],
        [5.21333968e-05, 8.21023047e-01, 3.60448379e-03, 2.65557855e-01,
         6.07438385e-03, 2.51708180e-02, 1.69935741e-03, 4.79049253e-04,
         3.54963914e-02],
        [1.36995614e-02, 2.36892581e-01, 1.46289379e-03, 7.50231370e-03,
         1.91750266e-02, 6.38950244e-03, 2.12773681e-03, 8.10262864e-04,
         6.38494313e-01],
        [9.73506272e-01, 1.59941744e-02, 1.57892692e-03, 5.64904942e-04,
         3.64967273e-03, 2.90230528e-04, 9.45061329e-05, 1.13443262e-03,
         7.90651679e-01],
        [9.41901803e-01, 1.40035346e-01, 7.75962789e-03, 5.49331133e-04,
         1.72072425e-04, 5.80595988e-05, 9.69856137e-06, 2.92106095e-04,
         7.89058208e-02],
        [9.99118434e-04, 8.62752318e-01, 1.39054880e-02, 2.82469504e-02,
         3.88087443e-04, 6.12912583e-04, 3.06872709e-04, 8.91355667e-05,
         2.77261157e-03],
        [6.61471131e-05, 9.71080661e-01, 5.70512982e-03, 5.87587059e-02,
         1.53008173e-03, 3.00011714e-03, 1.17701350e-03, 1.00464327e-04,
         2.98453332e-03],
        [1.04905950e-04, 9.95363653e-01, 1.39281398e-03, 2.52734162e-02,
         2.04702839e-03, 3.53266369e-03, 1.10383704e-03, 1.49222760e-04,
         2.82805180e-03],
        [1.31962227e-03, 9.86652851e-01, 3.64785374e-04, 1.23845302e-02,
         5.26648574e-03, 1.13240751e-02, 5.10341313e-04, 4.14566923e-04,
         1.93388190e-03],
        [9.60824370e-01, 2.89026685e-02, 5.01499337e-04, 5.72852278e-03,
         2.76028831e-02, 1.72881708e-02, 3.26757872e-04, 6.13869214e-03,
         5.12155704e-03],
        [9.99343276e-01, 9.57865175e-03, 1.29549997e-03, 1.76306407e-03,
         3.21654626e-03, 1.34613656e-03, 1.48268271e-04, 7.93985371e-03,
         2.14045793e-02],
        [9.59789455e-01, 4.34594274e-01, 1.80887878e-02, 2.30003614e-03,
         1.06128035e-04, 1.66788755e-04, 1.29301930e-04, 1.44304440e-03,
         4.43004118e-03],
        [1.08526319e-01, 9.59155262e-01, 5.08708179e-01, 5.66765666e-03,
         3.27187990e-05, 1.46192877e-04, 1.22474929e-04, 3.12192191e-04,
         9.34065960e-04],
        [3.98963311e-04, 9.87058342e-01, 7.33490825e-01, 5.03144376e-02,
         1.91332379e-04, 8.37319589e-04, 4.89936967e-04, 1.75464476e-04,
         1.35619519e-03],
        [1.84731671e-05, 9.88343418e-01, 1.26637593e-01, 1.89273298e-01,
         1.66784099e-03, 4.16186219e-03, 1.78924995e-03, 1.53893401e-04,
         8.28081928e-03],
        [4.62107600e-05, 9.95023727e-01, 5.00269420e-03, 7.80305043e-02,
         2.79228645e-03, 4.90401173e-03, 1.40518439e-03, 1.48869440e-04,
         9.15968418e-03],
        [5.81741333e-04, 9.93501961e-01, 7.02967984e-04, 1.95348226e-02,
         3.95662617e-03, 1.02592027e-02, 3.24963650e-04, 3.74262192e-04,
         3.15588270e-03],
        [9.01836038e-01, 5.55259325e-02, 9.89132212e-04, 7.48938508e-03,
         2.07136571e-02, 1.91800036e-02, 2.22642091e-04, 5.39256353e-03,
         5.16062649e-03],
        [9.99378800e-01, 7.48145301e-03, 1.99986226e-03, 2.23767501e-03,
         3.94303212e-03, 1.85543310e-03, 1.34830363e-04, 8.21123086e-03,
         3.13449688e-02],
        [9.36191201e-01, 4.37223256e-01, 1.57899782e-02, 2.97980290e-03,
         1.22367448e-04, 1.92100400e-04, 1.31182518e-04, 9.85876541e-04,
         9.10699181e-03],
        [3.00432146e-02, 9.75287795e-01, 3.24176759e-01, 8.94812774e-03,
         4.56585585e-05, 1.77571477e-04, 1.99593313e-04, 1.88578852e-04,
         1.39197707e-03],
        [1.25885010e-04, 9.93898749e-01, 4.25999016e-01, 6.44562840e-02,
         2.94673373e-04, 9.96899093e-04, 8.80754553e-04, 1.31857625e-04,
         1.68642402e-03],
        [1.82736148e-05, 9.92971778e-01, 5.25877737e-02, 1.42440096e-01,
         1.94560329e-03, 3.89815564e-03, 2.13081087e-03, 1.24728249e-04,
         7.77187943e-03],
        [6.17393671e-05, 9.96056437e-01, 3.88197112e-03, 5.61070368e-02,
         3.18391807e-03, 4.89186309e-03, 1.57674309e-03, 1.60360345e-04,
         7.82406330e-03],
        [7.43448734e-04, 9.92901444e-01, 6.38772792e-04, 1.89216398e-02,
         4.56242543e-03, 1.10086892e-02, 3.69864429e-04, 4.16217517e-04,
         2.75209546e-03],
        [9.57380414e-01, 3.09015512e-02, 1.34529464e-03, 7.15848198e-03,
         1.99167710e-02, 1.65116508e-02, 1.74161338e-04, 6.25868794e-03,
         5.23898005e-03],
        [9.99206722e-01, 9.27251577e-03, 2.38337135e-03, 2.26622401e-03,
         2.97674653e-03, 1.47999695e-03, 1.61255157e-04, 7.11009186e-03,
         3.72412801e-02],
        [8.87539268e-01, 4.88829762e-01, 2.15070583e-02, 3.37710371e-03,
         9.34051350e-05, 1.46625258e-04, 9.86067535e-05, 5.65606868e-04,
         1.00911558e-02],
        [2.42078304e-03, 9.80135083e-01, 1.77189022e-01, 2.21148767e-02,
         7.33908018e-05, 2.01455594e-04, 3.93611088e-04, 7.79967813e-05,
         1.35180354e-03],
        [1.24655999e-05, 9.95996773e-01, 4.08341810e-02, 1.28969908e-01,
         5.33005164e-04, 1.21604186e-03, 1.27753778e-03, 5.57121239e-05,
         1.84690952e-03],
        [2.09064347e-05, 9.96619582e-01, 6.55724155e-03, 7.45102167e-02,
         1.29639800e-03, 2.15503038e-03, 1.43052393e-03, 6.68691282e-05,
         3.39895487e-03],
        [9.83238060e-05, 9.98743773e-01, 1.26426993e-03, 2.29048301e-02,
         1.51963008e-03, 3.00223613e-03, 5.23061317e-04, 1.37074603e-04,
         2.05931067e-03]]], dtype=float32), array([[[7.30433285e-01, 3.01361736e-02, 7.16952980e-01, 1.48931304e-02,
         2.36174616e-04, 2.54132575e-03, 3.78559662e-06, 1.17172692e-02,
         6.87020183e-01],
        [5.01603681e-05, 8.57012153e-01, 8.71055901e-01, 9.57578979e-03,
         6.23415326e-05, 7.85225187e-04, 2.17720990e-05, 3.69134141e-05,
         7.89003968e-02],
        [1.49410102e-04, 5.00493974e-04, 8.36650789e-01, 9.17764474e-03,
         2.42744270e-03, 9.97110084e-03, 1.53863766e-05, 1.94171313e-04,
         9.00254250e-02],
        [1.35218538e-03, 1.76777703e-05, 5.46157127e-04, 1.84614733e-02,
         7.83799309e-03, 7.55286263e-03, 2.09189329e-05, 5.22534479e-04,
         1.71501994e-01],
        [3.67145962e-03, 1.42881484e-03, 2.11142265e-04, 2.46457546e-03,
         2.61168781e-04, 5.14537620e-04, 5.55616862e-06, 1.63420802e-03,
         9.33977123e-03],
        [7.07243383e-01, 1.04547027e-04, 4.77217929e-03, 3.99505923e-04,
         6.82159516e-05, 5.15628781e-04, 8.75326194e-08, 6.49562152e-03,
         6.73926389e-03],
        [9.89078403e-01, 1.95195553e-05, 1.49552841e-02, 3.80641024e-04,
         1.68990198e-04, 7.38530245e-04, 9.63879074e-08, 8.85196310e-03,
         6.84545040e-02],
        [4.64814454e-02, 7.24515776e-05, 7.03642517e-02, 2.72009987e-03,
         3.52646835e-04, 1.41442602e-03, 4.50256539e-06, 3.39431665e-03,
         8.01116049e-01],
        [1.24193812e-02, 2.51700985e-04, 5.97230680e-02, 9.48603358e-03,
         1.38472836e-03, 6.34599058e-03, 2.27881756e-05, 4.69380571e-03,
         9.94497120e-01],
        [7.15197325e-02, 1.52008224e-03, 1.66457500e-02, 1.65456180e-02,
         3.05133290e-03, 1.11411233e-02, 4.46576050e-05, 1.02102784e-02,
         9.97094035e-01],
        [3.32788169e-01, 1.01966327e-02, 1.79640483e-02, 2.07236689e-02,
         3.01817455e-03, 9.43036657e-03, 4.09216118e-05, 1.80972181e-02,
         9.93096292e-01],
        [6.82690024e-01, 4.01879139e-02, 4.48816083e-02, 2.53174081e-02,
         2.27355422e-03, 5.85764972e-03, 1.87478781e-05, 1.79361068e-02,
         9.82329249e-01],
        [6.26017690e-01, 1.41642809e-01, 8.43354017e-02, 3.63165140e-02,
         1.71187124e-03, 5.32762846e-03, 1.26061313e-05, 1.21504562e-02,
         9.53965604e-01],
        [1.26854956e-01, 5.22402465e-01, 7.26410076e-02, 7.57232159e-02,
         1.72934169e-03, 7.95462355e-03, 1.91053405e-05, 5.28020086e-03,
         8.27467918e-01],
        [3.65826348e-03, 9.14139390e-01, 3.11441831e-02, 1.46800712e-01,
         3.35939764e-03, 1.68985147e-02, 6.00358399e-05, 1.92780583e-03,
         3.18803072e-01],
        [2.65181065e-04, 9.86374140e-01, 1.67985279e-02, 1.11057252e-01,
         6.66689454e-03, 2.20713336e-02, 1.20188430e-04, 9.61129845e-04,
         4.53462787e-02],
        [6.48722125e-05, 9.94120538e-01, 1.49175934e-02, 2.74885781e-02,
         7.26272957e-03, 1.52191455e-02, 8.71369411e-05, 6.24594628e-04,
         5.75061701e-03],
        [9.53255148e-05, 9.73599911e-01, 1.01767778e-02, 2.73192767e-03,
         5.31849684e-03, 8.46384838e-03, 1.70978583e-05, 7.26085971e-04,
         1.27005228e-03],
        [2.68712640e-03, 1.09301746e-01, 4.78777383e-03, 7.25436315e-04,
         3.22465086e-03, 1.04096914e-02, 1.62459912e-06, 7.52724824e-04,
         7.17937248e-04],
        [9.47730541e-01, 1.07780877e-04, 1.19238463e-03, 3.73244489e-04,
         2.58925674e-03, 1.49512151e-02, 1.26787228e-07, 4.34735371e-03,
         6.08441001e-03],
        [9.99298453e-01, 2.17756060e-05, 9.56211356e-04, 4.07979824e-04,
         9.53872106e-04, 2.88952957e-03, 2.28932002e-08, 1.23478509e-02,
         4.03707027e-02],
        [9.73587811e-01, 8.21693829e-05, 3.69775877e-03, 1.20197970e-03,
         7.11636618e-04, 1.46628555e-03, 6.59021566e-08, 7.12243933e-03,
         2.30214089e-01],
        [3.65333259e-02, 6.67631626e-04, 8.44771415e-03, 6.09885016e-03,
         1.52231997e-03, 2.32436857e-03, 7.10906704e-07, 3.72896111e-03,
         8.88481915e-01],
        [3.50189209e-03, 1.23883784e-02, 2.93031079e-03, 2.08238177e-02,
         3.85174830e-03, 6.25936687e-03, 1.35394639e-05, 2.25415826e-03,
         9.84628558e-01],
        [1.54551864e-03, 5.07496238e-01, 1.85997528e-03, 3.68565843e-02,
         5.28511219e-03, 7.13993330e-03, 1.01344718e-04, 2.29657721e-03,
         9.70217764e-01],
        [1.22550130e-03, 9.77106392e-01, 7.78580597e-03, 4.04004119e-02,
         4.35871119e-03, 6.58514723e-03, 2.24908843e-04, 3.36503587e-03,
         7.37022638e-01],
        [1.20922923e-03, 9.97627139e-01, 3.83612812e-02, 4.00372893e-02,
         5.54565992e-03, 8.33998993e-03, 3.37398495e-04, 5.03737153e-03,
         1.89012393e-01],
        [6.77287579e-04, 9.99387920e-01, 9.25536156e-02, 4.47034203e-02,
         1.03009846e-02, 1.10259904e-02, 5.01885486e-04, 4.24015056e-03,
         3.58582176e-02],
        [1.42931938e-04, 9.99750257e-01, 1.15456037e-01, 4.82780561e-02,
         2.12507788e-02, 1.17531959e-02, 9.22847015e-04, 1.97395147e-03,
         1.00868568e-02],
        [1.90566134e-05, 9.99833345e-01, 9.04064626e-02, 2.67783590e-02,
         4.01024632e-02, 8.79655592e-03, 1.36300363e-03, 8.00059817e-04,
         2.90228357e-03],
        [6.91780861e-06, 9.99592602e-01, 3.81034836e-02, 4.84439125e-03,
         5.23749441e-02, 3.87352565e-03, 6.10904070e-04, 5.32415230e-04,
         5.51189878e-04],
        [1.90754326e-05, 9.78061199e-01, 1.51127782e-02, 9.40079975e-04,
         1.38183301e-02, 2.40386487e-03, 5.97334147e-05, 4.92722203e-04,
         4.53470886e-04]]], dtype=float32), array([[[7.30863035e-01, 6.56163786e-03, 7.21827984e-01, 5.86902630e-03,
         1.65151403e-04, 6.29667600e-04, 1.00373961e-06, 9.91122890e-03,
         7.07887471e-01],
        [8.72222006e-01, 6.75732037e-03, 1.95512846e-02, 6.36631448e-04,
         1.30811168e-04, 2.06012410e-04, 9.39961901e-05, 9.23577114e-04,
         6.82620564e-03],
        [6.85749110e-05, 9.05405521e-01, 9.50119138e-01, 1.88255887e-02,
         1.70595576e-05, 2.06491568e-05, 4.00441873e-04, 6.73512914e-05,
         1.00869720e-03],
        [3.76328477e-04, 1.44244943e-04, 5.00738144e-01, 1.03442995e-02,
         6.00840023e-04, 5.99573774e-04, 4.22848461e-05, 1.44019039e-04,
         9.66682255e-01],
        [1.37438113e-02, 3.24144130e-05, 5.03549003e-04, 2.41429023e-02,
         2.57092528e-03, 1.35062344e-03, 2.68852928e-05, 2.32044724e-04,
         9.88964975e-01],
        [5.31926863e-02, 1.04951682e-02, 3.65768210e-04, 3.17716599e-02,
         2.00182098e-04, 5.39156084e-04, 7.76376328e-06, 1.65728779e-04,
         9.67043817e-01],
        [6.11171499e-03, 5.86322844e-01, 9.04565770e-03, 1.22554414e-02,
         2.09800692e-05, 1.77578127e-04, 1.58836804e-06, 1.23892460e-04,
         9.17620882e-02],
        [7.27538764e-02, 1.86026357e-02, 7.60988984e-03, 3.55786528e-03,
         1.29939090e-05, 3.81799007e-04, 1.57126294e-07, 1.01288967e-03,
         8.17479566e-03],
        [9.96882915e-01, 2.55774683e-03, 3.47004924e-03, 2.44926335e-03,
         2.02164738e-05, 5.62583562e-04, 5.77339279e-07, 1.54273594e-02,
         5.47200162e-03],
        [1.78066664e-03, 9.74622071e-01, 6.29262388e-01, 4.81032860e-03,
         1.52246130e-05, 2.15766529e-04, 3.41859204e-03, 1.93272310e-03,
         6.70482405e-04],
        [1.78796006e-03, 3.62872005e-01, 9.90851283e-01, 2.44860095e-03,
         2.45634874e-05, 5.91899334e-05, 9.52823248e-05, 1.44887995e-03,
         2.85585046e-01],
        [6.73689181e-03, 8.62008310e-05, 4.63288009e-01, 2.10099132e-03,
         9.61550744e-04, 6.17833226e-04, 4.12423360e-05, 1.13155926e-03,
         9.98713255e-01],
        [4.80471877e-03, 9.54076604e-05, 4.17740876e-03, 1.41771126e-03,
         5.29682823e-03, 2.00859457e-03, 1.30357657e-04, 7.88790814e-04,
         9.99211729e-01],
        [4.67410311e-03, 4.63303365e-03, 1.53662101e-03, 9.53808893e-04,
         2.69107032e-03, 6.19787374e-04, 3.10637028e-04, 4.70636645e-04,
         9.86486852e-01],
        [2.55464818e-02, 4.65864390e-01, 3.15655582e-02, 8.64442089e-04,
         3.54512187e-04, 1.08931097e-04, 1.67020567e-04, 5.78302424e-04,
         2.56768703e-01],
        [1.35179222e-01, 9.43744779e-01, 6.76086426e-01, 2.05115811e-03,
         7.00860910e-05, 6.60942969e-05, 3.65278320e-05, 7.28012761e-04,
         4.79889056e-03],
        [1.86402589e-01, 8.85036290e-01, 9.06104922e-01, 4.18018969e-03,
         5.88338662e-05, 9.98640899e-05, 9.66019343e-06, 5.97474980e-04,
         2.73065316e-03],
        [1.37072861e-01, 3.16137791e-01, 8.83611500e-01, 4.49074432e-03,
         2.28415956e-04, 2.33358995e-04, 7.30582997e-06, 4.86091507e-04,
         1.00737605e-02],
        [6.73705637e-02, 4.55430746e-02, 4.27782923e-01, 4.76786541e-03,
         1.13340933e-03, 6.93916052e-04, 1.52544735e-05, 4.02806996e-04,
         3.22168432e-02],
        [6.73280060e-02, 1.66394711e-02, 9.65844691e-02, 4.73871827e-03,
         3.73312063e-03, 1.19182933e-03, 3.01654545e-05, 4.29210137e-04,
         3.86902317e-02],
        [7.18902349e-02, 2.09776461e-02, 4.45529595e-02, 5.27740596e-03,
         7.59017793e-03, 1.28838327e-03, 4.81435600e-05, 4.58710099e-04,
         2.49608010e-02],
        [1.00098461e-01, 3.65558565e-02, 4.24996838e-02, 5.99635113e-03,
         9.27142799e-03, 1.21178466e-03, 5.36699845e-05, 5.23628085e-04,
         1.56650152e-02],
        [1.42970979e-01, 5.48292696e-02, 4.90753837e-02, 7.16697052e-03,
         9.05112922e-03, 1.20002346e-03, 5.11733051e-05, 6.16232806e-04,
         1.15798181e-02],
        [1.95616037e-01, 6.91188574e-02, 5.22001199e-02, 9.24214348e-03,
         8.08362663e-03, 1.28907256e-03, 4.51670785e-05, 7.56795693e-04,
         1.05233425e-02],
        [2.50932723e-01, 8.04167390e-02, 4.64500040e-02, 1.27117140e-02,
         7.57998088e-03, 1.53922045e-03, 4.02989535e-05, 9.52545670e-04,
         1.10014938e-02],
        [2.87092686e-01, 9.59174037e-02, 3.50474939e-02, 1.71685573e-02,
         7.84894824e-03, 1.91773474e-03, 3.69588597e-05, 1.17437111e-03,
         1.26373852e-02],
        [2.71119922e-01, 1.31174445e-01, 2.80331299e-02, 2.06262264e-02,
         5.94001450e-03, 1.76594104e-03, 2.02226765e-05, 1.08968990e-03,
         1.55131221e-02],
        [2.13859946e-01, 1.78966761e-01, 3.84071134e-02, 2.35838834e-02,
         3.03481915e-03, 1.59256964e-03, 1.04731271e-05, 9.41679988e-04,
         1.87049229e-02],
        [7.63327181e-02, 3.07976305e-01, 8.30131173e-02, 2.75920685e-02,
         1.03090669e-03, 1.11563818e-03, 5.41347663e-06, 6.74984185e-04,
         2.30110493e-02],
        [1.93234086e-02, 4.69003856e-01, 2.58897394e-01, 2.49403603e-02,
         4.27918509e-04, 6.95589988e-04, 2.84606381e-06, 3.94554285e-04,
         2.41586603e-02],
        [3.51837277e-03, 5.37157178e-01, 6.26138806e-01, 1.78138800e-02,
         2.51671008e-04, 5.36030100e-04, 2.17234515e-06, 1.98863723e-04,
         2.36485973e-02],
        [7.96139240e-04, 4.18660045e-01, 8.82605553e-01, 1.07171303e-02,
         1.47524144e-04, 5.77046536e-04, 1.73069247e-06, 1.10331304e-04,
         2.42165700e-02]]], dtype=float32), array([[[7.3077774e-01, 1.1985457e-02, 7.2521842e-01, 8.5644059e-02,
         4.0639154e-04, 3.3240775e-03, 1.1542199e-06, 6.6286355e-01,
         2.7339606e-02],
        [5.0217404e-06, 1.5679357e-03, 1.3520920e-02, 3.0340094e-02,
         3.2460283e-02, 8.0982391e-03, 1.2420047e-03, 1.5226834e-03,
         3.3733821e-03],
        [7.3287033e-02, 3.6996214e-05, 1.0204989e-02, 9.9214271e-04,
         8.3394203e-04, 1.8070717e-04, 1.4812833e-04, 2.1731028e-02,
         9.4397575e-01],
        [9.4412786e-01, 1.3391272e-03, 7.7104318e-04, 2.8867889e-04,
         2.2020112e-04, 1.2898672e-04, 7.6323440e-06, 2.8002696e-02,
         9.5435321e-01],
        [2.5041195e-02, 9.4456691e-01, 6.0282997e-04, 2.1000616e-03,
         6.0054456e-04, 4.9236679e-04, 8.6725144e-05, 1.2498967e-03,
         3.5287002e-01],
        [9.0238884e-02, 9.9462813e-01, 7.3544852e-02, 2.3396430e-03,
         3.6767803e-03, 3.1634895e-03, 6.7532133e-06, 1.1738864e-03,
         1.7321589e-03],
        [1.9156728e-02, 2.9903778e-01, 4.6431862e-02, 2.2255171e-03,
         2.2886279e-01, 7.5152613e-02, 1.4449268e-05, 4.4522996e-04,
         1.1700898e-03],
        [1.4526302e-04, 5.6465436e-03, 3.8372458e-05, 2.9342219e-03,
         8.4252799e-01, 1.9468229e-01, 1.4667794e-03, 1.2140277e-04,
         1.9992188e-02],
        [1.8999273e-04, 9.2097789e-01, 8.1792045e-05, 4.2841756e-03,
         2.1634470e-01, 3.3789389e-03, 5.5279597e-03, 2.5222290e-04,
         1.8442987e-03],
        [9.4526783e-02, 9.9945021e-01, 6.6111082e-01, 4.8988154e-03,
         1.2583270e-02, 4.3559421e-04, 5.6210298e-05, 8.8363548e-04,
         6.7758607e-05],
        [2.1476893e-01, 1.8189588e-01, 7.3859829e-01, 2.6809447e-03,
         1.3562831e-01, 3.0306384e-02, 1.1427528e-05, 1.7955661e-03,
         7.3240453e-04],
        [1.5321263e-04, 7.0023083e-04, 1.2873624e-04, 4.2407191e-03,
         8.6950070e-01, 3.3071083e-01, 1.1930577e-03, 2.2368485e-04,
         5.0880831e-02],
        [2.7349518e-04, 4.6755281e-01, 2.5606279e-05, 4.7572362e-03,
         2.9877633e-01, 5.9626568e-03, 4.0178485e-03, 6.4999051e-04,
         7.8258058e-03],
        [8.7087095e-02, 9.9971724e-01, 5.7434368e-01, 9.6089197e-03,
         2.4789958e-03, 2.2374616e-04, 5.2901254e-05, 1.5078925e-03,
         9.7138385e-05],
        [7.8321344e-01, 7.4488819e-01, 9.8381054e-01, 6.9824825e-03,
         5.6928992e-03, 4.5502195e-03, 1.6359675e-06, 6.0550496e-03,
         3.5539406e-04],
        [4.8118830e-04, 2.1436214e-03, 2.0944074e-02, 1.5864203e-02,
         9.0809219e-02, 1.8967412e-01, 2.1640750e-05, 6.3094264e-04,
         1.1528505e-02],
        [6.0916525e-05, 2.5466383e-02, 9.6955191e-05, 9.8683611e-03,
         7.2241642e-02, 4.8753113e-02, 2.0944055e-04, 4.3106006e-04,
         3.6506966e-02],
        [2.1290779e-04, 9.9589062e-01, 9.4720274e-03, 8.9208707e-03,
         2.3200798e-03, 1.1511253e-03, 1.1577078e-04, 7.6673314e-04,
         1.2801727e-03],
        [3.8120151e-04, 9.9908268e-01, 1.8712416e-01, 6.7425314e-03,
         1.9877220e-03, 1.7608975e-03, 1.7423232e-05, 1.5805484e-03,
         2.2657427e-04],
        [4.2200089e-04, 9.9060583e-01, 4.6821933e-02, 4.0718759e-03,
         4.1726138e-03, 3.8678464e-03, 2.0344372e-05, 2.9149563e-03,
         2.6472780e-04],
        [1.2047589e-03, 9.8950642e-01, 1.1694691e-02, 3.2856115e-03,
         4.0514539e-03, 2.5361096e-03, 4.1600764e-05, 5.1054070e-03,
         3.6740908e-04],
        [7.1062744e-03, 9.9599630e-01, 6.2791989e-03, 2.3734730e-03,
         3.1942360e-03, 1.5110665e-03, 7.8833422e-05, 1.1085162e-02,
         6.3156744e-04],
        [5.4924566e-01, 9.9474984e-01, 3.0829608e-03, 1.0657617e-03,
         2.3159583e-03, 1.6282453e-03, 3.7991813e-05, 5.0852209e-02,
         2.2358289e-03],
        [9.9479353e-01, 9.7976780e-01, 1.9206703e-03, 6.3964486e-04,
         1.4727627e-03, 2.5293459e-03, 7.7276054e-06, 1.4168976e-01,
         8.7886350e-03],
        [8.6559224e-01, 9.9561322e-01, 8.8042021e-04, 1.1999995e-03,
         3.8039153e-03, 3.7726264e-03, 2.5812911e-05, 4.1636188e-02,
         1.4004493e-02],
        [4.3532252e-03, 9.9921811e-01, 1.0617375e-03, 1.8894852e-03,
         5.7509644e-03, 3.2622544e-03, 3.5535119e-04, 2.7335277e-03,
         6.5396577e-03],
        [1.2487471e-03, 9.9797583e-01, 2.5355816e-03, 1.0368774e-03,
         5.4787234e-03, 3.1908914e-03, 3.0867677e-04, 1.6292850e-03,
         8.4434291e-03],
        [7.4219704e-04, 9.8870158e-01, 1.6178489e-03, 5.7584967e-04,
         1.0726181e-02, 4.4499505e-03, 3.0204497e-04, 1.1904744e-03,
         1.6969468e-02],
        [2.7522445e-04, 9.8293984e-01, 1.2768805e-03, 5.0354959e-04,
         1.2556583e-02, 4.5752698e-03, 3.8691668e-04, 8.7658351e-04,
         1.3358704e-02],
        [1.8790364e-04, 9.8763919e-01, 2.5200546e-03, 4.4380699e-04,
         1.1653362e-02, 3.8131955e-03, 3.3857088e-04, 6.9820648e-04,
         5.1271506e-03],
        [3.1155348e-04, 9.6724278e-01, 4.7522783e-03, 3.3596129e-04,
         1.4636324e-02, 4.3860408e-03, 1.8430967e-04, 7.3439174e-04,
         3.5821178e-03],
        [1.2922287e-04, 7.8692752e-01, 1.7310083e-03, 3.5090643e-04,
         3.0321574e-02, 5.2229161e-03, 1.8319360e-04, 2.6250948e-04,
         6.4057447e-03]]], dtype=float32), array([[[7.30450213e-01, 2.37509813e-02, 7.19384253e-01, 3.25522944e-02,
         2.84821697e-04, 4.39122366e-03, 1.14219506e-06, 2.22815666e-02,
         5.95517224e-03],
        [2.69424936e-06, 3.42479395e-03, 5.08429541e-04, 5.33531839e-03,
         1.26437293e-02, 7.40354240e-01, 1.50284753e-03, 1.99556205e-04,
         6.58407225e-05],
        [3.95569688e-04, 3.21229990e-03, 9.35015082e-01, 2.06137891e-03,
         1.28207932e-04, 9.37019847e-03, 1.74738350e-03, 5.00383368e-03,
         3.66776226e-06],
        [9.70010281e-01, 1.34062648e-04, 9.78091776e-01, 6.21570274e-04,
         3.38124846e-05, 5.14854502e-04, 2.06599070e-05, 2.79236734e-02,
         9.00030136e-05],
        [3.37679544e-03, 8.94042430e-04, 9.61644411e-01, 1.62320514e-03,
         6.58177742e-05, 1.04864617e-03, 3.53027576e-06, 4.18219774e-04,
         1.42363505e-03],
        [1.31397555e-03, 1.06508769e-05, 2.43030977e-03, 2.18927744e-03,
         3.95451067e-03, 2.10958831e-02, 1.89098984e-07, 4.40366624e-04,
         8.87331367e-03],
        [5.48753269e-05, 3.52788810e-03, 3.23941003e-06, 8.52810964e-03,
         1.21816369e-02, 6.90165535e-02, 4.84082702e-05, 2.17749039e-04,
         9.60496662e-04],
        [3.80592719e-05, 9.88241792e-01, 2.49442441e-04, 6.10106438e-03,
         1.64261379e-03, 2.15324480e-03, 2.98114755e-04, 4.34315269e-04,
         1.37022862e-05],
        [3.23459506e-02, 6.71958745e-01, 3.71944867e-02, 1.95500627e-03,
         8.20939080e-04, 1.78545935e-03, 1.50670039e-05, 5.82001265e-03,
         4.10590201e-06],
        [7.11258054e-01, 2.33683479e-03, 2.10899226e-02, 9.74222901e-04,
         2.11393833e-03, 2.32136752e-02, 4.48262381e-06, 3.79536562e-02,
         1.14611266e-05],
        [1.29347369e-02, 1.60661410e-04, 2.53482489e-04, 2.58048298e-03,
         1.34296613e-02, 2.42038399e-01, 3.26826630e-05, 1.66915953e-02,
         9.37682635e-05],
        [3.52559320e-04, 1.64039829e-03, 1.46888115e-05, 4.70751617e-03,
         2.34369133e-02, 3.64965409e-01, 8.46962444e-04, 5.50007727e-03,
         2.28794568e-04],
        [4.15354036e-04, 2.20927924e-01, 8.66226837e-05, 4.20545740e-03,
         4.64120740e-03, 2.83175819e-02, 1.56524277e-03, 1.20714111e-02,
         4.53976427e-05],
        [2.09640991e-02, 4.05095220e-01, 4.21838276e-03, 2.36873468e-03,
         1.15886389e-03, 3.11625982e-03, 2.96687969e-04, 5.82033060e-02,
         1.34161000e-05],
        [8.42952788e-01, 1.90180764e-02, 7.12591857e-02, 1.25687104e-03,
         6.40407612e-04, 4.51418571e-03, 4.58113864e-05, 2.42283240e-01,
         2.03214768e-05],
        [9.03739333e-01, 7.35133886e-04, 4.04249206e-02, 1.21650903e-03,
         9.71395872e-04, 2.28096638e-02, 2.94479560e-05, 3.54833007e-01,
         7.28549785e-05],
        [8.20723772e-02, 7.81139315e-05, 1.49097980e-03, 2.13105720e-03,
         4.58124233e-03, 1.73927471e-01, 9.22511827e-05, 1.87130645e-01,
         3.65009182e-04],
        [2.55373120e-03, 2.27928162e-04, 7.96598106e-05, 3.74365621e-03,
         1.16817784e-02, 3.17225367e-01, 1.06293999e-03, 6.45058453e-02,
         6.91914291e-04],
        [1.61051750e-03, 1.50747001e-02, 1.72138214e-04, 3.67093878e-03,
         3.52779659e-03, 4.32980694e-02, 3.53351072e-03, 6.98556155e-02,
         1.77411348e-04],
        [2.79067755e-02, 1.68429375e-01, 7.59202242e-03, 2.18659244e-03,
         5.75847109e-04, 2.43213330e-03, 1.66828942e-03, 1.48906216e-01,
         5.25021278e-05],
        [9.02976394e-01, 2.39995122e-02, 3.54988307e-01, 1.07198115e-03,
         1.31176028e-04, 1.36638666e-03, 2.17247711e-04, 3.86131376e-01,
         6.11432188e-05],
        [9.91700649e-01, 1.13582611e-03, 7.46450484e-01, 9.84947896e-04,
         1.25866762e-04, 6.58645481e-03, 3.82445942e-05, 5.65425992e-01,
         2.30612190e-04],
        [4.42520142e-01, 7.75220105e-05, 6.39870763e-02, 1.45607477e-03,
         1.28316216e-03, 1.58398494e-01, 5.26955810e-05, 3.55102599e-01,
         1.01598038e-03],
        [1.55955553e-03, 3.83048755e-05, 3.12775373e-04, 3.73315183e-03,
         3.16803977e-02, 6.62422478e-01, 9.28300375e-04, 6.19595982e-02,
         2.40052678e-03],
        [4.06384468e-04, 9.55373049e-04, 6.45706314e-05, 4.93718917e-03,
         2.41999757e-02, 3.44948351e-01, 8.97810329e-03, 3.07361130e-02,
         1.02089194e-03],
        [2.20930576e-03, 5.37831485e-02, 1.19093060e-03, 3.94596066e-03,
         2.59077083e-03, 1.39105432e-02, 9.99939069e-03, 4.89160828e-02,
         1.93352796e-04],
        [2.08955914e-01, 1.47452593e-01, 8.36867988e-02, 1.69951760e-03,
         2.55584280e-04, 1.10865838e-03, 1.81554677e-03, 1.40327662e-01,
         7.26885191e-05],
        [9.90808487e-01, 1.71041191e-02, 8.74214172e-01, 1.14263885e-03,
         6.14269156e-05, 1.01427571e-03, 1.26988016e-04, 3.70622814e-01,
         9.57072189e-05],
        [9.91391778e-01, 8.75711441e-04, 9.07012224e-01, 1.03066408e-03,
         9.80574041e-05, 9.57634486e-03, 2.25851327e-05, 4.41756278e-01,
         4.44699312e-04],
        [4.57106233e-02, 5.61724773e-05, 3.94956470e-02, 2.97180843e-03,
         3.76080978e-03, 3.50316405e-01, 7.21326578e-05, 1.45162061e-01,
         9.70453315e-04],
        [5.90711832e-04, 3.35368422e-05, 2.05636024e-04, 5.87583892e-03,
         7.46951103e-02, 7.06635952e-01, 1.11143710e-03, 3.39608006e-02,
         1.86733750e-03],
        [3.28540802e-04, 9.07927752e-04, 6.87430147e-05, 6.59512030e-03,
         3.39924693e-02, 2.49167025e-01, 5.28670661e-03, 2.31834669e-02,
         6.04884466e-04]]], dtype=float32), array([[[7.30917096e-01, 1.04800984e-02, 7.19170332e-01, 4.91025485e-03,
         1.46210208e-04, 1.18154660e-03, 1.54054521e-06, 1.28388688e-01,
         2.01826394e-02],
        [1.94449149e-06, 4.14564321e-03, 1.02566648e-03, 2.59532896e-03,
         1.08164991e-03, 6.46453118e-04, 1.25310000e-03, 7.08342821e-04,
         2.33496146e-04],
        [3.61116603e-02, 1.92366333e-05, 7.95833945e-01, 1.09690521e-03,
         2.20768106e-05, 2.83728741e-06, 8.87012084e-06, 4.28682147e-03,
         7.25573182e-01],
        [9.81682718e-01, 5.05146600e-05, 3.04743787e-03, 2.17905545e-04,
         1.71814958e-04, 3.07083928e-06, 1.32121090e-06, 3.85758420e-03,
         9.75825369e-01],
        [7.08573789e-04, 9.75335121e-01, 3.87228169e-02, 1.41141971e-03,
         1.65827914e-05, 7.88909290e-07, 1.76111243e-05, 1.95999979e-04,
         8.51988673e-01],
        [5.06855696e-02, 2.69474804e-01, 8.52321684e-01, 7.30874133e-04,
         7.98925466e-05, 5.01072282e-06, 5.06223330e-07, 5.09274018e-04,
         9.71893847e-01],
        [3.68177984e-03, 1.28498310e-02, 6.65233005e-03, 3.65979574e-03,
         3.31617659e-03, 4.10042325e-04, 9.22499748e-06, 5.67203737e-04,
         9.92172599e-01],
        [2.31214581e-04, 5.03054321e-01, 1.87134079e-03, 7.10006617e-03,
         1.91156846e-02, 2.15717591e-03, 3.24970140e-04, 5.40525070e-04,
         9.90090966e-01],
        [4.22804820e-04, 9.25024509e-01, 2.34039724e-02, 6.62931101e-03,
         3.75827514e-02, 4.16849647e-03, 4.54544293e-04, 8.06817727e-04,
         9.54044640e-01],
        [1.03074382e-03, 7.71216512e-01, 9.00267512e-02, 4.37446497e-03,
         1.04406118e-01, 1.21828588e-02, 2.11925464e-04, 1.51282083e-03,
         7.43326902e-01],
        [1.04481634e-03, 9.97383967e-02, 4.13801447e-02, 2.76804250e-03,
         4.13779467e-01, 4.68683019e-02, 1.06979503e-04, 1.54926430e-03,
         2.74639636e-01],
        [4.40772623e-04, 7.87962321e-03, 4.55588102e-03, 3.41168884e-03,
         7.52594650e-01, 6.78913444e-02, 7.11883258e-05, 9.10333358e-04,
         6.13794252e-02],
        [1.91062078e-04, 2.36045755e-03, 7.83199095e-04, 5.70157915e-03,
         8.63635957e-01, 3.87048796e-02, 3.02930748e-05, 5.46336873e-04,
         1.80816967e-02],
        [1.28716099e-04, 1.16985943e-03, 3.15471727e-04, 8.21813382e-03,
         8.45421314e-01, 1.77510958e-02, 2.40626032e-05, 6.47838518e-04,
         7.64417229e-03],
        [9.07995200e-05, 6.70671230e-04, 1.76793008e-04, 1.10012051e-02,
         6.63977802e-01, 6.97389478e-03, 6.02695800e-05, 9.77209187e-04,
         7.34039769e-03],
        [1.91152096e-04, 4.29034233e-04, 2.19189955e-04, 1.64610427e-02,
         3.56765807e-01, 3.17112310e-03, 2.93204968e-04, 1.88207894e-03,
         2.63245050e-02],
        [9.34952497e-03, 6.94066286e-04, 4.27625113e-04, 1.68866999e-02,
         9.91056487e-02, 2.01777066e-03, 6.12841395e-04, 4.95626917e-03,
         4.60891485e-01],
        [7.59900272e-01, 3.60023975e-03, 1.14154723e-03, 7.46447081e-03,
         2.42314413e-02, 1.50363264e-03, 5.83133020e-04, 1.01310629e-02,
         9.59169269e-01],
        [9.88254666e-01, 6.16242886e-02, 3.22902435e-03, 3.55517631e-03,
         7.78831728e-03, 7.03634112e-04, 1.50241220e-04, 6.32376364e-03,
         9.85483408e-01],
        [9.83822465e-01, 8.05221200e-01, 4.99557797e-03, 2.72456021e-03,
         5.68003859e-03, 6.90953922e-04, 5.02173498e-05, 2.94426153e-03,
         9.56590354e-01],
        [2.47158170e-01, 9.95209336e-01, 1.06333466e-02, 4.77925921e-03,
         7.08439574e-03, 1.28065585e-03, 1.05609062e-04, 7.59975228e-04,
         2.72345334e-01],
        [1.30820274e-03, 9.97313619e-01, 5.89363091e-02, 1.87407713e-02,
         1.67363789e-02, 1.27043796e-03, 1.20931778e-04, 1.94913344e-04,
         2.45026965e-03],
        [3.23679524e-05, 8.84663224e-01, 3.55607457e-02, 3.42845991e-02,
         4.84024025e-02, 6.75116549e-04, 5.08637459e-05, 1.65313744e-04,
         3.48734146e-04],
        [1.98964117e-05, 2.04924941e-02, 1.88213435e-03, 2.35297102e-02,
         6.57262281e-02, 2.66950199e-04, 1.06436069e-04, 4.40211094e-04,
         2.13028467e-03],
        [7.18665123e-03, 2.79700756e-03, 2.10043718e-03, 1.74633637e-02,
         1.00285076e-02, 1.21828547e-04, 1.69155144e-04, 4.64424305e-03,
         4.78404284e-01],
        [9.91435111e-01, 6.43149018e-03, 3.05801514e-03, 3.04311304e-03,
         2.41717510e-03, 1.66862490e-04, 3.69911795e-05, 1.18719125e-02,
         9.90198553e-01],
        [8.93561959e-01, 9.36319470e-01, 1.52137852e-03, 3.39155761e-03,
         1.49784447e-03, 1.48226478e-04, 8.93742181e-05, 1.73711975e-03,
         9.44473743e-01],
        [1.90019608e-04, 9.99887347e-01, 2.98272669e-02, 2.52946839e-02,
         1.63921877e-03, 1.19194498e-04, 4.09020169e-04, 2.54327926e-04,
         4.21828823e-03],
        [9.38019457e-06, 9.98511493e-01, 5.27728796e-01, 3.84843946e-02,
         5.25980396e-03, 1.12309899e-04, 2.12227023e-05, 1.46514081e-04,
         5.14621679e-05],
        [2.33702594e-05, 3.43158841e-03, 3.07953358e-03, 1.60522405e-02,
         2.66844258e-02, 1.95716479e-04, 1.75590612e-05, 4.56420879e-04,
         3.51384340e-04],
        [1.81351453e-01, 9.52997943e-05, 4.47571278e-04, 7.14556081e-03,
         2.62590847e-03, 4.80913004e-05, 1.99704264e-05, 1.00104734e-02,
         3.67025524e-01],
        [9.99730349e-01, 8.54629278e-03, 8.16255808e-04, 1.71841111e-03,
         1.57168761e-04, 2.02683968e-05, 1.11970185e-05, 1.09795006e-02,
         9.80382442e-01]]], dtype=float32), array([[[7.05896437e-01, 5.87663800e-02, 7.00626850e-01, 3.36258449e-02,
         6.40494283e-04, 1.90547202e-03, 8.82317690e-05, 7.54277641e-03,
         7.00643170e-04],
        [1.08248300e-04, 8.90471158e-04, 8.78502548e-01, 9.08057264e-05,
         5.23591472e-04, 1.05741632e-03, 2.43856967e-03, 2.82184454e-04,
         4.96534631e-04],
        [9.35024261e-01, 1.78723523e-04, 9.52236652e-01, 1.83866854e-04,
         3.76777389e-05, 1.47290964e-04, 1.47579040e-05, 2.86645780e-04,
         8.09353660e-04],
        [5.07298764e-03, 1.96549281e-01, 9.81862009e-01, 4.51091764e-04,
         2.73722726e-05, 3.90700588e-05, 4.40384647e-05, 2.27404053e-05,
         3.08275659e-04],
        [5.92572510e-01, 6.24095082e-01, 9.93156195e-01, 6.43450883e-04,
         5.09471502e-05, 6.40909129e-05, 1.20837276e-05, 5.11576436e-05,
         1.20733675e-04],
        [9.96675968e-01, 9.91122186e-01, 9.96988416e-01, 1.63031754e-03,
         1.11220244e-04, 1.35263463e-05, 4.83513440e-06, 1.42355639e-04,
         2.99322768e-04],
        [1.66693330e-03, 9.98926878e-01, 9.95092690e-01, 6.02648186e-04,
         3.75910517e-04, 8.74683792e-06, 2.84636171e-05, 1.39635285e-05,
         8.37855259e-05],
        [2.86277430e-03, 9.98968184e-01, 9.94226217e-01, 2.26024058e-04,
         1.77426205e-03, 5.04506388e-05, 1.35925748e-05, 9.28269492e-06,
         6.37296907e-05],
        [1.07880030e-03, 9.06948209e-01, 9.27435040e-01, 1.27946711e-04,
         3.89854400e-03, 1.28488973e-04, 4.44010220e-05, 1.81892501e-05,
         9.08632574e-05],
        [1.72639987e-03, 8.98481965e-01, 9.79066253e-01, 2.22793271e-04,
         5.63565642e-04, 6.49068825e-05, 1.27163104e-04, 4.95316308e-05,
         1.59426330e-04],
        [8.19798648e-01, 9.72354949e-01, 9.99671221e-01, 2.98460654e-04,
         7.38065864e-05, 6.73480463e-05, 1.14382747e-05, 1.21951794e-04,
         8.98208062e-04],
        [9.99702275e-01, 9.98858869e-01, 9.99114275e-01, 8.84688750e-04,
         2.47324177e-04, 3.53887081e-05, 5.93191146e-07, 2.06729746e-04,
         1.70252053e-03],
        [1.24454219e-03, 9.99985337e-01, 8.35272074e-01, 6.63800805e-04,
         7.45460950e-03, 5.07939476e-05, 1.42107119e-05, 1.78525097e-05,
         7.65812947e-05],
        [8.27470722e-05, 9.99266505e-01, 5.03088713e-01, 3.75910837e-04,
         6.48608506e-02, 3.76728131e-04, 2.31823342e-05, 1.70226540e-05,
         2.17591860e-05],
        [4.93131156e-05, 2.51516372e-01, 3.16013880e-02, 3.35460121e-04,
         1.38398170e-01, 1.32822234e-03, 2.47074931e-04, 5.05248063e-05,
         1.24220765e-04],
        [2.40325928e-04, 5.00246406e-01, 4.20508772e-01, 5.43665257e-04,
         1.94502494e-03, 1.66679063e-04, 3.35896038e-03, 2.78755615e-04,
         4.64950339e-04],
        [1.02811962e-01, 9.88171220e-01, 9.99690235e-01, 3.37824022e-04,
         9.60135367e-05, 1.07310276e-04, 2.07213976e-04, 4.88937774e-04,
         2.29048845e-03],
        [9.99726474e-01, 9.92060781e-01, 9.99614179e-01, 6.32444047e-04,
         3.48090747e-04, 1.26867759e-04, 1.18008904e-06, 3.77795892e-04,
         8.47478025e-03],
        [4.34332788e-02, 9.99960542e-01, 8.04575920e-01, 7.66930170e-04,
         9.39652324e-03, 8.72817618e-05, 5.81566064e-06, 3.14996105e-05,
         5.77835890e-04],
        [3.83718580e-05, 9.99808669e-01, 9.08670127e-02, 6.00410625e-04,
         1.01952642e-01, 5.74290287e-04, 2.65762410e-05, 1.66216123e-05,
         3.93386799e-05],
        [3.05889225e-05, 4.06004369e-01, 7.22557306e-03, 5.57994877e-04,
         2.66756982e-01, 3.44356732e-03, 2.52082187e-04, 5.17583030e-05,
         8.95720295e-05],
        [1.06647472e-04, 9.05935764e-02, 1.35194361e-02, 9.37872450e-04,
         1.33819068e-02, 4.32640169e-04, 8.40735808e-03, 1.80715797e-04,
         8.91996140e-04],
        [4.77248430e-03, 9.91749942e-01, 9.97480392e-01, 4.95332468e-04,
         2.13524210e-04, 7.05626371e-05, 2.03303108e-03, 4.79937618e-04,
         2.36200984e-03],
        [9.87335801e-01, 9.86564159e-01, 9.99787509e-01, 3.37115373e-04,
         2.57984386e-04, 1.76817179e-04, 1.04504479e-05, 3.31825810e-04,
         1.40083265e-02],
        [9.91187334e-01, 9.99346673e-01, 9.87666368e-01, 6.90515852e-04,
         2.09129043e-03, 7.22110635e-05, 1.69061161e-06, 7.82796997e-05,
         1.78323910e-02],
        [9.50580725e-05, 9.99941826e-01, 8.37606788e-02, 8.75504280e-04,
         4.97112013e-02, 2.51859426e-04, 2.82168894e-05, 8.81547930e-06,
         4.03594837e-04],
        [3.37372512e-06, 9.88242507e-01, 7.75831938e-03, 4.24025493e-04,
         2.70890445e-01, 3.42723727e-03, 2.46619340e-04, 1.55452399e-05,
         3.06550864e-05],
        [7.13591271e-06, 4.05370593e-02, 7.02407956e-03, 4.24037862e-04,
         8.41966942e-02, 3.32194567e-03, 1.81245082e-03, 6.17001060e-05,
         1.05554362e-04],
        [6.50584698e-04, 4.08384621e-01, 8.71512055e-01, 5.75737329e-04,
         8.12514569e-04, 2.12132931e-04, 2.10729288e-03, 2.83198024e-04,
         1.27734698e-03],
        [9.99259472e-01, 8.92218709e-01, 9.99234438e-01, 5.16845495e-04,
         1.50655047e-04, 8.90326337e-05, 2.42121769e-06, 4.09518485e-04,
         8.20711255e-03],
        [1.62114203e-02, 9.99905705e-01, 4.78576303e-01, 5.24268311e-04,
         7.27826171e-03, 8.21153299e-05, 6.77263097e-06, 3.97210715e-05,
         4.35015187e-04],
        [4.39468204e-06, 9.99526381e-01, 3.36129665e-02, 2.96110054e-04,
         8.62558857e-02, 7.76022673e-04, 2.90756216e-05, 1.24951348e-05,
         1.88002214e-05]]], dtype=float32)]