tf.Tensor(
[[[6.99241042e-01 4.66100574e-02 7.05604434e-01 2.11065281e-02
   3.95047246e-04 1.10392505e-03 5.12710139e-05 3.72122112e-03
   2.07424382e-04]
  [2.33543760e-04 4.84721124e-04 8.79411459e-01 7.21658726e-05
   4.99205780e-04 8.65064969e-04 2.13849870e-03 3.95738054e-04
   5.62628382e-04]
  [9.36090231e-01 2.11281425e-04 9.52305675e-01 1.84606833e-04
   3.74822994e-05 1.18321674e-04 1.65324291e-05 2.89182673e-04
   1.07604591e-03]
  [4.17735102e-03 2.25488335e-01 9.81867552e-01 4.24956117e-04
   2.80041077e-05 3.30194234e-05 3.87572509e-05 1.83560405e-05
   2.48448312e-04]
  [7.59981215e-01 5.20001054e-01 9.93141532e-01 5.34581544e-04
   5.06796350e-05 5.08111734e-05 7.63318985e-06 3.89286324e-05
   6.51555019e-05]
  [9.96582210e-01 9.92099464e-01 9.96624172e-01 1.41140260e-03
   1.00966456e-04 6.72623946e-06 1.04763485e-05 1.25725637e-04
   1.93042055e-04]
  [6.42041967e-04 9.98867333e-01 9.96897042e-01 3.90113244e-04
   1.38936521e-04 4.07812195e-06 3.88713052e-05 6.67274799e-06
   1.02495462e-04]
  [6.56533521e-04 9.94536459e-01 9.95624721e-01 9.71845948e-05
   1.41766935e-03 4.88352161e-05 2.51528018e-05 6.14256032e-06
   8.04957672e-05]
  [3.77012417e-04 4.98783290e-01 9.55261588e-01 7.82270072e-05
   3.22924834e-03 1.16635136e-04 1.33717695e-04 2.02814863e-05
   1.05467647e-04]
  [3.35666188e-03 7.12674797e-01 9.95093703e-01 2.17446519e-04
   5.21076319e-04 6.19433558e-05 2.17901528e-04 8.68295319e-05
   1.79217575e-04]
  [9.87161636e-01 9.49208081e-01 9.99761462e-01 5.39596193e-04
   8.12123544e-05 6.00796157e-05 8.67401923e-06 1.73171633e-04
   9.48522356e-04]
  [9.97603357e-01 9.99808192e-01 9.98191833e-01 8.35289189e-04
   2.51452118e-04 2.22488743e-05 1.50843880e-06 1.36964343e-04
   1.06410834e-03]
  [1.53651484e-03 9.99990344e-01 9.22334492e-01 4.84929275e-04
   4.24540835e-03 3.43713182e-05 1.28192214e-05 2.08214624e-05
   5.36717380e-05]
  [1.73956025e-04 9.99491215e-01 7.79852986e-01 2.52430124e-04
   3.12695391e-02 2.26316391e-04 2.17018733e-05 2.17297857e-05
   2.36317701e-05]
  [7.65893856e-05 5.50205231e-01 1.72347024e-01 1.77617825e-04
   6.11150749e-02 7.81891518e-04 1.99729300e-04 4.37125236e-05
   1.50064589e-04]
  [5.92261553e-04 6.63455009e-01 7.47999072e-01 2.72165809e-04
   1.46523071e-03 1.59077608e-04 1.34543516e-03 2.09554011e-04
   6.52022485e-04]
  [8.42850685e-01 9.77237523e-01 9.99580860e-01 2.31899350e-04
   1.03833903e-04 9.75180228e-05 2.39118308e-05 3.59207013e-04
   4.54158755e-03]
  [9.99708235e-01 9.98664856e-01 9.97916102e-01 5.63609181e-04
   4.86738893e-04 5.88050389e-05 4.24742439e-07 2.34530729e-04
   5.84723195e-03]
  [4.62472439e-04 9.99977350e-01 4.12126929e-01 6.41874503e-04
   2.35377401e-02 1.19169155e-04 9.92360037e-06 1.24240323e-05
   1.47452680e-04]
  [1.18981625e-05 9.97620404e-01 5.26460707e-02 3.72675189e-04
   2.18868092e-01 1.40183989e-03 4.00947247e-05 1.38932282e-05
   2.02606734e-05]
  [1.17811978e-05 9.87567604e-02 5.96323609e-03 4.62782831e-04
   1.95862174e-01 3.03435070e-03 6.25085726e-04 5.57599487e-05
   8.99934530e-05]
  [2.30938196e-04 3.64167243e-01 4.07443106e-01 5.99129824e-04
   1.84394966e-03 2.23427909e-04 4.12309822e-03 2.91810720e-04
   7.90588791e-04]
  [6.04447961e-01 9.66960073e-01 9.99496877e-01 3.22258740e-04
   1.31333582e-04 1.06072832e-04 7.15922870e-05 4.94580425e-04
   9.20361653e-03]
  [9.99764204e-01 9.96401131e-01 9.98265982e-01 5.76811493e-04
   5.02677867e-04 6.25159373e-05 6.39579127e-07 2.53858336e-04
   2.03865077e-02]
  [3.91095877e-04 9.99965310e-01 2.50348508e-01 6.54525938e-04
   2.42374539e-02 1.46925449e-04 1.75500663e-05 1.16914134e-05
   4.50375257e-04]
  [1.06668067e-05 9.97202039e-01 2.45077014e-02 3.26812558e-04
   2.22861290e-01 2.01830268e-03 6.69384535e-05 1.71838037e-05
   3.07895752e-05]
  [1.51818576e-05 6.77680671e-02 3.43915820e-03 4.70302126e-04
   2.15720206e-01 4.42740321e-03 8.99964012e-04 6.53139141e-05
   1.12266331e-04]
  [1.76280737e-04 3.62850308e-01 2.66833812e-01 6.36190409e-04
   2.16344860e-03 2.12043524e-04 6.49987301e-03 2.51947902e-04
   8.80902226e-04]
  [7.60383010e-01 9.65647578e-01 9.99523282e-01 3.14718462e-04
   9.34175769e-05 6.49862704e-05 3.21224361e-05 3.55845259e-04
   4.91313217e-03]
  [9.99610186e-01 9.97108698e-01 9.94196534e-01 4.42673278e-04
   7.38664181e-04 4.04789316e-05 3.44330005e-07 1.43070269e-04
   9.56511218e-03]
  [2.30148944e-05 9.99910355e-01 4.51972783e-02 5.69226511e-04
   5.30733652e-02 1.97052956e-04 2.80159038e-05 8.03257171e-06
   1.53229601e-04]
  [1.95818666e-06 9.55015719e-01 5.84280491e-03 3.02038068e-04
   3.35110992e-01 3.95974517e-03 1.39768235e-04 1.30374892e-05
   2.16213903e-05]]], shape=(1, 32, 9), dtype=float32)