[array([[[2.84269840e-01, 3.15170914e-01, 3.06284964e-01, 1.03929698e-01,
         1.12835020e-01, 1.21000633e-01, 8.95893499e-02, 1.04163162e-01,
         1.98600963e-01],
        [3.04797113e-01, 3.88357908e-01, 3.52408618e-01, 3.45774069e-02,
         4.02455106e-02, 4.34480272e-02, 2.44797952e-02, 3.13046277e-02,
         1.09464265e-01],
        [3.18758160e-01, 4.46952760e-01, 4.02577788e-01, 9.42585524e-03,
         1.23255914e-02, 1.40535571e-02, 5.78087242e-03, 7.87881576e-03,
         5.60139790e-02],
        [3.22671384e-01, 4.95474875e-01, 4.41765368e-01, 2.65628914e-03,
         3.70607642e-03, 4.57333494e-03, 1.42849586e-03, 2.08617095e-03,
         2.73340829e-02],
        [3.18019480e-01, 5.31944215e-01, 4.68486547e-01, 8.54784215e-04,
         1.23617437e-03, 1.63686031e-03, 4.10014181e-04, 6.44623651e-04,
         1.36943152e-02],
        [3.09230387e-01, 5.55531621e-01, 4.83999878e-01, 3.53915064e-04,
         5.17987413e-04, 7.31692242e-04, 1.56512557e-04, 2.58343614e-04,
         7.71414349e-03],
        [2.98381388e-01, 5.70183218e-01, 4.94229972e-01, 1.73861132e-04,
         2.58332497e-04, 3.84498038e-04, 7.33890120e-05, 1.23529826e-04,
         4.83545894e-03],
        [2.84802258e-01, 5.78815520e-01, 5.00251055e-01, 1.01324760e-04,
         1.52627908e-04, 2.36863867e-04, 4.22827397e-05, 7.05678976e-05,
         3.37015162e-03],
        [2.75408000e-01, 5.82879901e-01, 5.04413843e-01, 6.83405306e-05,
         1.03028229e-04, 1.66531856e-04, 2.83658974e-05, 4.67481550e-05,
         2.56061554e-03],
        [2.64562696e-01, 5.84817410e-01, 5.07022321e-01, 5.11359358e-05,
         7.66146695e-05, 1.28521293e-04, 2.11025472e-05, 3.44185100e-05,
         2.07203813e-03],
        [2.55610138e-01, 5.85901618e-01, 5.09571612e-01, 4.13361013e-05,
         6.12251533e-05, 1.05948740e-04, 1.69968152e-05, 2.74346912e-05,
         1.77667872e-03],
        [2.48547897e-01, 5.86142421e-01, 5.10849535e-01, 3.45869194e-05,
         5.11433391e-05, 9.13607073e-05, 1.42598392e-05, 2.28747776e-05,
         1.55575317e-03],
        [2.41999328e-01, 5.86429894e-01, 5.12508094e-01, 2.98189716e-05,
         4.41569427e-05, 8.10384372e-05, 1.23524187e-05, 1.96952005e-05,
         1.40254793e-03],
        [2.35632136e-01, 5.85672379e-01, 5.13163745e-01, 2.73942405e-05,
         4.01808866e-05, 7.54239518e-05, 1.13286342e-05, 1.77743386e-05,
         1.30470935e-03],
        [2.29973793e-01, 5.84988415e-01, 5.13614118e-01, 2.59061690e-05,
         3.75955169e-05, 7.12824549e-05, 1.06782954e-05, 1.66472819e-05,
         1.23545574e-03],
        [2.26680040e-01, 5.83868802e-01, 5.13720810e-01, 2.48471442e-05,
         3.57207464e-05, 6.85007180e-05, 1.02397071e-05, 1.57572522e-05,
         1.19363214e-03],
        [2.24066630e-01, 5.83326757e-01, 5.14018953e-01, 2.36717315e-05,
         3.38729114e-05, 6.57285054e-05, 9.65521485e-06, 1.49658226e-05,
         1.14768127e-03],
        [2.19842091e-01, 5.83537757e-01, 5.14439821e-01, 2.27754626e-05,
         3.24869834e-05, 6.29879287e-05, 9.25782297e-06, 1.43378102e-05,
         1.12185511e-03],
        [2.17291221e-01, 5.82952321e-01, 5.14581740e-01, 2.19077519e-05,
         3.12202574e-05, 6.07181137e-05, 8.91134459e-06, 1.38126697e-05,
         1.08247087e-03],
        [2.15058014e-01, 5.82538188e-01, 5.14633715e-01, 2.14720985e-05,
         3.03764846e-05, 6.01144566e-05, 8.80866537e-06, 1.35264054e-05,
         1.06462697e-03],
        [2.12296635e-01, 5.82324147e-01, 5.14527559e-01, 2.11688275e-05,
         2.98908417e-05, 5.90745512e-05, 8.67145991e-06, 1.31729839e-05,
         1.04840542e-03],
        [2.09733531e-01, 5.82501054e-01, 5.14011025e-01, 2.07908924e-05,
         2.94395468e-05, 5.78995532e-05, 8.53916208e-06, 1.29389618e-05,
         1.03480392e-03],
        [2.08525717e-01, 5.82671583e-01, 5.13413310e-01, 2.02982883e-05,
         2.89273612e-05, 5.64958827e-05, 8.34473030e-06, 1.27113317e-05,
         1.01999543e-03],
        [2.08298266e-01, 5.82548022e-01, 5.12862504e-01, 2.01719540e-05,
         2.84381076e-05, 5.57625353e-05, 8.21259528e-06, 1.25519255e-05,
         1.00316026e-03],
        [2.08851084e-01, 5.82264900e-01, 5.12898564e-01, 2.03811596e-05,
         2.84908620e-05, 5.56135346e-05, 8.25494863e-06, 1.25800043e-05,
         1.00367842e-03],
        [2.08654150e-01, 5.82341909e-01, 5.13246953e-01, 2.04542321e-05,
         2.83837089e-05, 5.55859515e-05, 8.26063297e-06, 1.26668192e-05,
         9.99883050e-04],
        [2.06655085e-01, 5.82521141e-01, 5.14103711e-01, 2.04769221e-05,
         2.82946894e-05, 5.55369988e-05, 8.27685290e-06, 1.25834022e-05,
         1.00636506e-03],
        [2.05616131e-01, 5.83256304e-01, 5.14913678e-01, 1.96370165e-05,
         2.74099166e-05, 5.44474933e-05, 8.00997987e-06, 1.23574209e-05,
         1.00290379e-03],
        [2.03975961e-01, 5.83584011e-01, 5.14563739e-01, 1.92592306e-05,
         2.69583979e-05, 5.42708840e-05, 7.84420990e-06, 1.21630801e-05,
         9.86142899e-04],
        [2.03259051e-01, 5.83280265e-01, 5.14532149e-01, 1.91660147e-05,
         2.67249525e-05, 5.37597189e-05, 7.85509110e-06, 1.20634431e-05,
         9.81668010e-04],
        [2.03317389e-01, 5.83648562e-01, 5.14144719e-01, 1.92980442e-05,
         2.67126270e-05, 5.42630260e-05, 7.89575915e-06, 1.21102184e-05,
         9.77149000e-04],
        [2.03602120e-01, 5.83492100e-01, 5.14411390e-01, 1.91236632e-05,
         2.66360366e-05, 5.42601847e-05, 7.85807242e-06, 1.19910437e-05,
         9.74802359e-04]]], dtype=float32), array([[[2.92739749e-01, 2.79879361e-01, 3.14813912e-01, 7.35854208e-02,
         7.05542117e-02, 8.02182034e-02, 5.22979237e-02, 6.92743883e-02,
         2.69069284e-01],
        [2.95420945e-01, 3.23980898e-01, 3.66945207e-01, 1.12393005e-02,
         1.07469987e-02, 1.27135348e-02, 5.29442634e-03, 8.69694911e-03,
         2.28194356e-01],
        [2.71198958e-01, 3.50277573e-01, 4.12554175e-01, 1.33866677e-03,
         1.27021025e-03, 1.67479680e-03, 4.37311101e-04, 8.72408797e-04,
         2.11531892e-01],
        [2.24996701e-01, 3.72313619e-01, 4.38760281e-01, 1.89732207e-04,
         1.72843356e-04, 2.59732420e-04, 4.55063309e-05, 1.06510510e-04,
         1.94316283e-01],
        [1.75565377e-01, 3.86294186e-01, 4.48693693e-01, 4.47453203e-05,
         3.89957058e-05, 6.52925955e-05, 8.68101597e-06, 2.21422815e-05,
         1.83589712e-01],
        [1.36390284e-01, 3.94858479e-01, 4.51823503e-01, 1.65358833e-05,
         1.38398163e-05, 2.52318823e-05, 2.81764915e-06, 7.46708110e-06,
         1.77383438e-01],
        [1.08299345e-01, 4.00660306e-01, 4.53271359e-01, 8.09554695e-06,
         6.63977653e-06, 1.27708563e-05, 1.27219903e-06, 3.40332508e-06,
         1.73591584e-01],
        [8.91857073e-02, 4.05091584e-01, 4.54400033e-01, 4.92123763e-06,
         3.95904044e-06, 7.98713972e-06, 7.37072355e-07, 1.97131840e-06,
         1.70458987e-01],
        [7.62158930e-02, 4.08454776e-01, 4.55202013e-01, 3.50854930e-06,
         2.78087396e-06, 5.82504708e-06, 5.09955953e-07, 1.34393258e-06,
         1.68313935e-01],
        [6.69385120e-02, 4.11399841e-01, 4.56489831e-01, 2.74021863e-06,
         2.14903844e-06, 4.64351524e-06, 3.93048310e-07, 1.02206184e-06,
         1.66856259e-01],
        [6.02586791e-02, 4.13405538e-01, 4.57357407e-01, 2.31880881e-06,
         1.79556514e-06, 4.03866852e-06, 3.30063045e-07, 8.43301734e-07,
         1.66167930e-01],
        [5.58503121e-02, 4.14978713e-01, 4.58120644e-01, 2.08432584e-06,
         1.58189539e-06, 3.68452265e-06, 2.93702669e-07, 7.47662057e-07,
         1.65277407e-01],
        [5.26877008e-02, 4.16068286e-01, 4.58505630e-01, 1.93989445e-06,
         1.45741990e-06, 3.44726163e-06, 2.71719756e-07, 6.88018304e-07,
         1.65116817e-01],
        [5.01191206e-02, 4.16965246e-01, 4.59123760e-01, 1.85458748e-06,
         1.38032374e-06, 3.31255774e-06, 2.57438273e-07, 6.48231548e-07,
         1.64515302e-01],
        [4.86707948e-02, 4.17421579e-01, 4.59346265e-01, 1.76872993e-06,
         1.31817728e-06, 3.15260331e-06, 2.41266889e-07, 6.14011071e-07,
         1.65038809e-01],
        [4.75655310e-02, 4.17798936e-01, 4.60083485e-01, 1.66985944e-06,
         1.25015924e-06, 2.99756948e-06, 2.28133203e-07, 5.76914829e-07,
         1.65094540e-01],
        [4.67186123e-02, 4.18184191e-01, 4.60338682e-01, 1.60961474e-06,
         1.20142340e-06, 2.89568766e-06, 2.19124729e-07, 5.53898872e-07,
         1.64968669e-01],
        [4.55481559e-02, 4.19235766e-01, 4.60537970e-01, 1.56523151e-06,
         1.15349576e-06, 2.82808969e-06, 2.10160280e-07, 5.37137737e-07,
         1.64884359e-01],
        [4.47808020e-02, 4.19397324e-01, 4.61057127e-01, 1.53420535e-06,
         1.13151793e-06, 2.77751838e-06, 2.04647662e-07, 5.23702397e-07,
         1.64989457e-01],
        [4.41644639e-02, 4.19752210e-01, 4.61357534e-01, 1.51301003e-06,
         1.11456518e-06, 2.74666081e-06, 2.01300423e-07, 5.16249145e-07,
         1.65110186e-01],
        [4.37629707e-02, 4.19519931e-01, 4.61589098e-01, 1.51952099e-06,
         1.11198983e-06, 2.75818979e-06, 2.02829668e-07, 5.14590340e-07,
         1.65495574e-01],
        [4.31785211e-02, 4.19496268e-01, 4.61392224e-01, 1.51035601e-06,
         1.10382575e-06, 2.74171839e-06, 2.01633853e-07, 5.11109192e-07,
         1.65370062e-01],
        [4.27713878e-02, 4.20417547e-01, 4.61631417e-01, 1.46643742e-06,
         1.08095469e-06, 2.70249029e-06, 1.97079601e-07, 4.99899556e-07,
         1.64955139e-01],
        [4.25923131e-02, 4.20470029e-01, 4.61833119e-01, 1.46185391e-06,
         1.06943889e-06, 2.69521911e-06, 1.95190438e-07, 4.97699205e-07,
         1.64822638e-01],
        [4.23567295e-02, 4.20216024e-01, 4.61713552e-01, 1.45860668e-06,
         1.06780817e-06, 2.66806683e-06, 1.93927761e-07, 4.95083498e-07,
         1.64530918e-01],
        [4.22859304e-02, 4.20322150e-01, 4.61436957e-01, 1.46709067e-06,
         1.07070264e-06, 2.67595237e-06, 1.93480986e-07, 4.93634275e-07,
         1.64407253e-01],
        [4.24191952e-02, 4.20217425e-01, 4.61284399e-01, 1.51104462e-06,
         1.09282269e-06, 2.73939440e-06, 1.98691254e-07, 5.03791114e-07,
         1.64217234e-01],
        [4.20612879e-02, 4.20691937e-01, 4.61483091e-01, 1.49846221e-06,
         1.09667201e-06, 2.70945225e-06, 1.98128319e-07, 5.00128522e-07,
         1.63895413e-01],
        [4.22324091e-02, 4.20807540e-01, 4.61708695e-01, 1.46114053e-06,
         1.07439087e-06, 2.66711550e-06, 1.94628910e-07, 4.92545212e-07,
         1.63846865e-01],
        [4.23766077e-02, 4.20932859e-01, 4.61946100e-01, 1.44078035e-06,
         1.05814865e-06, 2.66631696e-06, 1.92700512e-07, 4.87538273e-07,
         1.64172530e-01],
        [4.20945287e-02, 4.21107203e-01, 4.61528152e-01, 1.45401930e-06,
         1.06494315e-06, 2.67334485e-06, 1.92673483e-07, 4.85469400e-07,
         1.64037943e-01],
        [4.18501347e-02, 4.21246350e-01, 4.61661488e-01, 1.45192053e-06,
         1.05790730e-06, 2.67017253e-06, 1.92830072e-07, 4.85099747e-07,
         1.64568514e-01]]], dtype=float32), array([[[2.82150149e-01, 2.59934336e-01, 3.60570937e-01, 3.63213830e-02,
         3.20988297e-02, 3.97354402e-02, 2.27181688e-02, 3.37388143e-02,
         2.47079685e-01],
        [2.53520578e-01, 2.97260523e-01, 4.39972728e-01, 3.18668899e-03,
         2.75233039e-03, 3.73925478e-03, 1.30785711e-03, 2.52637034e-03,
         1.53133973e-01],
        [1.97555080e-01, 3.26533198e-01, 4.91514444e-01, 3.00929649e-04,
         2.36058273e-04, 3.92133807e-04, 8.77321727e-05, 2.17454479e-04,
         9.34748054e-02],
        [1.38934582e-01, 3.60429883e-01, 5.11335790e-01, 3.72506256e-05,
         2.60996949e-05, 5.23896779e-05, 8.17586715e-06, 2.46489599e-05,
         5.25417402e-02],
        [9.67517868e-02, 3.90363157e-01, 5.13587773e-01, 7.89594378e-06,
         4.97715200e-06, 1.16031570e-05, 1.42363933e-06, 4.85355167e-06,
         3.07245776e-02],
        [7.12625533e-02, 4.12176996e-01, 5.11239529e-01, 2.74079548e-06,
         1.60073284e-06, 4.10996972e-06, 4.37619747e-07, 1.57900695e-06,
         1.98916588e-02],
        [5.67315593e-02, 4.27441955e-01, 5.09139478e-01, 1.32798721e-06,
         7.33380375e-07, 2.00938030e-06, 1.96219133e-07, 7.29824080e-07,
         1.41807785e-02],
        [4.80101556e-02, 4.37194496e-01, 5.07791996e-01, 8.22804111e-07,
         4.33126644e-07, 1.24535529e-06, 1.15621461e-07, 4.34901267e-07,
         1.11632179e-02],
        [4.28466797e-02, 4.44044948e-01, 5.07112324e-01, 5.86173996e-07,
         2.96608277e-07, 8.85758936e-07, 7.93216088e-08, 3.02598409e-07,
         9.34311096e-03],
        [3.96321826e-02, 4.49453801e-01, 5.06808281e-01, 4.68900737e-07,
         2.30020930e-07, 7.05176376e-07, 6.20643092e-08, 2.34515184e-07,
         8.16517603e-03],
        [3.75299528e-02, 4.52916026e-01, 5.06537616e-01, 4.03409700e-07,
         1.92872491e-07, 6.03707406e-07, 5.26019974e-08, 1.97150527e-07,
         7.45360833e-03],
        [3.59535851e-02, 4.55632359e-01, 5.06506264e-01, 3.45591758e-07,
         1.65159591e-07, 5.21476068e-07, 4.48493793e-08, 1.67804771e-07,
         6.81209657e-03],
        [3.49976011e-02, 4.57271487e-01, 5.06371439e-01, 3.18886606e-07,
         1.49438222e-07, 4.76532591e-07, 4.08851903e-08, 1.52680428e-07,
         6.45373436e-03],
        [3.43975611e-02, 4.58483607e-01, 5.06357968e-01, 3.06948266e-07,
         1.41602001e-07, 4.60474809e-07, 3.92944557e-08, 1.46138291e-07,
         6.20547868e-03],
        [3.34271304e-02, 4.59812373e-01, 5.06354570e-01, 2.79867862e-07,
         1.29294250e-07, 4.25964288e-07, 3.56735406e-08, 1.33188635e-07,
         5.95036941e-03],
        [3.31729464e-02, 4.60599124e-01, 5.06222248e-01, 2.76311596e-07,
         1.25919257e-07, 4.19190741e-07, 3.51346898e-08, 1.30679169e-07,
         5.79356682e-03],
        [3.28162685e-02, 4.61164892e-01, 5.06296754e-01, 2.62955581e-07,
         1.19303508e-07, 3.99874011e-07, 3.32244561e-08, 1.24730178e-07,
         5.65548288e-03],
        [3.28159891e-02, 4.61395830e-01, 5.06270111e-01, 2.59216137e-07,
         1.16662022e-07, 3.95408790e-07, 3.25366436e-08, 1.22195573e-07,
         5.60997380e-03],
        [3.26205678e-02, 4.61725861e-01, 5.06238937e-01, 2.64710621e-07,
         1.17691286e-07, 4.00958243e-07, 3.32804611e-08, 1.23697475e-07,
         5.57995215e-03],
        [3.22866626e-02, 4.62197483e-01, 5.06191373e-01, 2.64934414e-07,
         1.16708044e-07, 3.98780372e-07, 3.31686003e-08, 1.23378868e-07,
         5.53013198e-03],
        [3.21768038e-02, 4.62084860e-01, 5.06138206e-01, 2.64524772e-07,
         1.16481552e-07, 3.98074491e-07, 3.30590879e-08, 1.23866030e-07,
         5.54169482e-03],
        [3.23199369e-02, 4.62097973e-01, 5.06043792e-01, 2.66032913e-07,
         1.16717203e-07, 4.01587528e-07, 3.32840848e-08, 1.24246085e-07,
         5.51192509e-03],
        [3.22180204e-02, 4.62281972e-01, 5.06027043e-01, 2.65024198e-07,
         1.16353142e-07, 3.95334382e-07, 3.33109433e-08, 1.23697831e-07,
         5.47913136e-03],
        [3.22739184e-02, 4.62216318e-01, 5.05982339e-01, 2.73011210e-07,
         1.18698459e-07, 4.05593397e-07, 3.40891795e-08, 1.27117104e-07,
         5.49050467e-03],
        [3.24544869e-02, 4.62412387e-01, 5.06005943e-01, 2.69089753e-07,
         1.17596471e-07, 4.00808744e-07, 3.37777131e-08, 1.25470422e-07,
         5.47186611e-03],
        [3.21615264e-02, 4.62569565e-01, 5.05991459e-01, 2.62693902e-07,
         1.15523292e-07, 3.93073378e-07, 3.31107159e-08, 1.23552454e-07,
         5.40705305e-03],
        [3.21963727e-02, 4.62738693e-01, 5.06100476e-01, 2.58337252e-07,
         1.13117061e-07, 3.83733379e-07, 3.23426832e-08, 1.20799939e-07,
         5.40543208e-03],
        [3.20783406e-02, 4.62898076e-01, 5.06166041e-01, 2.49242674e-07,
         1.09985251e-07, 3.76556699e-07, 3.10370645e-08, 1.17179660e-07,
         5.38659748e-03],
        [3.20815034e-02, 4.62968349e-01, 5.06111562e-01, 2.53101916e-07,
         1.11046759e-07, 3.79799587e-07, 3.15326858e-08, 1.17687456e-07,
         5.41242398e-03],
        [3.19263749e-02, 4.63281602e-01, 5.06114483e-01, 2.55196341e-07,
         1.11291627e-07, 3.80104922e-07, 3.14759632e-08, 1.18569019e-07,
         5.39613189e-03],
        [3.18972841e-02, 4.63004380e-01, 5.06045163e-01, 2.54405307e-07,
         1.11182835e-07, 3.79387359e-07, 3.17057918e-08, 1.18550737e-07,
         5.39946696e-03],
        [3.18787694e-02, 4.63127553e-01, 5.05986035e-01, 2.49588993e-07,
         1.09817520e-07, 3.74180814e-07, 3.11138280e-08, 1.16379766e-07,
         5.34629589e-03]]], dtype=float32), array([[[3.31856459e-01, 2.63513356e-01, 3.36953729e-01, 2.55014114e-02,
         2.18976550e-02, 2.82701422e-02, 1.57740340e-02, 2.48423778e-02,
         2.21714199e-01],
        [3.18591058e-01, 3.23854655e-01, 3.99528116e-01, 1.07447128e-03,
         8.54434213e-04, 1.29630859e-03, 4.13571543e-04, 8.93978053e-04,
         8.92620832e-02],
        [2.47703671e-01, 3.78423303e-01, 4.41267490e-01, 6.60054866e-05,
         4.45080077e-05, 8.77015409e-05, 1.78718619e-05, 5.13732411e-05,
         3.27633321e-02],
        [1.62807271e-01, 4.25127327e-01, 4.58313555e-01, 7.67075653e-06,
         4.53432904e-06, 1.10283390e-05, 1.63556786e-06, 5.77760557e-06,
         1.20386230e-02],
        [1.03037365e-01, 4.52846289e-01, 4.66500193e-01, 1.73249884e-06,
         9.33487456e-07, 2.63305083e-06, 3.18902437e-07, 1.28855572e-06,
         5.32315020e-03],
        [7.06101656e-02, 4.66811091e-01, 4.71110344e-01, 7.15846511e-07,
         3.57081518e-07, 1.11379961e-06, 1.21671150e-07, 5.26412123e-07,
         3.00274626e-03],
        [5.31866364e-02, 4.74349707e-01, 4.74781394e-01, 4.07030853e-07,
         1.91230100e-07, 6.36253674e-07, 6.65862743e-08, 2.97838994e-07,
         2.00994755e-03],
        [4.36633341e-02, 4.79055643e-01, 4.77903187e-01, 2.63664560e-07,
         1.19822900e-07, 4.16389867e-07, 4.18663575e-08, 1.92529455e-07,
         1.48615532e-03],
        [3.77724245e-02, 4.82072502e-01, 4.79909271e-01, 1.99959786e-07,
         8.74955433e-08, 3.18517607e-07, 3.10437969e-08, 1.44957212e-07,
         1.20401417e-03],
        [3.40494104e-02, 4.84151512e-01, 4.81514603e-01, 1.64019085e-07,
         7.07507084e-08, 2.63223995e-07, 2.53784744e-08, 1.18039999e-07,
         1.04186952e-03],
        [3.15971933e-02, 4.85342860e-01, 4.82476681e-01, 1.44175829e-07,
         6.11070305e-08, 2.31953734e-07, 2.21004601e-08, 1.02668601e-07,
         9.32790281e-04],
        [3.00342292e-02, 4.86193627e-01, 4.83031631e-01, 1.37293370e-07,
         5.72709737e-08, 2.20482846e-07, 2.10680522e-08, 9.74331797e-08,
         8.74067307e-04],
        [2.89540011e-02, 4.86902535e-01, 4.83592987e-01, 1.28149551e-07,
         5.29181747e-08, 2.03744690e-07, 1.94600229e-08, 9.05049546e-08,
         8.25892377e-04],
        [2.81734727e-02, 4.87341762e-01, 4.83866453e-01, 1.19857205e-07,
         4.93771601e-08, 1.92195003e-07, 1.82037247e-08, 8.51405346e-08,
         7.90539954e-04],
        [2.76268926e-02, 4.87684876e-01, 4.84339535e-01, 1.15771513e-07,
         4.72526906e-08, 1.85766751e-07, 1.74480768e-08, 8.22233801e-08,
         7.62947951e-04],
        [2.70142127e-02, 4.87997144e-01, 4.84622300e-01, 1.10149259e-07,
         4.49125110e-08, 1.76707516e-07, 1.65616711e-08, 7.83896184e-08,
         7.35159265e-04],
        [2.66016442e-02, 4.88178223e-01, 4.84944522e-01, 1.08950267e-07,
         4.40278924e-08, 1.74185828e-07, 1.61723115e-08, 7.69002355e-08,
         7.22080586e-04],
        [2.63720509e-02, 4.88329470e-01, 4.84966815e-01, 1.07043626e-07,
         4.34010587e-08, 1.72617973e-07, 1.59574274e-08, 7.55999849e-08,
         7.09595392e-04],
        [2.62705237e-02, 4.88404423e-01, 4.85073507e-01, 1.05497769e-07,
         4.25929692e-08, 1.70160178e-07, 1.56337432e-08, 7.43483071e-08,
         7.00191711e-04],
        [2.62136906e-02, 4.88366336e-01, 4.85183775e-01, 1.03360314e-07,
         4.19535802e-08, 1.68106737e-07, 1.54069575e-08, 7.29371337e-08,
         6.93417329e-04],
        [2.60547940e-02, 4.88448024e-01, 4.85064477e-01, 1.07753948e-07,
         4.32672316e-08, 1.74885059e-07, 1.61155178e-08, 7.56041132e-08,
         6.95203373e-04],
        [2.60471888e-02, 4.88394558e-01, 4.85114455e-01, 1.08177126e-07,
         4.33921130e-08, 1.74636028e-07, 1.61174256e-08, 7.56574181e-08,
         6.94675720e-04],
        [2.58536059e-02, 4.88417178e-01, 4.85123545e-01, 1.10230417e-07,
         4.37908163e-08, 1.76646296e-07, 1.64223781e-08, 7.67675274e-08,
         6.95899595e-04],
        [2.58524902e-02, 4.88490939e-01, 4.85369861e-01, 1.07029308e-07,
         4.28223323e-08, 1.70914745e-07, 1.58756954e-08, 7.46390967e-08,
         6.89712469e-04],
        [2.58339401e-02, 4.88543749e-01, 4.85385537e-01, 1.06353411e-07,
         4.25370459e-08, 1.70189011e-07, 1.58489968e-08, 7.44758495e-08,
         6.92678092e-04],
        [2.57265624e-02, 4.88620073e-01, 4.85443473e-01, 1.06550544e-07,
         4.24096882e-08, 1.70769439e-07, 1.58398894e-08, 7.41670547e-08,
         6.89667184e-04],
        [2.56215595e-02, 4.88656998e-01, 4.85471278e-01, 1.04759380e-07,
         4.16521537e-08, 1.68567553e-07, 1.55712332e-08, 7.32618304e-08,
         6.87318505e-04],
        [2.57087462e-02, 4.88647580e-01, 4.85332787e-01, 1.05323558e-07,
         4.16930312e-08, 1.69278366e-07, 1.56233835e-08, 7.35293213e-08,
         6.87985390e-04],
        [2.57385708e-02, 4.88670737e-01, 4.85380679e-01, 1.04297754e-07,
         4.13262882e-08, 1.69181959e-07, 1.55919455e-08, 7.35534869e-08,
         6.86393934e-04],
        [2.57599484e-02, 4.88600552e-01, 4.85319793e-01, 1.05401966e-07,
         4.16150563e-08, 1.70613419e-07, 1.57125299e-08, 7.44610489e-08,
         6.88064203e-04],
        [2.59210132e-02, 4.88673657e-01, 4.85463411e-01, 1.02205860e-07,
         4.05420018e-08, 1.67391320e-07, 1.52415947e-08, 7.26752063e-08,
         6.85206382e-04],
        [2.57495549e-02, 4.88715827e-01, 4.85459834e-01, 1.01227343e-07,
         4.04073681e-08, 1.65303575e-07, 1.51575215e-08, 7.15928579e-08,
         6.78596203e-04]]], dtype=float32), array([[[4.09689665e-01, 1.66225940e-01, 3.86348605e-01, 1.43147232e-02,
         1.18231950e-02, 1.59942508e-02, 8.51319171e-03, 1.43549507e-02,
         1.10395819e-01],
        [4.69536453e-01, 1.10955209e-01, 4.75978523e-01, 4.33628185e-04,
         3.23057669e-04, 5.50675788e-04, 1.69203486e-04, 3.95380368e-04,
         1.56716611e-02],
        [4.78488266e-01, 7.62417614e-02, 5.07415175e-01, 2.36518390e-05,
         1.47653291e-05, 3.44531436e-05, 6.90806246e-06, 2.09836453e-05,
         2.66871764e-03],
        [4.76376444e-01, 6.20161332e-02, 5.09171724e-01, 3.09474649e-06,
         1.64186031e-06, 4.86475346e-06, 7.49284766e-07, 2.65319090e-06,
         6.61192986e-04],
        [4.76438731e-01, 5.62218502e-02, 5.05682826e-01, 8.51964387e-07,
         3.96352618e-07, 1.38458540e-06, 1.85671880e-07, 7.07667539e-07,
         2.50952842e-04],
        [4.78513271e-01, 5.33472039e-02, 5.03299713e-01, 3.61527213e-07,
         1.52166521e-07, 5.94624851e-07, 7.42169988e-08, 2.91235381e-07,
         1.26336541e-04],
        [4.81379420e-01, 5.12991212e-02, 5.02213955e-01, 1.92981020e-07,
         7.52713802e-08, 3.20284556e-07, 3.79667568e-08, 1.53702842e-07,
         7.64206852e-05],
        [4.83351529e-01, 5.06330431e-02, 5.01740277e-01, 1.30421668e-07,
         4.80760995e-08, 2.17751477e-07, 2.51481591e-08, 1.02447494e-07,
         5.50703407e-05],
        [4.85033721e-01, 5.00165857e-02, 5.01406372e-01, 9.98149119e-08,
         3.51753826e-08, 1.65410754e-07, 1.91424263e-08, 7.75904070e-08,
         4.36411865e-05],
        [4.86430138e-01, 4.96159457e-02, 5.01338542e-01, 7.91953880e-08,
         2.70811711e-08, 1.32455469e-07, 1.51488546e-08, 6.12143936e-08,
         3.63203690e-05],
        [4.87356842e-01, 4.93350998e-02, 5.01344800e-01, 6.80266439e-08,
         2.26621584e-08, 1.14220505e-07, 1.29308200e-08, 5.22918491e-08,
         3.17893573e-05],
        [4.87936318e-01, 4.94058244e-02, 5.01260281e-01, 6.36910542e-08,
         2.07406998e-08, 1.06705983e-07, 1.20558514e-08, 4.80760818e-08,
         2.96648213e-05],
        [4.88408744e-01, 4.95254993e-02, 5.01187980e-01, 6.08194668e-08,
         1.95680663e-08, 1.01670189e-07, 1.15451693e-08, 4.57196840e-08,
         2.81672328e-05],
        [4.88914818e-01, 4.88192812e-02, 5.01240671e-01, 5.53311494e-08,
         1.77807831e-08, 9.34639530e-08, 1.04422151e-08, 4.15707433e-08,
         2.63458496e-05],
        [4.89145219e-01, 4.89891656e-02, 5.01222312e-01, 5.41460743e-08,
         1.72251546e-08, 9.23752239e-08, 1.02125632e-08, 4.05871354e-08,
         2.57333504e-05],
        [4.89395916e-01, 4.87710014e-02, 5.01186371e-01, 5.21882484e-08,
         1.65598060e-08, 8.83271412e-08, 9.85967485e-09, 3.87454939e-08,
         2.48389479e-05],
        [4.89526331e-01, 4.88173626e-02, 5.01198947e-01, 5.08853297e-08,
         1.60657923e-08, 8.70056382e-08, 9.65759206e-09, 3.78156706e-08,
         2.42852620e-05],
        [4.89704967e-01, 4.87985574e-02, 5.01215756e-01, 4.99916588e-08,
         1.56826090e-08, 8.58562430e-08, 9.50184997e-09, 3.72351217e-08,
         2.40736463e-05],
        [4.89763826e-01, 4.89496402e-02, 5.01209855e-01, 5.00790698e-08,
         1.56278723e-08, 8.59787832e-08, 9.48347711e-09, 3.69300039e-08,
         2.38485081e-05],
        [4.89712507e-01, 4.91975583e-02, 5.01213908e-01, 5.06758546e-08,
         1.57586104e-08, 8.73360548e-08, 9.56869073e-09, 3.74053890e-08,
         2.39400397e-05],
        [4.89775896e-01, 4.91174273e-02, 5.01156688e-01, 5.00330444e-08,
         1.55581059e-08, 8.63826060e-08, 9.46376932e-09, 3.70178093e-08,
         2.37556142e-05],
        [4.89677757e-01, 4.92535010e-02, 5.01130581e-01, 5.11330533e-08,
         1.57607154e-08, 8.79734543e-08, 9.65997771e-09, 3.77187845e-08,
         2.37920685e-05],
        [4.89987016e-01, 4.88302372e-02, 5.01171708e-01, 4.85954317e-08,
         1.50046642e-08, 8.39084535e-08, 9.22618071e-09, 3.60972230e-08,
         2.31218946e-05],
        [4.89864171e-01, 4.90138941e-02, 5.01152575e-01, 5.04755597e-08,
         1.53784541e-08, 8.66464731e-08, 9.51767110e-09, 3.72138480e-08,
         2.35443895e-05],
        [4.89892483e-01, 4.90690432e-02, 5.01184642e-01, 4.94641874e-08,
         1.51767079e-08, 8.50969926e-08, 9.40104439e-09, 3.66759174e-08,
         2.33464980e-05],
        [4.89896268e-01, 4.91343774e-02, 5.01174331e-01, 4.98150250e-08,
         1.52158606e-08, 8.46888355e-08, 9.36031785e-09, 3.65846482e-08,
         2.33279134e-05],
        [4.90030318e-01, 4.89415601e-02, 5.01184523e-01, 4.84645177e-08,
         1.47800163e-08, 8.26626589e-08, 9.15828213e-09, 3.59483323e-08,
         2.29451198e-05],
        [4.90095735e-01, 4.91205938e-02, 5.01169443e-01, 4.86973306e-08,
         1.48415413e-08, 8.23589374e-08, 9.14020415e-09, 3.57817669e-08,
         2.29471243e-05],
        [4.89972800e-01, 4.92737293e-02, 5.01208603e-01, 4.91938046e-08,
         1.50108264e-08, 8.42226342e-08, 9.24974142e-09, 3.61268775e-08,
         2.30948099e-05],
        [4.90070462e-01, 4.91470024e-02, 5.01228154e-01, 4.78260702e-08,
         1.46896699e-08, 8.15316312e-08, 8.93865426e-09, 3.51392728e-08,
         2.28645495e-05],
        [4.90096778e-01, 4.88750041e-02, 5.01212597e-01, 4.70961190e-08,
         1.45270809e-08, 8.02732103e-08, 8.81620643e-09, 3.47026941e-08,
         2.26063821e-05],
        [4.90058362e-01, 4.89255302e-02, 5.01217902e-01, 4.73729997e-08,
         1.45305483e-08, 8.03455436e-08, 8.79501538e-09, 3.45455788e-08,
         2.25906315e-05]]], dtype=float32), array([[[4.15304869e-01, 1.43923491e-01, 4.27238017e-01, 1.00043109e-02,
         8.27073678e-03, 1.12467734e-02, 6.03214791e-03, 1.06272129e-02,
         5.11771813e-02],
        [4.72933084e-01, 9.09141824e-02, 5.25239706e-01, 2.56199361e-04,
         1.96289388e-04, 3.43446096e-04, 1.11639762e-04, 2.71504512e-04,
         3.13070300e-03],
        [4.85666096e-01, 6.58568367e-02, 5.49778700e-01, 1.12635817e-05,
         7.20540538e-06, 1.72812106e-05, 3.75496370e-06, 1.21988160e-05,
         2.62446847e-04],
        [4.88392889e-01, 6.01442456e-02, 5.43810189e-01, 1.34144670e-06,
         7.19875459e-07, 2.16931971e-06, 3.76305337e-07, 1.43628881e-06,
         4.15036811e-05],
        [4.91360515e-01, 6.14626072e-02, 5.33172190e-01, 3.79033509e-07,
         1.75055931e-07, 6.17535989e-07, 9.70875575e-08, 3.96097988e-07,
         1.26638579e-05],
        [4.94030684e-01, 6.44024536e-02, 5.25042772e-01, 1.69148393e-07,
         6.96567497e-08, 2.73133850e-07, 4.12371008e-08, 1.71647898e-07,
         5.72842464e-06],
        [4.95724648e-01, 6.81506097e-02, 5.19737720e-01, 1.03328638e-07,
         3.89335675e-08, 1.65237637e-07, 2.46312464e-08, 1.02580003e-07,
         3.42503722e-06],
        [4.96822208e-01, 7.06952587e-02, 5.16619503e-01, 7.28097191e-08,
         2.59824162e-08, 1.15353892e-07, 1.71300005e-08, 7.16206046e-08,
         2.37440599e-06],
        [4.97470409e-01, 7.28638843e-02, 5.14599383e-01, 5.86879594e-08,
         1.98686294e-08, 9.09909801e-08, 1.36113538e-08, 5.67775658e-08,
         1.86616171e-06],
        [4.97873634e-01, 7.51620159e-02, 5.13385653e-01, 5.18200700e-08,
         1.68235506e-08, 7.97075188e-08, 1.19727019e-08, 4.96533303e-08,
         1.60612240e-06],
        [4.98132437e-01, 7.64993653e-02, 5.12544572e-01, 4.75515662e-08,
         1.51151571e-08, 7.22199047e-08, 1.09656515e-08, 4.50056419e-08,
         1.44456521e-06],
        [4.98276025e-01, 7.82593861e-02, 5.11974812e-01, 4.56792826e-08,
         1.42286574e-08, 6.87447255e-08, 1.05555023e-08, 4.30414495e-08,
         1.35317669e-06],
        [4.98397946e-01, 7.92710334e-02, 5.11570632e-01, 4.46377548e-08,
         1.36889549e-08, 6.67247804e-08, 1.03179998e-08, 4.18202148e-08,
         1.30794422e-06],
        [4.98492926e-01, 7.99682811e-02, 5.11297166e-01, 4.31112817e-08,
         1.31802267e-08, 6.45692779e-08, 9.93051064e-09, 4.07337808e-08,
         1.25302972e-06],
        [4.98592973e-01, 7.97183439e-02, 5.11072695e-01, 4.04642932e-08,
         1.23098687e-08, 6.03034920e-08, 9.25793131e-09, 3.81134058e-08,
         1.20095660e-06],
        [4.98617709e-01, 8.04357529e-02, 5.10842681e-01, 4.02293239e-08,
         1.22375408e-08, 5.99837762e-08, 9.30136768e-09, 3.77776352e-08,
         1.17359127e-06],
        [4.98658329e-01, 8.10269043e-02, 5.10754466e-01, 3.99543048e-08,
         1.20646559e-08, 5.95507359e-08, 9.22560961e-09, 3.74859503e-08,
         1.15613602e-06],
        [4.98685747e-01, 8.11633617e-02, 5.10664523e-01, 3.89122974e-08,
         1.17717383e-08, 5.79086681e-08, 9.08916409e-09, 3.66353490e-08,
         1.12874307e-06],
        [4.98717129e-01, 8.13945904e-02, 5.10637224e-01, 3.86396195e-08,
         1.15867769e-08, 5.69571270e-08, 8.93460506e-09, 3.60103982e-08,
         1.11520330e-06],
        [4.98710215e-01, 8.23555067e-02, 5.10543823e-01, 4.00169817e-08,
         1.19217818e-08, 5.91511942e-08, 9.26758403e-09, 3.70269007e-08,
         1.13430929e-06],
        [4.98732984e-01, 8.21039230e-02, 5.10508060e-01, 3.94129920e-08,
         1.18140848e-08, 5.85375446e-08, 9.20996612e-09, 3.67151110e-08,
         1.11329439e-06],
        [4.98725533e-01, 8.27068165e-02, 5.10506332e-01, 4.03673468e-08,
         1.19437145e-08, 5.95226197e-08, 9.34930000e-09, 3.73576938e-08,
         1.13108194e-06],
        [4.98730004e-01, 8.25852379e-02, 5.10484338e-01, 4.06177527e-08,
         1.19518377e-08, 5.92869647e-08, 9.35212618e-09, 3.73337699e-08,
         1.12576618e-06],
        [4.98734295e-01, 8.25399831e-02, 5.10492623e-01, 4.06349905e-08,
         1.20207648e-08, 5.96793583e-08, 9.34361655e-09, 3.74088920e-08,
         1.12852388e-06],
        [4.98777062e-01, 8.21487606e-02, 5.10475457e-01, 3.86443482e-08,
         1.14739427e-08, 5.72591716e-08, 8.90374086e-09, 3.58522421e-08,
         1.08828306e-06],
        [4.98791724e-01, 8.18142369e-02, 5.10445178e-01, 3.81987597e-08,
         1.13004983e-08, 5.61382336e-08, 8.73419204e-09, 3.50478118e-08,
         1.07955395e-06],
        [4.98778284e-01, 8.27084482e-02, 5.10406733e-01, 3.92724857e-08,
         1.16110046e-08, 5.79846429e-08, 9.03541331e-09, 3.61224863e-08,
         1.09942403e-06],
        [4.98828799e-01, 8.23311806e-02, 5.10349810e-01, 3.68432715e-08,
         1.09497789e-08, 5.51915171e-08, 8.50335269e-09, 3.42781270e-08,
         1.05456797e-06],
        [4.98847306e-01, 8.23256969e-02, 5.10336876e-01, 3.60706522e-08,
         1.07300986e-08, 5.40464562e-08, 8.34264124e-09, 3.38655113e-08,
         1.04090941e-06],
        [4.98832136e-01, 8.25052857e-02, 5.10278761e-01, 3.67206923e-08,
         1.08953353e-08, 5.52053088e-08, 8.51861781e-09, 3.40818147e-08,
         1.05130096e-06],
        [4.98839438e-01, 8.25236440e-02, 5.10246038e-01, 3.74051474e-08,
         1.10690968e-08, 5.57657209e-08, 8.63576410e-09, 3.46090907e-08,
         1.05725996e-06],
        [4.98844355e-01, 8.21157992e-02, 5.10236621e-01, 3.72603601e-08,
         1.10351648e-08, 5.53691777e-08, 8.56420179e-09, 3.44959510e-08,
         1.05705806e-06]]], dtype=float32), array([[[4.02590454e-01, 1.48476571e-01, 4.92156267e-01, 7.21865334e-03,
         5.93745988e-03, 8.18401016e-03, 4.33883909e-03, 7.98834302e-03,
         3.10795493e-02],
        [4.37302977e-01, 1.04531519e-01, 6.78216100e-01, 1.13677212e-04,
         8.74092075e-05, 1.56452108e-04, 4.82546093e-05, 1.31637615e-04,
         9.50189540e-04],
        [4.43618596e-01, 9.05670971e-02, 8.03301394e-01, 4.51056212e-06,
         3.01987825e-06, 7.21265405e-06, 1.51046754e-06, 5.58724605e-06,
         5.70914817e-05],
        [4.50173676e-01, 9.52454954e-02, 8.85814846e-01, 6.55739939e-07,
         3.89636511e-07, 1.10750864e-06, 1.95761288e-07, 8.34736625e-07,
         9.15538203e-06],
        [4.59918737e-01, 1.04424827e-01, 9.36049759e-01, 2.06496367e-07,
         1.11294234e-07, 3.52135004e-07, 5.80996193e-08, 2.66388867e-07,
         2.86696650e-06],
        [4.68149930e-01, 1.14576280e-01, 9.64410245e-01, 1.03337889e-07,
         5.17308330e-08, 1.75155137e-07, 2.85038482e-08, 1.34558846e-07,
         1.37595805e-06],
        [4.73842829e-01, 1.23920985e-01, 9.79692280e-01, 7.04169523e-08,
         3.30889165e-08, 1.17687044e-07, 1.93704039e-08, 9.13524332e-08,
         9.02762565e-07],
        [4.77749556e-01, 1.30572781e-01, 9.87874568e-01, 5.37402194e-08,
         2.42073170e-08, 8.83494735e-08, 1.47842796e-08, 6.96944795e-08,
         6.66535016e-07],
        [4.80842233e-01, 1.35422722e-01, 9.92286146e-01, 4.42067360e-08,
         1.93625400e-08, 7.25555509e-08, 1.21927517e-08, 5.73231311e-08,
         5.38523807e-07],
        [4.82433468e-01, 1.40444502e-01, 9.94611144e-01, 4.04436982e-08,
         1.72039307e-08, 6.60375008e-08, 1.12625527e-08, 5.25516022e-08,
         4.78612378e-07],
        [4.83853757e-01, 1.44363061e-01, 9.95895326e-01, 3.73813087e-08,
         1.55615876e-08, 6.05058972e-08, 1.04099938e-08, 4.86331544e-08,
         4.39566236e-07],
        [4.84807372e-01, 1.46629632e-01, 9.96627033e-01, 3.52904053e-08,
         1.44779753e-08, 5.65639162e-08, 9.85386794e-09, 4.57338807e-08,
         4.09887861e-07],
        [4.85698134e-01, 1.48567528e-01, 9.97064054e-01, 3.36553718e-08,
         1.36540255e-08, 5.32458486e-08, 9.26774835e-09, 4.34021317e-08,
         3.87113658e-07],
        [4.86018836e-01, 1.50367692e-01, 9.97284651e-01, 3.33869750e-08,
         1.34162175e-08, 5.27480637e-08, 9.23418320e-09, 4.28120650e-08,
         3.80557765e-07],
        [4.86385018e-01, 1.52148396e-01, 9.97397363e-01, 3.35299859e-08,
         1.32508653e-08, 5.29271240e-08, 9.25567445e-09, 4.26850022e-08,
         3.77794890e-07],
        [4.86745894e-01, 1.53387919e-01, 9.97464478e-01, 3.27085097e-08,
         1.28500925e-08, 5.15384748e-08, 9.03839137e-09, 4.17586428e-08,
         3.68043658e-07],
        [4.87120003e-01, 1.53325200e-01, 9.97536957e-01, 3.15139204e-08,
         1.23509629e-08, 4.93579826e-08, 8.64518146e-09, 4.03024387e-08,
         3.53776812e-07],
        [4.87397939e-01, 1.53697684e-01, 9.97565508e-01, 3.09721138e-08,
         1.20852333e-08, 4.83593396e-08, 8.53882387e-09, 3.97488051e-08,
         3.47391705e-07],
        [4.87740666e-01, 1.54268712e-01, 9.97608364e-01, 3.02482199e-08,
         1.18020518e-08, 4.74469637e-08, 8.39115089e-09, 3.90920754e-08,
         3.40704588e-07],
        [4.87828255e-01, 1.54628202e-01, 9.97616947e-01, 3.05425480e-08,
         1.19356498e-08, 4.77178865e-08, 8.48677839e-09, 3.93219004e-08,
         3.43438131e-07],
        [4.87832725e-01, 1.55502468e-01, 9.97621834e-01, 3.09279464e-08,
         1.20916672e-08, 4.84302909e-08, 8.68648709e-09, 3.98962392e-08,
         3.47288704e-07],
        [4.87719655e-01, 1.55798852e-01, 9.97587085e-01, 3.17792157e-08,
         1.23108936e-08, 4.93336039e-08, 8.92861785e-09, 4.07391028e-08,
         3.50142102e-07],
        [4.87799972e-01, 1.55936465e-01, 9.97605741e-01, 3.14601323e-08,
         1.21252981e-08, 4.81527458e-08, 8.72883277e-09, 4.01128588e-08,
         3.45696378e-07],
        [4.87827301e-01, 1.56282976e-01, 9.97624159e-01, 3.12132258e-08,
         1.19507293e-08, 4.78681557e-08, 8.65508110e-09, 3.99815150e-08,
         3.45920540e-07],
        [4.87974823e-01, 1.55566737e-01, 9.97656226e-01, 3.07425481e-08,
         1.18132659e-08, 4.75486814e-08, 8.53813198e-09, 3.93767188e-08,
         3.41846146e-07],
        [4.88095939e-01, 1.55797333e-01, 9.97672915e-01, 3.00104368e-08,
         1.15292007e-08, 4.65776395e-08, 8.30937275e-09, 3.86952195e-08,
         3.36950848e-07],
        [4.87964928e-01, 1.56891868e-01, 9.97644842e-01, 3.07525276e-08,
         1.17556311e-08, 4.81072142e-08, 8.52982129e-09, 3.95170012e-08,
         3.42370186e-07],
        [4.88129079e-01, 1.56575993e-01, 9.97671127e-01, 2.99961229e-08,
         1.15508811e-08, 4.75724242e-08, 8.32393887e-09, 3.91703594e-08,
         3.37432454e-07],
        [4.87980247e-01, 1.56950593e-01, 9.97655213e-01, 3.06183061e-08,
         1.17825243e-08, 4.82752824e-08, 8.53368043e-09, 3.98761735e-08,
         3.43449130e-07],
        [4.88107651e-01, 1.56134531e-01, 9.97673810e-01, 3.04859107e-08,
         1.17120766e-08, 4.78264681e-08, 8.44721182e-09, 3.96257640e-08,
         3.43580666e-07],
        [4.88070726e-01, 1.56942412e-01, 9.97622371e-01, 3.12784749e-08,
         1.19793713e-08, 4.91675749e-08, 8.70625971e-09, 4.05525142e-08,
         3.47470177e-07],
        [4.88293737e-01, 1.55769423e-01, 9.97687221e-01, 2.97078966e-08,
         1.15027241e-08, 4.67396255e-08, 8.25030266e-09, 3.88330541e-08,
         3.35768249e-07]]], dtype=float32), array([[[5.01528680e-01, 5.59481792e-02, 5.71924746e-01, 2.54023587e-03,
         1.96735864e-03, 2.92308303e-03, 1.38148363e-03, 2.92081130e-03,
         1.11391870e-02],
        [5.31224668e-01, 1.59275252e-02, 7.78741598e-01, 2.88153406e-05,
         2.16767912e-05, 4.42643432e-05, 1.20030863e-05, 3.74642805e-05,
         1.99857575e-04],
        [5.17892718e-01, 7.71479076e-03, 8.94470513e-01, 1.43299826e-06,
         9.67916435e-07, 2.55373584e-06, 5.01199224e-07, 2.07710036e-06,
         1.24024309e-05],
        [5.08066177e-01, 5.84305963e-03, 9.52440321e-01, 2.54692679e-07,
         1.57755522e-07, 4.94834467e-07, 8.34738216e-08, 3.96520818e-07,
         2.28041085e-06],
        [5.04224777e-01, 5.44547196e-03, 9.78740692e-01, 9.79598553e-08,
         5.59039499e-08, 1.92240577e-07, 3.12573825e-08, 1.57912282e-07,
         8.42013776e-07],
        [5.02889693e-01, 5.44841075e-03, 9.90090251e-01, 5.62886164e-08,
         3.02919219e-08, 1.10246411e-07, 1.79368911e-08, 9.28229582e-08,
         4.61013769e-07],
        [5.02369821e-01, 5.61015960e-03, 9.94923472e-01, 3.92065509e-08,
         2.01449044e-08, 7.66051613e-08, 1.26671873e-08, 6.55856027e-08,
         3.10306774e-07],
        [5.02088368e-01, 5.88342361e-03, 9.96934414e-01, 3.28978409e-08,
         1.63311800e-08, 6.33084696e-08, 1.07189706e-08, 5.51461348e-08,
         2.49876592e-07],
        [5.01996219e-01, 6.08243328e-03, 9.97812986e-01, 2.86110797e-08,
         1.37591947e-08, 5.42753931e-08, 9.35086586e-09, 4.83177480e-08,
         2.12380627e-07],
        [5.01965880e-01, 6.24472508e-03, 9.98190641e-01, 2.59167177e-08,
         1.22623520e-08, 4.85336571e-08, 8.41044390e-09, 4.38794920e-08,
         1.89117486e-07],
        [5.01918256e-01, 6.44755922e-03, 9.98361707e-01, 2.47425529e-08,
         1.14179484e-08, 4.62494434e-08, 8.02468580e-09, 4.16565875e-08,
         1.76373234e-07],
        [5.01862109e-01, 6.56337058e-03, 9.98440683e-01, 2.35557707e-08,
         1.07559455e-08, 4.33632543e-08, 7.70614506e-09, 3.96576958e-08,
         1.65279616e-07],
        [5.01864076e-01, 6.75154245e-03, 9.98480022e-01, 2.32910153e-08,
         1.04705995e-08, 4.27254889e-08, 7.53810170e-09, 3.91620958e-08,
         1.62812512e-07],
        [5.01838982e-01, 6.93422230e-03, 9.98459697e-01, 2.39613858e-08,
         1.06141149e-08, 4.34291785e-08, 7.75530484e-09, 3.98371505e-08,
         1.64244341e-07],
        [5.01829743e-01, 7.07173906e-03, 9.98458028e-01, 2.42217819e-08,
         1.06903224e-08, 4.35338308e-08, 7.80215359e-09, 4.00509599e-08,
         1.64362731e-07],
        [5.01831532e-01, 7.08576245e-03, 9.98464346e-01, 2.37802080e-08,
         1.04254356e-08, 4.27278763e-08, 7.60435803e-09, 3.93245934e-08,
         1.59929513e-07],
        [5.01829445e-01, 7.30875041e-03, 9.98422563e-01, 2.52033363e-08,
         1.09504183e-08, 4.52351614e-08, 8.08315637e-09, 4.13130614e-08,
         1.67454232e-07],
        [5.01836538e-01, 7.31285801e-03, 9.98420119e-01, 2.50857859e-08,
         1.09171667e-08, 4.49842616e-08, 8.07623302e-09, 4.13162589e-08,
         1.66235239e-07],
        [5.01842022e-01, 7.35567790e-03, 9.98413980e-01, 2.54327670e-08,
         1.09966818e-08, 4.53648319e-08, 8.17558288e-09, 4.16975148e-08,
         1.67706190e-07],
        [5.01843512e-01, 7.42223952e-03, 9.98391092e-01, 2.64076601e-08,
         1.13402230e-08, 4.67912500e-08, 8.43197689e-09, 4.29752340e-08,
         1.72086587e-07],
        [5.01849651e-01, 7.33054010e-03, 9.98411119e-01, 2.57496673e-08,
         1.10735821e-08, 4.54455247e-08, 8.15648438e-09, 4.18031618e-08,
         1.68418580e-07],
        [5.01828015e-01, 7.40902312e-03, 9.98395085e-01, 2.59754014e-08,
         1.12109264e-08, 4.59848941e-08, 8.28904057e-09, 4.24188649e-08,
         1.69085439e-07],
        [5.01835108e-01, 7.40152271e-03, 9.98392045e-01, 2.60295128e-08,
         1.12303669e-08, 4.62114969e-08, 8.27672064e-09, 4.24949285e-08,
         1.68983760e-07],
        [5.01824439e-01, 7.43924081e-03, 9.98389065e-01, 2.62427839e-08,
         1.12905809e-08, 4.62332146e-08, 8.32359071e-09, 4.27891607e-08,
         1.70046590e-07],
        [5.01819193e-01, 7.40876328e-03, 9.98389602e-01, 2.57432031e-08,
         1.11658922e-08, 4.52610820e-08, 8.19053625e-09, 4.21589128e-08,
         1.67253731e-07],
        [5.01819611e-01, 7.40648713e-03, 9.98407602e-01, 2.54508805e-08,
         1.10231975e-08, 4.48198456e-08, 8.08009393e-09, 4.19387511e-08,
         1.65712478e-07],
        [5.01833200e-01, 7.41158938e-03, 9.98412192e-01, 2.50670524e-08,
         1.09307221e-08, 4.44278356e-08, 8.01645506e-09, 4.14955856e-08,
         1.64658772e-07],
        [5.01844645e-01, 7.25681195e-03, 9.98438120e-01, 2.40765026e-08,
         1.04469402e-08, 4.23220996e-08, 7.61877494e-09, 3.97619573e-08,
         1.59241708e-07],
        [5.01827896e-01, 7.36604212e-03, 9.98422265e-01, 2.43604639e-08,
         1.06157314e-08, 4.31673648e-08, 7.80826603e-09, 4.04648937e-08,
         1.59699511e-07],
        [5.01825452e-01, 7.45245768e-03, 9.98413563e-01, 2.50500172e-08,
         1.07957803e-08, 4.43081731e-08, 7.97851385e-09, 4.11722603e-08,
         1.62765573e-07],
        [5.01860023e-01, 7.41359452e-03, 9.98413205e-01, 2.49450292e-08,
         1.07751230e-08, 4.43239294e-08, 7.91754751e-09, 4.11687111e-08,
         1.62469902e-07],
        [5.01870394e-01, 7.47381523e-03, 9.98394370e-01, 2.52950922e-08,
         1.08720961e-08, 4.50797479e-08, 8.06782641e-09, 4.20132054e-08,
         1.64165272e-07]]], dtype=float32), array([[[3.70466977e-01, 1.51576504e-01, 5.88022649e-01, 3.27643892e-03,
         2.60553323e-03, 3.70446360e-03, 1.84832979e-03, 3.87251517e-03,
         1.19762747e-02],
        [2.41269872e-01, 1.93173468e-01, 7.96533823e-01, 4.21421973e-05,
         3.28298956e-05, 6.15512836e-05, 1.79645158e-05, 5.97723629e-05,
         2.15085733e-04],
        [9.73422676e-02, 3.06431502e-01, 9.05993760e-01, 2.65045401e-06,
         1.89269406e-06, 4.36865639e-06, 9.60533725e-07, 4.41695011e-06,
         1.51318482e-05],
        [3.82438563e-02, 4.08796430e-01, 9.58228290e-01, 5.28027613e-07,
         3.47703889e-07, 8.83983773e-07, 1.77165376e-07, 9.66907464e-07,
         2.76551327e-06],
        [1.94608588e-02, 4.58065361e-01, 9.80816722e-01, 2.29719788e-07,
         1.40384401e-07, 3.69962379e-07, 7.51220881e-08, 4.34668863e-07,
         1.02091917e-06],
        [1.28886038e-02, 4.77493048e-01, 9.90128994e-01, 1.43654546e-07,
         8.24227016e-08, 2.22296336e-07, 4.67618371e-08, 2.80464974e-07,
         5.50644017e-07],
        [1.00822374e-02, 4.86032605e-01, 9.93992567e-01, 1.02811903e-07,
         5.63149136e-08, 1.53655137e-07, 3.36445751e-08, 2.04282571e-07,
         3.56694073e-07],
        [8.63568485e-03, 4.90289241e-01, 9.95432377e-01, 8.81501308e-08,
         4.67660541e-08, 1.28816382e-07, 2.92675661e-08, 1.77711428e-07,
         2.79319295e-07],
        [7.84311350e-03, 4.92527574e-01, 9.95978892e-01, 7.99876290e-08,
         4.09664764e-08, 1.13694377e-07, 2.64690314e-08, 1.60967531e-07,
         2.35987315e-07],
        [7.36809941e-03, 4.93822932e-01, 9.96069670e-01, 7.88034811e-08,
         3.91229875e-08, 1.10089253e-07, 2.62473883e-08, 1.58908705e-07,
         2.19765028e-07],
        [7.13792769e-03, 4.94652808e-01, 9.96159732e-01, 7.38300585e-08,
         3.62708192e-08, 1.01826046e-07, 2.46281733e-08, 1.50237966e-07,
         1.99924358e-07],
        [6.94211200e-03, 4.95270938e-01, 9.96062577e-01, 7.46314583e-08,
         3.57128584e-08, 1.01148991e-07, 2.49475889e-08, 1.51088784e-07,
         1.94253957e-07],
        [6.88538468e-03, 4.95647758e-01, 9.96143758e-01, 6.81498804e-08,
         3.29567342e-08, 9.35503408e-08, 2.32309745e-08, 1.41443081e-07,
         1.77197904e-07],
        [6.78508589e-03, 4.95938003e-01, 9.96009052e-01, 7.00872178e-08,
         3.34630954e-08, 9.55196313e-08, 2.37424569e-08, 1.44300799e-07,
         1.76599059e-07],
        [6.74629817e-03, 4.96144116e-01, 9.95975137e-01, 6.87682942e-08,
         3.26335972e-08, 9.31740090e-08, 2.32437642e-08, 1.42662131e-07,
         1.70790216e-07],
        [6.67112507e-03, 4.96303380e-01, 9.95891690e-01, 7.01967480e-08,
         3.29789991e-08, 9.42377483e-08, 2.36568845e-08, 1.45179655e-07,
         1.71597335e-07],
        [6.70179818e-03, 4.96422768e-01, 9.95893180e-01, 6.89652140e-08,
         3.23677867e-08, 9.27155455e-08, 2.33587567e-08, 1.42773345e-07,
         1.68090850e-07],
        [6.67517632e-03, 4.96495992e-01, 9.95885253e-01, 6.77077452e-08,
         3.18207185e-08, 9.13357852e-08, 2.29784298e-08, 1.39738006e-07,
         1.64196763e-07],
        [6.63355552e-03, 4.96580601e-01, 9.95952368e-01, 6.42868017e-08,
         3.00828020e-08, 8.57312799e-08, 2.16154739e-08, 1.32567479e-07,
         1.55777798e-07],
        [6.61083870e-03, 4.96649027e-01, 9.95855927e-01, 6.69031834e-08,
         3.10168211e-08, 8.94760177e-08, 2.25438939e-08, 1.37714508e-07,
         1.58932778e-07],
        [6.65706582e-03, 4.96704876e-01, 9.95872974e-01, 6.63884450e-08,
         3.06825321e-08, 8.79476758e-08, 2.21904930e-08, 1.36249881e-07,
         1.57856121e-07],
        [6.67596981e-03, 4.96711612e-01, 9.95882869e-01, 6.55110668e-08,
         3.02681187e-08, 8.68070771e-08, 2.18969305e-08, 1.35169955e-07,
         1.55173765e-07],
        [6.71297824e-03, 4.96732384e-01, 9.95811582e-01, 6.73141116e-08,
         3.10207113e-08, 8.92488359e-08, 2.23321486e-08, 1.38903005e-07,
         1.58039455e-07],
        [6.71607489e-03, 4.96750563e-01, 9.95776653e-01, 6.93548543e-08,
         3.16244453e-08, 9.09860844e-08, 2.29821797e-08, 1.41237763e-07,
         1.62403850e-07],
        [6.72554923e-03, 4.96780694e-01, 9.95804131e-01, 6.92682534e-08,
         3.15823350e-08, 9.01267541e-08, 2.28741399e-08, 1.40888730e-07,
         1.61600497e-07],
        [6.64981222e-03, 4.96789038e-01, 9.95769501e-01, 6.92789470e-08,
         3.16849089e-08, 9.06259032e-08, 2.30741914e-08, 1.41009053e-07,
         1.61166810e-07],
        [6.65684370e-03, 4.96828228e-01, 9.95835781e-01, 6.66671554e-08,
         3.05259995e-08, 8.73041017e-08, 2.21890701e-08, 1.37269851e-07,
         1.57166440e-07],
        [6.62145438e-03, 4.96814370e-01, 9.95874882e-01, 6.48959499e-08,
         2.96858254e-08, 8.47688284e-08, 2.14585310e-08, 1.33704717e-07,
         1.52257556e-07],
        [6.56552659e-03, 4.96852577e-01, 9.95856762e-01, 6.57621655e-08,
         3.01546628e-08, 8.58864695e-08, 2.18471499e-08, 1.35097039e-07,
         1.53775858e-07],
        [6.60538347e-03, 4.96831268e-01, 9.95788097e-01, 6.80525289e-08,
         3.11692112e-08, 8.86497986e-08, 2.26983374e-08, 1.39654929e-07,
         1.58636894e-07],
        [6.64969906e-03, 4.96859044e-01, 9.95800257e-01, 6.71917135e-08,
         3.08040597e-08, 8.77356783e-08, 2.23167334e-08, 1.38351723e-07,
         1.57162319e-07],
        [6.63542235e-03, 4.96879697e-01, 9.95859623e-01, 6.57417019e-08,
         3.01504741e-08, 8.57509903e-08, 2.17258176e-08, 1.35977416e-07,
         1.55350691e-07]]], dtype=float32), array([[[4.2774493e-01, 2.5487939e-01, 4.4334254e-01, 2.6660676e-03,
         2.0848238e-03, 3.0095088e-03, 1.4973836e-03, 3.2329310e-03,
         8.8562407e-03],
        [3.3283138e-01, 5.2574682e-01, 4.6192977e-01, 3.6064528e-05,
         2.5971127e-05, 4.7173828e-05, 1.5122304e-05, 4.7895508e-05,
         1.3217243e-04],
        [1.7775629e-01, 7.5445896e-01, 2.7709538e-01, 2.8023164e-06,
         1.6917030e-06, 3.5016083e-06, 9.5795099e-07, 3.8457397e-06,
         8.8446077e-06],
        [9.4982199e-02, 8.6102974e-01, 1.1864196e-01, 7.9684020e-07,
         3.9079771e-07, 8.4282090e-07, 2.3970151e-07, 1.0400003e-06,
         1.9049448e-06],
        [6.4858451e-02, 9.2062366e-01, 5.5015970e-02, 4.3339833e-07,
         1.8062072e-07, 3.9978792e-07, 1.2402987e-07, 5.4416427e-07,
         8.1044465e-07],
        [5.3242408e-02, 9.5533317e-01, 3.1780142e-02, 3.2568707e-07,
         1.2446898e-07, 2.7924094e-07, 9.4032522e-08, 4.0725376e-07,
         5.0662334e-07],
        [4.8904270e-02, 9.7516894e-01, 2.1739421e-02, 2.5592530e-07,
         9.3043440e-08, 2.1066634e-07, 7.4867472e-08, 3.2503740e-07,
         3.5645360e-07],
        [4.7014263e-02, 9.8617923e-01, 1.6546320e-02, 2.2836576e-07,
         8.0428073e-08, 1.8256044e-07, 6.8364983e-08, 2.9057580e-07,
         2.9003797e-07],
        [4.6577297e-02, 9.9224979e-01, 1.3781721e-02, 2.0685320e-07,
         7.0395110e-08, 1.6155755e-07, 6.2414379e-08, 2.6374644e-07,
         2.4692332e-07],
        [4.6560802e-02, 9.9559182e-01, 1.1994438e-02, 1.9859070e-07,
         6.6510466e-08, 1.5301302e-07, 6.0810450e-08, 2.5319039e-07,
         2.2623956e-07],
        [4.6382982e-02, 9.9743181e-01, 1.1020658e-02, 2.0475611e-07,
         6.7258135e-08, 1.5562540e-07, 6.3259932e-08, 2.6006572e-07,
         2.2366775e-07],
        [4.6807677e-02, 9.9846554e-01, 1.0213770e-02, 1.9576724e-07,
         6.3556676e-08, 1.4716287e-07, 6.0678985e-08, 2.5019568e-07,
         2.0878561e-07],
        [4.6866693e-02, 9.9905241e-01, 9.7076604e-03, 1.9357110e-07,
         6.2415332e-08, 1.4460586e-07, 6.0853182e-08, 2.4945535e-07,
         2.0318198e-07],
        [4.7188107e-02, 9.9939138e-01, 9.3418602e-03, 1.8565930e-07,
         6.0903709e-08, 1.3871173e-07, 5.9290990e-08, 2.4313519e-07,
         1.9487804e-07],
        [4.7394857e-02, 9.9958915e-01, 9.0502361e-03, 1.8157867e-07,
         5.9056095e-08, 1.3479564e-07, 5.7928911e-08, 2.3688347e-07,
         1.8880354e-07],
        [4.7389004e-02, 9.9970782e-01, 8.7306891e-03, 1.7836470e-07,
         5.7740802e-08, 1.3161660e-07, 5.6750039e-08, 2.3216629e-07,
         1.8176434e-07],
        [4.7309965e-02, 9.9977434e-01, 8.5840123e-03, 1.9277111e-07,
         6.1551525e-08, 1.4161709e-07, 6.1384789e-08, 2.4917762e-07,
         1.9391101e-07],
        [4.7597397e-02, 9.9981606e-01, 8.5433675e-03, 1.9081197e-07,
         6.1265681e-08, 1.3979590e-07, 6.0861005e-08, 2.4823146e-07,
         1.9258401e-07],
        [4.7932010e-02, 9.9984086e-01, 8.5264416e-03, 1.9671936e-07,
         6.2531711e-08, 1.4393972e-07, 6.2643167e-08, 2.5409045e-07,
         1.9666076e-07],
        [4.8002113e-02, 9.9985760e-01, 8.4665399e-03, 1.9192490e-07,
         6.1216689e-08, 1.4136931e-07, 6.1297740e-08, 2.5115159e-07,
         1.9188229e-07],
        [4.7919232e-02, 9.9986869e-01, 8.4347725e-03, 1.9079911e-07,
         6.1055680e-08, 1.4059943e-07, 6.0994729e-08, 2.4968182e-07,
         1.9057806e-07],
        [4.7994781e-02, 9.9987459e-01, 8.3897114e-03, 1.9526956e-07,
         6.2165903e-08, 1.4268795e-07, 6.2447640e-08, 2.5379560e-07,
         1.9371457e-07],
        [4.8162971e-02, 9.9987912e-01, 8.3777905e-03, 1.9105597e-07,
         6.0334749e-08, 1.3995201e-07, 6.0697104e-08, 2.4923790e-07,
         1.8884442e-07],
        [4.8116054e-02, 9.9988341e-01, 8.2591474e-03, 1.8554995e-07,
         5.8984149e-08, 1.3632058e-07, 5.8920904e-08, 2.4057363e-07,
         1.8355036e-07],
        [4.8037503e-02, 9.9988669e-01, 8.2343817e-03, 1.8759596e-07,
         5.9300177e-08, 1.3609778e-07, 5.9397337e-08, 2.4086228e-07,
         1.8501112e-07],
        [4.8160866e-02, 9.9988794e-01, 8.1876814e-03, 1.8641569e-07,
         5.9167139e-08, 1.3681162e-07, 5.9432388e-08, 2.4240100e-07,
         1.8514721e-07],
        [4.8111845e-02, 9.9988890e-01, 8.1637800e-03, 1.8956796e-07,
         6.0397213e-08, 1.3879807e-07, 6.0061183e-08, 2.4404889e-07,
         1.8646827e-07],
        [4.8180018e-02, 9.9988824e-01, 8.2091987e-03, 1.9491718e-07,
         6.1623027e-08, 1.4354812e-07, 6.2285373e-08, 2.5268986e-07,
         1.9238432e-07],
        [4.8785336e-02, 9.9988842e-01, 8.2535446e-03, 1.8665179e-07,
         5.9617143e-08, 1.3711552e-07, 5.9081135e-08, 2.4357749e-07,
         1.8659273e-07],
        [4.8258562e-02, 9.9988866e-01, 8.2110763e-03, 1.9368105e-07,
         6.1923672e-08, 1.4239868e-07, 6.1640591e-08, 2.5258777e-07,
         1.9248486e-07],
        [4.8536837e-02, 9.9988848e-01, 8.1830025e-03, 1.9012015e-07,
         6.0747830e-08, 1.4036090e-07, 6.0690596e-08, 2.4996393e-07,
         1.8941327e-07],
        [4.9082890e-02, 9.9989057e-01, 8.1501007e-03, 1.8405764e-07,
         5.8673070e-08, 1.3506836e-07, 5.7992430e-08, 2.4171501e-07,
         1.8437439e-07]]], dtype=float32)]