tf.Tensor(
[[[4.2911774e-01 2.4218599e-01 4.3284389e-01 4.9424535e-03 3.9988025e-03
   5.6152474e-03 2.9353818e-03 5.9612934e-03 1.5221233e-02]
  [3.5477313e-01 4.8536655e-01 4.8036930e-01 5.9737897e-05 4.3803208e-05
   7.8939876e-05 2.5530460e-05 7.9184290e-05 2.1655932e-04]
  [1.9849834e-01 7.3361999e-01 3.1539583e-01 3.9212910e-06 2.4255307e-06
   5.0823242e-06 1.3631717e-06 5.4304910e-06 1.2708085e-05]
  [1.0372981e-01 8.5028511e-01 1.4256452e-01 1.0379213e-06 5.1910422e-07
   1.1328979e-06 3.1302056e-07 1.3685105e-06 2.5450747e-06]
  [6.8420045e-02 9.1394800e-01 6.6059299e-02 5.2229012e-07 2.2268034e-07
   4.9452609e-07 1.4960507e-07 6.6245713e-07 9.9859744e-07]
  [5.5284474e-02 9.5142698e-01 3.6359973e-02 3.3143959e-07 1.2796048e-07
   2.9005864e-07 9.3806293e-08 4.1878934e-07 5.2977742e-07]
  [4.9436908e-02 9.7289127e-01 2.3658533e-02 2.7387580e-07 9.8945868e-08
   2.2737881e-07 7.8717726e-08 3.4595712e-07 3.8046926e-07]
  [4.7037505e-02 9.8491001e-01 1.7624002e-02 2.3539714e-07 8.2816655e-08
   1.8881087e-07 6.9268076e-08 2.9855940e-07 2.9821209e-07]
  [4.6156976e-02 9.9152416e-01 1.4371239e-02 2.2215184e-07 7.6132842e-08
   1.7462698e-07 6.6465830e-08 2.8305149e-07 2.6377498e-07]
  [4.6070259e-02 9.9516630e-01 1.2635658e-02 2.1593046e-07 7.2401107e-08
   1.6698036e-07 6.5339407e-08 2.7639524e-07 2.4531033e-07]
  [4.5923531e-02 9.9719286e-01 1.1401748e-02 2.0747304e-07 6.8370049e-08
   1.5769854e-07 6.3168201e-08 2.6704498e-07 2.2716767e-07]
  [4.6092171e-02 9.9832827e-01 1.0540255e-02 2.0113664e-07 6.6140132e-08
   1.5179047e-07 6.1981353e-08 2.5908466e-07 2.1621939e-07]
  [4.6354212e-02 9.9897337e-01 9.9817272e-03 1.9240107e-07 6.3178035e-08
   1.4480598e-07 5.9848276e-08 2.5139448e-07 2.0480739e-07]
  [4.6455715e-02 9.9933916e-01 9.5887324e-03 1.9665150e-07 6.3889907e-08
   1.4779607e-07 6.1538771e-08 2.5637283e-07 2.0561532e-07]
  [4.6561051e-02 9.9955213e-01 9.3666418e-03 1.9951563e-07 6.4007907e-08
   1.4836003e-07 6.2696721e-08 2.5911774e-07 2.0616227e-07]
  [4.7166705e-02 9.9968261e-01 9.0870019e-03 1.8905028e-07 6.0718044e-08
   1.4088471e-07 5.9551244e-08 2.4853324e-07 1.9565869e-07]
  [4.7307972e-02 9.9975991e-01 8.8466294e-03 1.8933737e-07 6.0490805e-08
   1.4029636e-07 5.9643121e-08 2.4887467e-07 1.9362740e-07]
  [4.7680870e-02 9.9980700e-01 8.7065343e-03 1.8880479e-07 6.0449999e-08
   1.3914058e-07 5.9610414e-08 2.4694003e-07 1.9203594e-07]
  [4.7633607e-02 9.9983537e-01 8.6243432e-03 1.9277972e-07 6.1182433e-08
   1.4249298e-07 6.1421225e-08 2.5262344e-07 1.9465855e-07]
  [4.8064888e-02 9.9985373e-01 8.5815778e-03 1.9116582e-07 6.0486791e-08
   1.4086176e-07 6.0718875e-08 2.4974585e-07 1.9225173e-07]
  [4.8067287e-02 9.9986482e-01 8.5022748e-03 1.9403031e-07 6.1793251e-08
   1.4280815e-07 6.1885473e-08 2.5257106e-07 1.9556187e-07]
  [4.8339792e-02 9.9987322e-01 8.5121989e-03 1.8983657e-07 6.0387130e-08
   1.4025193e-07 6.0385915e-08 2.4741951e-07 1.9214508e-07]
  [4.8386861e-02 9.9987996e-01 8.4578693e-03 1.8719231e-07 5.9221815e-08
   1.3820264e-07 5.9322829e-08 2.4433933e-07 1.8941280e-07]
  [4.8381921e-02 9.9988294e-01 8.3436966e-03 1.8846239e-07 5.9652038e-08
   1.3827329e-07 5.9881813e-08 2.4581641e-07 1.8942094e-07]
  [4.8505381e-02 9.9988455e-01 8.3117783e-03 1.8544512e-07 5.9050375e-08
   1.3579960e-07 5.9135626e-08 2.4287434e-07 1.8635875e-07]
  [4.8417166e-02 9.9988812e-01 8.2330704e-03 1.8218695e-07 5.8197212e-08
   1.3447833e-07 5.8063925e-08 2.3993081e-07 1.8420378e-07]
  [4.8730072e-02 9.9988854e-01 8.1826448e-03 1.8384581e-07 5.8445799e-08
   1.3460976e-07 5.7981723e-08 2.4095192e-07 1.8539319e-07]
  [4.8514824e-02 9.9988788e-01 8.2324147e-03 1.9175363e-07 6.0580689e-08
   1.4013507e-07 6.0433038e-08 2.4917966e-07 1.9135362e-07]
  [4.8763655e-02 9.9988997e-01 8.2034469e-03 1.8828288e-07 5.9729281e-08
   1.3832276e-07 5.9641025e-08 2.4702510e-07 1.8730680e-07]
  [4.8485488e-02 9.9988890e-01 8.2121789e-03 1.9410831e-07 6.1217655e-08
   1.4123584e-07 6.1387190e-08 2.5255366e-07 1.9221358e-07]
  [4.8375700e-02 9.9988770e-01 8.2911551e-03 1.9730248e-07 6.2395685e-08
   1.4413030e-07 6.2774625e-08 2.5790104e-07 1.9518551e-07]
  [4.8635248e-02 9.9988753e-01 8.3358586e-03 1.9492643e-07 6.2033941e-08
   1.4246393e-07 6.1915280e-08 2.5521373e-07 1.9361224e-07]]], shape=(1, 32, 9), dtype=float32)