[array([[[1.3248170e-13, 7.3105860e-01, 7.3105717e-01, 1.2673241e-09,
         2.3949473e-13, 1.7291880e-01, 2.1519351e-15, 2.1612277e-05,
         2.7415874e-07],
        [1.3465629e-17, 8.8079703e-01, 8.8077950e-01, 2.8559000e-12,
         2.5588781e-17, 2.8133321e-01, 2.4390615e-19, 7.8308187e-07,
         1.6926420e-09],
        [3.1604301e-18, 9.5257413e-01, 9.5255256e-01, 1.3500407e-12,
         6.9827858e-18, 2.7630958e-01, 3.4081492e-20, 3.2376147e-07,
         8.6236446e-10],
        [2.5625985e-18, 9.8201376e-01, 9.8199654e-01, 1.2770963e-12,
         5.7525225e-18, 2.7916375e-01, 2.4234883e-20, 2.4297412e-07,
         7.7616541e-10],
        [2.4949897e-18, 9.9330711e-01, 9.9329603e-01, 1.3250679e-12,
         5.7634831e-18, 2.8320879e-01, 2.4161406e-20, 2.1794271e-07,
         7.9649864e-10],
        [2.4928207e-18, 9.9752736e-01, 9.9752110e-01, 1.3225102e-12,
         5.6308525e-18, 2.7902445e-01, 2.2944076e-20, 2.2804136e-07,
         7.7171325e-10],
        [2.4838788e-18, 9.9908900e-01, 9.9908566e-01, 1.3324888e-12,
         5.6117678e-18, 2.8100577e-01, 2.3487642e-20, 2.2238287e-07,
         7.6915785e-10],
        [2.4974274e-18, 9.9966455e-01, 9.9966305e-01, 1.3556478e-12,
         5.6852214e-18, 2.8563488e-01, 2.5081561e-20, 2.1246024e-07,
         7.8689194e-10],
        [2.5236391e-18, 9.9987662e-01, 9.9987578e-01, 1.3504321e-12,
         5.5477643e-18, 2.7928445e-01, 2.3792172e-20, 2.2726238e-07,
         7.6396595e-10],
        [2.5358564e-18, 9.9995458e-01, 9.9995416e-01, 1.3915201e-12,
         5.6658228e-18, 2.7307904e-01, 2.3530868e-20, 2.2958170e-07,
         7.7844708e-10],
        [2.5835940e-18, 9.9998331e-01, 9.9998313e-01, 1.3633829e-12,
         5.6299079e-18, 2.7093771e-01, 2.3053480e-20, 2.4721453e-07,
         7.5791373e-10],
        [2.5799401e-18, 9.9999392e-01, 9.9999380e-01, 1.3868541e-12,
         5.6323563e-18, 2.7157763e-01, 2.3371274e-20, 2.4186625e-07,
         7.6530771e-10],
        [2.5999269e-18, 9.9999774e-01, 9.9999774e-01, 1.3909231e-12,
         5.7125482e-18, 2.6912886e-01, 2.3337686e-20, 2.4662441e-07,
         7.7041612e-10],
        [2.7005689e-18, 9.9999911e-01, 9.9999917e-01, 1.3785993e-12,
         5.9049111e-18, 2.6474828e-01, 2.2836673e-20, 2.7350274e-07,
         7.7658596e-10],
        [2.7025889e-18, 9.9999964e-01, 9.9999964e-01, 1.3849746e-12,
         5.8959304e-18, 2.6474327e-01, 2.2999721e-20, 2.7264309e-07,
         7.7676221e-10],
        [2.7372536e-18, 1.0000000e+00, 1.0000000e+00, 1.3932278e-12,
         6.0117125e-18, 2.6312613e-01, 2.2951167e-20, 2.8022748e-07,
         7.9115092e-10],
        [2.6025863e-18, 1.0000000e+00, 1.0000000e+00, 1.3943044e-12,
         5.7053397e-18, 2.6866952e-01, 2.3618821e-20, 2.4908289e-07,
         7.7003559e-10],
        [2.8716936e-18, 1.0000000e+00, 1.0000000e+00, 1.4028111e-12,
         6.3281612e-18, 2.5866938e-01, 2.3303082e-20, 3.1885605e-07,
         8.3469959e-10],
        [2.8546334e-18, 1.0000000e+00, 1.0000000e+00, 1.3924547e-12,
         6.2189635e-18, 2.6084355e-01, 2.2900006e-20, 3.1083857e-07,
         8.0606893e-10],
        [2.8305173e-18, 1.0000000e+00, 1.0000000e+00, 1.4104952e-12,
         6.2023082e-18, 2.6197678e-01, 2.3504313e-20, 3.0243953e-07,
         8.1990037e-10],
        [2.9428234e-18, 1.0000000e+00, 1.0000000e+00, 1.4356889e-12,
         6.5627236e-18, 2.5742394e-01, 2.3179226e-20, 3.3222884e-07,
         8.6809593e-10],
        [2.7438083e-18, 1.0000000e+00, 1.0000000e+00, 1.3975607e-12,
         5.9799658e-18, 2.6195705e-01, 2.3276606e-20, 2.8257702e-07,
         7.8376733e-10],
        [2.7416844e-18, 1.0000000e+00, 1.0000000e+00, 1.4117817e-12,
         5.9831603e-18, 2.6252544e-01, 2.3518483e-20, 2.7677763e-07,
         7.9033796e-10],
        [2.6967804e-18, 1.0000000e+00, 1.0000000e+00, 1.4131207e-12,
         5.9514280e-18, 2.6506057e-01, 2.3915927e-20, 2.6948160e-07,
         7.9598078e-10],
        [2.7876444e-18, 1.0000000e+00, 1.0000000e+00, 1.4139538e-12,
         6.1454317e-18, 2.6057661e-01, 2.3694081e-20, 2.9282123e-07,
         8.1049356e-10],
        [2.8821965e-18, 1.0000000e+00, 1.0000000e+00, 1.4075363e-12,
         6.3649604e-18, 2.5842223e-01, 2.3225251e-20, 3.2496357e-07,
         8.3679574e-10],
        [2.7273934e-18, 1.0000000e+00, 1.0000000e+00, 1.3907055e-12,
         5.9182159e-18, 2.6414618e-01, 2.3542450e-20, 2.8121454e-07,
         7.7635343e-10],
        [2.6089678e-18, 1.0000000e+00, 1.0000000e+00, 1.3934908e-12,
         5.6684388e-18, 2.6954782e-01, 2.3842415e-20, 2.5001009e-07,
         7.6228185e-10],
        [2.6306041e-18, 1.0000000e+00, 1.0000000e+00, 1.3990835e-12,
         5.7420430e-18, 2.6919144e-01, 2.4269298e-20, 2.5288838e-07,
         7.7628975e-10],
        [2.5650631e-18, 1.0000000e+00, 1.0000000e+00, 1.4165397e-12,
         5.6329366e-18, 2.7381396e-01, 2.4851748e-20, 2.3385208e-07,
         7.7471446e-10],
        [2.5610446e-18, 1.0000000e+00, 1.0000000e+00, 1.4487691e-12,
         5.6653906e-18, 2.7278522e-01, 2.4879161e-20, 2.2777988e-07,
         7.8531909e-10],
        [2.5434034e-18, 1.0000000e+00, 1.0000000e+00, 1.4401457e-12,
         5.5998142e-18, 2.7499837e-01, 2.5293905e-20, 2.2593919e-07,
         7.7789641e-10]]], dtype=float32), array([[[7.31058359e-01, 7.70240469e-12, 7.31057167e-01, 5.03167927e-01,
         5.30981970e-09, 3.79232317e-02, 9.39571407e-08, 6.26283869e-09,
         2.67841897e-05],
        [8.79240811e-01, 1.69759744e-06, 8.79000187e-01, 7.33381271e-01,
         1.12181064e-03, 3.13624740e-04, 3.31071569e-05, 5.11781366e-07,
         3.93593252e-01],
        [8.89397264e-01, 2.29867204e-04, 9.51773107e-01, 8.81404936e-01,
         2.50831363e-04, 3.45862372e-06, 7.33113609e-07, 2.12903828e-09,
         3.62660438e-01],
        [9.69482720e-01, 7.96456542e-13, 9.67042327e-01, 9.53031242e-01,
         2.80858707e-02, 3.87284871e-07, 1.44549459e-03, 8.27813074e-06,
         9.65401292e-01],
        [9.88527954e-01, 1.50311130e-09, 9.48464572e-01, 9.82192397e-01,
         5.91618009e-02, 1.01956596e-06, 5.61434368e-04, 1.57136924e-06,
         9.88507450e-01],
        [9.95135367e-01, 1.81117571e-07, 9.81930435e-01, 9.93369460e-01,
         6.64927298e-03, 3.56123564e-06, 1.71291376e-05, 2.26712848e-09,
         9.95054126e-01],
        [9.98282373e-01, 2.04142125e-08, 9.90191519e-01, 9.97550905e-01,
         2.13287305e-02, 5.13980979e-07, 1.25162202e-04, 2.63344077e-07,
         9.97649610e-01],
        [9.99408364e-01, 7.10745421e-11, 8.67852926e-01, 9.99097645e-01,
         1.31777823e-01, 6.48661171e-07, 3.51048983e-03, 1.45282218e-06,
         9.99376953e-01],
        [9.99784648e-01, 4.00026908e-13, 7.12874413e-01, 9.99667883e-01,
         6.02236092e-01, 5.37273536e-07, 7.40674417e-03, 2.63064812e-05,
         9.99787092e-01],
        [9.99920726e-01, 1.37494576e-13, 8.92669618e-01, 9.99877810e-01,
         1.43991128e-01, 2.38961479e-06, 1.03330647e-03, 1.93385786e-05,
         9.99917030e-01],
        [9.99970913e-01, 1.87403749e-13, 9.43794489e-01, 9.99954998e-01,
         4.97459881e-02, 5.01694376e-06, 4.30181623e-04, 6.20823130e-06,
         9.99963462e-01],
        [9.99989212e-01, 2.41100824e-12, 9.59697247e-01, 9.99983430e-01,
         4.72467035e-01, 5.57695785e-06, 3.74078751e-04, 5.32612194e-06,
         9.99987662e-01],
        [9.99995947e-01, 4.15692329e-14, 9.82773006e-01, 9.99993920e-01,
         9.04066861e-03, 5.47308955e-05, 1.10912852e-05, 1.54876705e-06,
         9.99990582e-01],
        [9.99998569e-01, 8.05166887e-14, 9.92769599e-01, 9.99997735e-01,
         1.05249453e-02, 1.89781189e-04, 2.56154053e-05, 5.43481519e-07,
         9.99985814e-01],
        [9.99999523e-01, 8.11418397e-14, 9.97118473e-01, 9.99999225e-01,
         5.36271185e-03, 4.24996018e-04, 1.98864236e-05, 9.22163224e-07,
         9.99983311e-01],
        [9.99999821e-01, 1.61145684e-12, 9.98796403e-01, 9.99999762e-01,
         5.83251603e-02, 3.13058496e-04, 8.92579556e-05, 1.04124831e-06,
         9.99981403e-01],
        [1.00000000e+00, 4.02491862e-14, 9.99565661e-01, 1.00000000e+00,
         1.37497089e-04, 1.25390291e-03, 1.18332082e-06, 3.83734609e-08,
         9.99834895e-01],
        [1.00000000e+00, 1.08192426e-12, 9.99815226e-01, 1.00000000e+00,
         3.65291871e-02, 1.22475624e-03, 2.77842646e-05, 6.52375547e-07,
         9.99963999e-01],
        [1.00000000e+00, 2.88924483e-12, 9.99908209e-01, 1.00000000e+00,
         8.19163546e-02, 5.51059842e-04, 1.18762255e-04, 1.51371762e-06,
         9.99957085e-01],
        [1.00000000e+00, 9.81592195e-13, 9.99954879e-01, 1.00000000e+00,
         5.09709977e-02, 5.94452024e-04, 1.56819820e-04, 1.09107953e-06,
         9.99935150e-01],
        [1.00000000e+00, 4.03655042e-14, 9.99990880e-01, 1.00000000e+00,
         3.95649622e-05, 2.32352316e-03, 1.32740098e-07, 2.28258905e-08,
         9.99706030e-01],
        [1.00000000e+00, 5.11011209e-13, 9.99996543e-01, 1.00000000e+00,
         3.12962220e-04, 2.97027826e-03, 2.29555653e-07, 1.05918772e-07,
         9.99927878e-01],
        [1.00000000e+00, 1.99588263e-11, 9.99991536e-01, 1.00000000e+00,
         4.10110829e-03, 6.15626574e-04, 4.06218824e-05, 2.85775371e-07,
         9.99825001e-01],
        [1.00000000e+00, 2.09601130e-12, 9.99998569e-01, 1.00000000e+00,
         9.24004067e-04, 4.38660383e-04, 9.05683009e-06, 1.15445937e-06,
         9.99938130e-01],
        [1.00000000e+00, 5.54591130e-11, 9.99993980e-01, 1.00000000e+00,
         9.35806707e-03, 5.93241639e-05, 4.11310684e-05, 1.06008576e-06,
         9.99958873e-01],
        [1.00000000e+00, 4.29049801e-14, 9.99999821e-01, 1.00000000e+00,
         5.37658634e-05, 3.72648239e-04, 3.72719342e-07, 3.66227724e-08,
         9.99740720e-01],
        [9.99999404e-01, 8.71683059e-10, 9.99996066e-01, 1.00000000e+00,
         4.50673839e-03, 3.85351777e-05, 9.54483221e-06, 3.92528278e-07,
         9.99707520e-01],
        [9.99953270e-01, 2.35859652e-08, 9.99984622e-01, 9.99999523e-01,
         4.45580715e-03, 1.82667245e-05, 4.44601528e-06, 1.69475045e-09,
         9.99309897e-01],
        [9.99971271e-01, 9.18637699e-09, 9.93099332e-01, 1.00000000e+00,
         1.51945934e-01, 9.67533742e-06, 2.58433371e-04, 3.97291797e-06,
         9.99966741e-01],
        [9.99274611e-01, 1.52468806e-06, 9.99689221e-01, 9.99998331e-01,
         5.95705723e-03, 2.13878830e-05, 9.63180537e-06, 9.83610415e-10,
         9.97352362e-01],
        [9.97047782e-01, 2.92333698e-05, 9.99829769e-01, 9.99984324e-01,
         1.39518129e-03, 5.36875814e-06, 7.27867337e-06, 1.31672506e-10,
         9.89058077e-01],
        [1.00000000e+00, 2.34603027e-12, 9.99440134e-01, 1.00000000e+00,
         1.61767110e-01, 1.67437076e-06, 1.46226681e-04, 2.50297921e-06,
         9.99904037e-01]]], dtype=float32), array([[[9.94896804e-11, 7.31058598e-01, 7.31058598e-01, 1.57125178e-05,
         1.17861759e-06, 1.80917334e-06, 6.62998014e-15, 8.25870414e-11,
         6.77583822e-11],
        [4.57578723e-12, 8.80797088e-01, 8.80164504e-01, 5.66946119e-02,
         1.52240992e-02, 5.02874151e-08, 2.48055478e-16, 6.18174470e-11,
         7.48340279e-12],
        [2.23746341e-10, 9.52573836e-01, 9.10874188e-01, 4.94534612e-01,
         4.02419358e-01, 4.50592097e-08, 5.46123335e-17, 1.80642411e-11,
         4.60581280e-13],
        [2.96667441e-10, 9.82012391e-01, 9.07873869e-01, 4.96453762e-01,
         5.01331329e-01, 1.24281669e-07, 1.44539671e-15, 5.57951081e-12,
         1.30923180e-12],
        [1.45077328e-09, 9.93303537e-01, 8.46624970e-01, 4.99048829e-01,
         6.63607717e-01, 1.06527722e-07, 4.28019910e-16, 9.28596609e-12,
         1.03639493e-12],
        [1.19762680e-08, 9.97524738e-01, 7.99811900e-01, 4.99523699e-01,
         8.51733625e-01, 1.51324713e-07, 3.85285853e-15, 2.35347904e-11,
         7.51558809e-13],
        [7.30460954e-08, 9.99087512e-01, 7.31796563e-01, 4.99473691e-01,
         9.34179127e-01, 2.04183294e-07, 1.90139669e-15, 3.34913694e-11,
         4.52312151e-13],
        [1.34586310e-06, 9.99663949e-01, 6.05034888e-01, 4.98993754e-01,
         9.74681497e-01, 2.06582854e-07, 3.55658293e-15, 6.30178132e-11,
         7.84401786e-13],
        [8.11798184e-09, 9.99876261e-01, 5.63943863e-01, 4.94349897e-01,
         9.67864037e-01, 2.80596396e-06, 7.45284809e-15, 2.54505389e-10,
         1.43261802e-12],
        [2.18959464e-08, 9.99954462e-01, 5.19258678e-01, 4.99534190e-01,
         9.92265999e-01, 5.30003774e-07, 3.03147544e-15, 3.09357817e-11,
         1.58456158e-12],
        [2.14832951e-08, 9.99983191e-01, 5.06849527e-01, 4.99322295e-01,
         9.96182323e-01, 3.51843198e-07, 3.00551367e-15, 8.80633136e-11,
         1.30426345e-12],
        [1.29073410e-08, 9.99993801e-01, 5.23001909e-01, 4.96299505e-01,
         9.91229594e-01, 5.53067935e-07, 3.39738414e-15, 9.01509908e-11,
         2.33125910e-12],
        [1.03961755e-08, 9.99997735e-01, 5.17068863e-01, 4.96989727e-01,
         9.95810270e-01, 5.16615046e-07, 3.31416908e-15, 7.09384287e-11,
         1.93179175e-12],
        [1.03148983e-08, 9.99999225e-01, 5.03916264e-01, 4.99301970e-01,
         9.98754263e-01, 2.57910841e-07, 2.11155319e-15, 6.54097818e-11,
         1.77049478e-12],
        [2.55832369e-08, 9.99999762e-01, 4.95894313e-01, 4.99633431e-01,
         9.99366939e-01, 7.10919721e-07, 8.10700740e-15, 4.13007475e-11,
         1.70962029e-12],
        [6.25013286e-08, 1.00000000e+00, 5.05357325e-01, 4.98848379e-01,
         9.97468114e-01, 4.74337156e-07, 1.53578911e-15, 7.32789524e-11,
         2.26192242e-12],
        [3.70292241e-08, 1.00000000e+00, 5.12518644e-01, 4.95133102e-01,
         9.97968853e-01, 3.38743661e-07, 3.26576623e-15, 6.55266605e-11,
         2.62354071e-12],
        [3.46448310e-08, 1.00000000e+00, 5.08817315e-01, 4.98261750e-01,
         9.98889744e-01, 2.53815699e-07, 2.06292354e-15, 5.61559965e-11,
         2.37217060e-12],
        [2.47592965e-07, 1.00000000e+00, 5.21143556e-01, 4.98905182e-01,
         9.99870718e-01, 4.62651251e-08, 1.17869283e-15, 5.27061068e-11,
         8.29538098e-13],
        [1.00150110e-05, 1.00000000e+00, 5.43243825e-01, 4.98036146e-01,
         9.99956369e-01, 1.25975497e-08, 2.33881319e-15, 8.95872654e-10,
         6.95590829e-13],
        [1.32251489e-05, 1.00000000e+00, 5.02261996e-01, 4.95407522e-01,
         9.99968112e-01, 4.08954861e-07, 6.33087197e-14, 2.80196999e-09,
         1.43566907e-12],
        [3.20468558e-08, 1.00000000e+00, 5.48180103e-01, 4.66065407e-01,
         9.91024852e-01, 1.22215506e-05, 4.19165672e-14, 2.39677417e-10,
         1.15744946e-12],
        [4.18982680e-08, 1.00000000e+00, 5.70284307e-01, 4.88220423e-01,
         9.95085180e-01, 1.54176647e-07, 1.21620802e-15, 2.98526238e-11,
         1.71997930e-12],
        [3.44238416e-08, 1.00000000e+00, 5.41952193e-01, 4.96186495e-01,
         9.96737421e-01, 2.05234187e-07, 2.21322361e-15, 8.21230306e-11,
         2.31695847e-12],
        [4.97126393e-08, 1.00000000e+00, 5.32537758e-01, 4.98151600e-01,
         9.97788131e-01, 8.18023622e-08, 4.71422804e-16, 2.60973864e-11,
         1.34908512e-12],
        [9.88136435e-08, 1.00000000e+00, 5.09028673e-01, 4.99031305e-01,
         9.99153614e-01, 2.26060308e-07, 7.24073251e-16, 5.16082628e-11,
         7.75262775e-13],
        [1.65487549e-07, 1.00000000e+00, 5.05116820e-01, 4.99151170e-01,
         9.98702705e-01, 2.90432212e-07, 8.05498422e-16, 3.46128785e-11,
         9.89582873e-13],
        [1.10578256e-07, 1.00000000e+00, 5.15775204e-01, 4.95274067e-01,
         9.97550249e-01, 4.51944089e-07, 2.14678150e-15, 5.76332766e-11,
         1.46164981e-12],
        [1.63920433e-07, 1.00000000e+00, 5.06347716e-01, 4.98857558e-01,
         9.98993993e-01, 3.47600860e-07, 1.39503457e-15, 6.99137970e-11,
         1.52733219e-12],
        [1.94191585e-07, 1.00000000e+00, 5.04599571e-01, 4.99139816e-01,
         9.98825908e-01, 4.08862064e-07, 1.13243212e-15, 4.03001035e-11,
         1.19017741e-12],
        [1.36891046e-07, 1.00000000e+00, 4.99746263e-01, 4.99507785e-01,
         9.99793649e-01, 3.29128255e-07, 5.09373512e-15, 2.78388701e-11,
         1.05107546e-12],
        [9.75367698e-08, 1.00000000e+00, 4.97772783e-01, 4.99179125e-01,
         9.99734759e-01, 2.08090938e-07, 4.70200864e-15, 4.44455098e-11,
         1.47476671e-12]]], dtype=float32), array([[[3.53452554e-12, 7.31058598e-01, 7.31058598e-01, 3.66652576e-11,
         5.88065430e-11, 1.70069853e-07, 1.30641174e-15, 3.94661664e-11,
         6.18658597e-12],
        [3.26416343e-14, 8.80797088e-01, 8.80797088e-01, 5.78172044e-09,
         1.78474799e-08, 9.10938383e-08, 6.04964083e-18, 6.95225821e-11,
         1.86111028e-13],
        [1.78908564e-13, 9.52574134e-01, 9.52574134e-01, 1.51919508e-08,
         1.03708055e-08, 4.12171005e-07, 1.22230639e-18, 1.28946489e-11,
         8.32445820e-14],
        [3.07691562e-13, 9.82013762e-01, 9.82013762e-01, 2.96365741e-08,
         2.46147067e-08, 4.32748521e-07, 1.70036012e-18, 6.16863245e-12,
         1.16123257e-13],
        [4.21602965e-13, 9.93307114e-01, 9.93307114e-01, 5.13851823e-08,
         5.36408535e-08, 4.50990854e-07, 2.84132963e-18, 5.36741051e-12,
         1.56624307e-13],
        [5.68307879e-13, 9.97527361e-01, 9.97527361e-01, 9.46300531e-08,
         1.00032601e-07, 6.86556405e-07, 6.64600290e-18, 1.02622511e-11,
         2.92212001e-13],
        [4.83278944e-13, 9.99089003e-01, 9.99089003e-01, 6.64168738e-08,
         1.18707959e-07, 6.33530362e-07, 5.99573512e-18, 6.32952024e-12,
         1.79160845e-13],
        [6.07667833e-13, 9.99664545e-01, 9.99664545e-01, 9.30334991e-08,
         8.11607421e-08, 5.40566930e-07, 7.49877276e-18, 1.05245864e-11,
         2.47325299e-13],
        [3.46323404e-12, 9.99876618e-01, 9.99876618e-01, 2.28296599e-07,
         1.42722126e-06, 9.39072947e-07, 2.50666629e-17, 2.34994905e-11,
         1.64820089e-13],
        [1.06251878e-12, 9.99954581e-01, 9.99954581e-01, 5.00328312e-08,
         8.08542708e-08, 6.89852470e-07, 7.94243687e-18, 4.79224776e-12,
         1.19905564e-13],
        [8.47799207e-13, 9.99983311e-01, 9.99983311e-01, 8.09392873e-08,
         7.44085611e-08, 5.49962124e-07, 5.11327362e-18, 5.22972117e-12,
         2.02905360e-13],
        [6.13122237e-13, 9.99993920e-01, 9.99993920e-01, 1.00782657e-07,
         1.44497960e-07, 5.93479228e-07, 6.39265940e-18, 1.01462918e-11,
         2.88868755e-13],
        [6.02958438e-13, 9.99997735e-01, 9.99997735e-01, 1.15292842e-07,
         2.24666749e-07, 4.37520697e-07, 8.25445519e-18, 1.11629855e-11,
         1.85713912e-13],
        [6.24320040e-13, 9.99999106e-01, 9.99999106e-01, 1.00189460e-07,
         1.46933829e-07, 1.19024753e-06, 1.46219857e-17, 4.49646787e-12,
         1.14635244e-13],
        [6.54144545e-13, 9.99999642e-01, 9.99999642e-01, 9.30931421e-08,
         9.88769884e-08, 9.37187906e-07, 1.06662384e-17, 3.17181698e-12,
         8.01551412e-14],
        [6.81279089e-13, 1.00000000e+00, 1.00000000e+00, 6.15643856e-08,
         1.15955991e-07, 7.91066100e-07, 6.62689544e-18, 2.38530203e-12,
         8.50061937e-14],
        [6.20370834e-13, 1.00000000e+00, 1.00000000e+00, 1.55192453e-07,
         2.21280672e-07, 1.13740475e-06, 1.33627868e-17, 5.01656485e-12,
         1.53650909e-13],
        [8.92853608e-13, 1.00000000e+00, 1.00000000e+00, 1.39403937e-07,
         9.86982727e-08, 1.19233107e-06, 1.38184624e-17, 3.00828438e-12,
         1.20202622e-13],
        [5.76394835e-13, 1.00000000e+00, 1.00000000e+00, 1.64244355e-07,
         2.54222186e-07, 8.94749519e-07, 2.17497547e-17, 7.33507959e-12,
         1.49957669e-13],
        [8.93192584e-13, 1.00000000e+00, 1.00000000e+00, 8.09811382e-08,
         9.23376859e-08, 1.15483158e-06, 1.11818242e-17, 2.24310154e-12,
         7.62646443e-14],
        [8.07427963e-13, 1.00000000e+00, 1.00000000e+00, 1.35163134e-07,
         1.01729178e-07, 8.64252797e-07, 1.20870452e-17, 4.95609673e-12,
         1.52639078e-13],
        [6.59141795e-13, 1.00000000e+00, 1.00000000e+00, 6.99066405e-08,
         8.24825577e-08, 5.30543844e-07, 5.09873137e-18, 4.08790840e-12,
         1.11272773e-13],
        [7.14674630e-13, 1.00000000e+00, 1.00000000e+00, 1.02730823e-07,
         8.89336746e-08, 5.66986557e-07, 5.30918721e-18, 4.75838379e-12,
         1.71558473e-13],
        [6.14334972e-13, 1.00000000e+00, 1.00000000e+00, 9.69058362e-08,
         1.11396226e-07, 8.48937702e-07, 8.44476380e-18, 3.48155337e-12,
         1.02298148e-13],
        [6.35413271e-13, 1.00000000e+00, 1.00000000e+00, 1.04356261e-07,
         9.63182814e-08, 7.77854609e-07, 9.03650896e-18, 3.62660791e-12,
         9.92112954e-14],
        [6.76548769e-13, 1.00000000e+00, 1.00000000e+00, 8.16390866e-08,
         8.58603642e-08, 5.57451472e-07, 5.43812192e-18, 4.06862521e-12,
         1.31525650e-13],
        [9.99291275e-12, 1.00000000e+00, 9.99999702e-01, 6.83965254e-07,
         2.54915221e-06, 1.01122657e-06, 1.52125777e-17, 7.21264628e-12,
         4.77269252e-14],
        [1.17726506e-06, 1.00000000e+00, 9.99999762e-01, 5.24372081e-06,
         5.08458725e-05, 3.24093392e-08, 1.59040544e-17, 2.12779475e-10,
         3.04741753e-14],
        [1.52050811e-12, 1.00000000e+00, 9.99999762e-01, 1.26593314e-08,
         5.66547669e-07, 1.25910401e-06, 9.32614774e-17, 1.51235535e-11,
         2.79691042e-14],
        [6.38197123e-13, 1.00000000e+00, 1.00000000e+00, 6.20852418e-08,
         1.11171659e-07, 7.51540711e-07, 7.49555585e-18, 5.85128213e-12,
         3.69185849e-14],
        [1.29422471e-12, 1.00000000e+00, 1.00000000e+00, 7.47714139e-08,
         1.01081525e-07, 6.92044068e-07, 6.26689196e-18, 4.42870740e-12,
         3.19523833e-14],
        [1.14352690e-12, 1.00000000e+00, 1.00000000e+00, 5.06934263e-08,
         4.58650931e-08, 8.34435014e-07, 6.37011748e-18, 1.74496442e-12,
         2.08284487e-14]]], dtype=float32), array([[[7.31058300e-01, 1.16317995e-08, 7.31058598e-01, 1.05449773e-08,
         1.14791646e-07, 1.42998213e-09, 1.19444537e-14, 3.70003805e-10,
         6.37735090e-12],
        [1.95605840e-04, 4.99999255e-01, 8.80797088e-01, 1.69417202e-10,
         1.15416710e-09, 2.94435868e-05, 1.90349093e-13, 2.96162717e-09,
         8.98777716e-14],
        [7.52983570e-01, 4.91232127e-01, 9.52574134e-01, 4.85699606e-11,
         3.41477411e-12, 5.02996215e-07, 2.03421712e-17, 4.97893090e-12,
         1.08897176e-16],
        [5.61112813e-07, 5.00000060e-01, 9.82013762e-01, 3.18733017e-12,
         2.69001130e-13, 5.14944350e-06, 1.80422743e-16, 2.63852655e-12,
         4.36966298e-17],
        [1.16746266e-08, 5.00000060e-01, 9.93307114e-01, 1.28022176e-10,
         6.76861128e-13, 6.39108407e-07, 4.55763862e-18, 2.39619587e-12,
         7.25723377e-16],
        [3.27421690e-09, 5.00000060e-01, 9.97527361e-01, 5.74929881e-10,
         4.90505032e-12, 8.13623501e-07, 5.52350185e-18, 2.20021527e-12,
         2.18302202e-15],
        [1.76624726e-09, 5.00000060e-01, 9.99089003e-01, 1.56553948e-09,
         1.13160488e-11, 1.20833761e-06, 9.71893710e-18, 1.74985384e-12,
         5.52048387e-15],
        [1.85828775e-09, 5.00000060e-01, 9.99664545e-01, 4.10016643e-09,
         3.96720538e-11, 1.49575067e-06, 1.60190888e-17, 1.76862756e-12,
         1.06417603e-14],
        [1.44031920e-09, 5.00000060e-01, 9.99876618e-01, 9.89898741e-09,
         1.10665123e-10, 1.25124075e-06, 2.08628384e-17, 2.74607333e-12,
         1.91178657e-14],
        [3.02340020e-09, 5.00000060e-01, 9.99954581e-01, 1.13992726e-08,
         1.58754065e-10, 2.08805500e-06, 1.40061861e-17, 1.52391673e-12,
         2.29529462e-14],
        [3.48952134e-09, 5.00000060e-01, 9.99983311e-01, 1.32212445e-08,
         2.18177157e-10, 2.44383455e-06, 1.31731093e-17, 1.55872580e-12,
         2.51601718e-14],
        [3.12561843e-09, 5.00000060e-01, 9.99993920e-01, 1.34942049e-08,
         1.98834893e-10, 2.28562931e-06, 1.12936541e-17, 1.48701472e-12,
         2.68054994e-14],
        [2.37622344e-09, 5.00000060e-01, 9.99997735e-01, 1.12867715e-08,
         1.28340255e-10, 1.83850159e-06, 7.20327406e-18, 1.17533197e-12,
         2.60887198e-14],
        [3.01941294e-09, 5.00000060e-01, 9.99999106e-01, 1.46094550e-08,
         2.08238121e-10, 2.33412152e-06, 1.14553902e-17, 1.52617979e-12,
         2.83359761e-14],
        [2.69963918e-09, 5.00000060e-01, 9.99999642e-01, 1.28629551e-08,
         2.31831915e-10, 2.37160884e-06, 1.30077998e-17, 1.26399564e-12,
         3.14051729e-14],
        [3.13620840e-09, 5.00000060e-01, 1.00000000e+00, 1.31909683e-08,
         2.36049791e-10, 2.50593621e-06, 1.34830035e-17, 1.38775905e-12,
         2.94766043e-14],
        [3.03814418e-09, 5.00000060e-01, 1.00000000e+00, 1.15408394e-08,
         2.30139255e-10, 2.46410832e-06, 1.28193871e-17, 1.12601497e-12,
         2.82598973e-14],
        [2.81384138e-09, 5.00000060e-01, 1.00000000e+00, 1.19791235e-08,
         2.36743708e-10, 2.37897098e-06, 1.34655797e-17, 1.15894122e-12,
         2.93660258e-14],
        [3.04354808e-09, 5.00000060e-01, 1.00000000e+00, 1.37299683e-08,
         2.39707143e-10, 2.51880488e-06, 1.35623615e-17, 1.35658932e-12,
         3.01202951e-14],
        [2.89470714e-09, 5.00000060e-01, 1.00000000e+00, 1.30530884e-08,
         2.38168124e-10, 2.46520835e-06, 1.33963224e-17, 1.25371187e-12,
         3.02985989e-14],
        [3.02897685e-09, 5.00000060e-01, 1.00000000e+00, 1.38569085e-08,
         2.40065856e-10, 2.52364975e-06, 1.35583828e-17, 1.34719579e-12,
         3.01486097e-14],
        [2.21353313e-09, 5.00000060e-01, 1.00000000e+00, 1.96376604e-08,
         3.79066556e-10, 1.57228988e-06, 1.30177681e-17, 1.86381856e-12,
         2.65663769e-14],
        [4.22991597e-09, 5.00000060e-01, 1.00000000e+00, 1.65907483e-08,
         3.59031305e-10, 1.83552334e-06, 1.08449739e-17, 1.47808480e-12,
         2.05418161e-14],
        [2.39462183e-09, 5.00000060e-01, 1.00000000e+00, 1.32897862e-08,
         3.31323413e-10, 1.96387282e-06, 1.64883218e-17, 1.80653691e-12,
         2.81202487e-14],
        [2.50860177e-09, 5.00000060e-01, 1.00000000e+00, 1.43111247e-08,
         3.80278087e-10, 1.86516490e-06, 1.85143601e-17, 1.84843959e-12,
         2.67841322e-14],
        [2.83157076e-09, 5.00000060e-01, 1.00000000e+00, 1.30184779e-08,
         2.69333195e-10, 2.32179309e-06, 1.52686358e-17, 1.39446657e-12,
         2.85342327e-14],
        [3.46874773e-09, 5.00000060e-01, 1.00000000e+00, 2.40708466e-08,
         5.88738003e-10, 1.74455215e-06, 1.25020467e-17, 1.83695377e-12,
         2.14609129e-14],
        [4.83239981e-09, 5.00000060e-01, 1.00000000e+00, 1.75003763e-08,
         2.67337652e-10, 2.36130199e-06, 7.24546689e-18, 9.06801544e-13,
         2.41545150e-14],
        [2.62397348e-09, 5.00000060e-01, 1.00000000e+00, 1.16469847e-08,
         2.04908049e-10, 2.09897212e-06, 8.57766277e-18, 1.15644159e-12,
         2.41254330e-14],
        [2.08217732e-09, 5.00000060e-01, 1.00000000e+00, 1.29051010e-08,
         1.73822290e-10, 1.87166688e-06, 6.45166922e-18, 1.11927004e-12,
         2.56973753e-14],
        [2.46177234e-09, 5.00000060e-01, 1.00000000e+00, 1.55089701e-08,
         2.31100805e-10, 2.16386843e-06, 9.22728741e-18, 1.34195639e-12,
         2.76402944e-14],
        [2.09803108e-09, 5.00000060e-01, 1.00000000e+00, 1.33464590e-08,
         3.76757098e-10, 1.79816470e-06, 1.74769218e-17, 1.84272281e-12,
         2.61036073e-14]]], dtype=float32), array([[[6.68013755e-10, 5.00001729e-01, 7.31058598e-01, 2.00681156e-11,
         8.98517372e-12, 2.05463905e-07, 5.08262755e-15, 1.02436248e-09,
         2.45782665e-11],
        [5.83301352e-10, 5.00001729e-01, 8.80797088e-01, 1.01004438e-09,
         9.43000955e-11, 2.92132825e-07, 1.76409600e-17, 4.83922347e-11,
         2.23224935e-13],
        [5.33614264e-09, 5.00001729e-01, 9.52574134e-01, 1.94969196e-08,
         2.14120943e-10, 9.98411792e-07, 3.06566403e-17, 1.40783765e-11,
         1.81179927e-13],
        [5.52976687e-09, 5.00001729e-01, 9.82013762e-01, 2.57365738e-08,
         7.43682560e-10, 1.71837530e-06, 1.69354047e-17, 5.35518071e-12,
         2.29990740e-14],
        [1.66667107e-08, 5.00001729e-01, 9.93307114e-01, 2.09857163e-08,
         1.39365436e-10, 2.91810261e-06, 2.37490684e-17, 1.86939396e-12,
         1.01506138e-13],
        [2.14958789e-08, 5.00001729e-01, 9.97527361e-01, 2.05443609e-08,
         4.96125641e-10, 1.25842462e-06, 1.64261261e-17, 2.69407933e-12,
         2.56248608e-14],
        [2.05227724e-09, 5.00001729e-01, 9.99089003e-01, 1.65832503e-08,
         6.41167841e-10, 2.87293278e-06, 1.84389907e-17, 1.87148083e-12,
         4.77669153e-14],
        [8.23390467e-10, 5.00001729e-01, 9.99664545e-01, 1.68539760e-08,
         2.14760223e-10, 3.81528116e-06, 2.47424428e-17, 1.62261556e-12,
         1.07996084e-13],
        [1.21252486e-09, 5.00001729e-01, 9.99876618e-01, 1.32610216e-08,
         7.63556163e-11, 3.08401832e-06, 2.59016819e-17, 2.50264219e-12,
         1.33021673e-13],
        [9.31345223e-10, 5.00001729e-01, 9.99954581e-01, 1.47660275e-08,
         3.23531646e-10, 3.09602387e-06, 3.32883617e-17, 1.76928893e-12,
         8.19020687e-14],
        [1.12424625e-09, 5.00001729e-01, 9.99983311e-01, 1.56029074e-08,
         3.56229157e-10, 5.12897623e-06, 3.39495107e-17, 1.82790155e-12,
         1.00903064e-13],
        [1.04037878e-09, 5.00001729e-01, 9.99993920e-01, 1.45578847e-08,
         4.05955991e-10, 5.43248916e-06, 3.27691769e-17, 1.60653424e-12,
         9.65652796e-14],
        [1.19695942e-09, 5.00001729e-01, 9.99997735e-01, 2.38699087e-08,
         5.30706978e-10, 5.85519592e-06, 2.86758438e-17, 1.65371015e-12,
         1.18310215e-13],
        [1.17842469e-09, 5.00001729e-01, 9.99999106e-01, 1.69930328e-08,
         4.28771713e-10, 5.84535428e-06, 3.67109572e-17, 1.88490044e-12,
         1.08715567e-13],
        [1.41914080e-09, 5.00001729e-01, 9.99999642e-01, 1.34524702e-08,
         3.63502561e-10, 5.29236786e-06, 2.27779137e-17, 1.05230158e-12,
         5.77453328e-14],
        [1.93472127e-09, 5.00001729e-01, 1.00000000e+00, 1.97579979e-08,
         5.03719344e-10, 4.81887992e-06, 1.00712532e-17, 7.00704577e-13,
         5.11145928e-14],
        [1.15713394e-09, 5.00001729e-01, 1.00000000e+00, 1.21704833e-08,
         3.45094675e-10, 5.43340093e-06, 2.30173990e-17, 1.02693928e-12,
         6.01658412e-14],
        [1.81583237e-09, 5.00001729e-01, 1.00000000e+00, 1.95165644e-08,
         5.32326017e-10, 4.71244311e-06, 1.15078070e-17, 7.63357368e-13,
         5.16745494e-14],
        [7.55280061e-10, 5.00001729e-01, 1.00000000e+00, 1.49611292e-08,
         5.84585547e-10, 4.92942218e-06, 2.48960602e-17, 1.11302818e-12,
         8.31965180e-14],
        [1.28241218e-09, 5.00001729e-01, 1.00000000e+00, 1.91674658e-08,
         7.05489112e-10, 3.89495244e-06, 1.30700972e-17, 1.10925993e-12,
         5.16171172e-14],
        [2.44521314e-09, 5.00001729e-01, 1.00000000e+00, 1.82342710e-08,
         1.61902269e-09, 3.54931103e-06, 2.03221104e-17, 1.50489332e-12,
         5.25347757e-14],
        [6.14957252e-10, 5.00001729e-01, 1.00000000e+00, 1.47476200e-08,
         3.99441230e-10, 3.36369703e-06, 9.89046541e-18, 8.72604940e-13,
         8.34679954e-14],
        [7.90015442e-10, 5.00001729e-01, 1.00000000e+00, 1.87852294e-08,
         2.74700318e-10, 4.32039042e-06, 1.62333401e-17, 1.63510481e-12,
         1.21455878e-13],
        [9.54625046e-10, 5.00001729e-01, 1.00000000e+00, 2.15164313e-08,
         2.73996520e-10, 4.52175846e-06, 1.93187155e-17, 2.00766812e-12,
         1.54236988e-13],
        [1.13506471e-09, 5.00001729e-01, 1.00000000e+00, 1.81913702e-08,
         2.42520698e-10, 4.53075427e-06, 2.00871101e-17, 1.81547984e-12,
         1.45172746e-13],
        [8.93875640e-10, 5.00001729e-01, 1.00000000e+00, 1.98851779e-08,
         2.76664802e-10, 4.09604581e-06, 1.63040723e-17, 1.58913247e-12,
         1.38228404e-13],
        [8.77637130e-10, 5.00001729e-01, 1.00000000e+00, 1.84760793e-08,
         2.68428030e-10, 4.58176601e-06, 1.98144912e-17, 2.00614460e-12,
         1.44224720e-13],
        [8.69418204e-10, 5.00001729e-01, 1.00000000e+00, 1.60881903e-08,
         2.38478570e-10, 4.69476026e-06, 2.08677783e-17, 2.00814300e-12,
         1.30093039e-13],
        [9.65771019e-10, 5.00001729e-01, 1.00000000e+00, 2.15152802e-08,
         2.85281077e-10, 4.61817672e-06, 1.85800135e-17, 1.91434954e-12,
         1.58477222e-13],
        [8.97844965e-10, 5.00001729e-01, 1.00000000e+00, 1.81170616e-08,
         2.49531867e-10, 4.70940586e-06, 1.82999268e-17, 1.75835518e-12,
         1.19429274e-13],
        [1.69020298e-09, 5.00001729e-01, 1.00000000e+00, 1.82700592e-08,
         2.25130331e-10, 4.75539036e-06, 2.06307828e-17, 1.67697041e-12,
         1.10465612e-13],
        [7.72178543e-10, 5.00001729e-01, 1.00000000e+00, 1.27835147e-08,
         2.38958020e-10, 4.02272099e-06, 1.67874204e-17, 1.51196232e-12,
         9.46536347e-14]]], dtype=float32), array([[[7.30966210e-01, 2.38522887e-04, 7.31058598e-01, 1.29939622e-07,
         1.38255418e-09, 2.48329252e-06, 1.36644016e-12, 5.78978732e-09,
         1.12994414e-11],
        [1.49905884e-06, 4.99916524e-01, 8.80797088e-01, 1.29234268e-08,
         4.22217400e-11, 1.94077461e-06, 4.52375945e-16, 9.61605906e-10,
         4.23211677e-14],
        [2.64861288e-08, 4.99998152e-01, 9.52574134e-01, 1.13039427e-08,
         5.52524901e-11, 1.00812508e-06, 1.65832335e-16, 5.25629471e-11,
         1.04042988e-13],
        [2.16954437e-08, 4.99999493e-01, 9.82013762e-01, 1.01677911e-08,
         4.82976228e-11, 7.53712641e-07, 8.75389294e-17, 2.73720057e-11,
         1.62119585e-13],
        [1.26328192e-08, 4.99999762e-01, 9.93307114e-01, 1.90082581e-08,
         1.95885960e-10, 7.36408083e-07, 6.40353202e-17, 2.04121928e-11,
         2.69440747e-13],
        [1.95898515e-08, 4.99999762e-01, 9.97527361e-01, 2.29435155e-08,
         1.88401100e-10, 1.40769089e-06, 1.14443098e-16, 1.23545792e-11,
         1.86507439e-13],
        [1.23217303e-08, 4.99999821e-01, 9.99089003e-01, 2.21481748e-08,
         3.51967511e-10, 2.25317012e-06, 1.58666463e-16, 7.29506386e-12,
         1.90036992e-13],
        [2.52098786e-08, 4.99999762e-01, 9.99664545e-01, 2.95047062e-08,
         3.84415194e-10, 3.90620880e-06, 1.72685904e-16, 6.81571856e-12,
         2.26952449e-13],
        [2.17670699e-08, 4.99999821e-01, 9.99876618e-01, 3.11680566e-08,
         2.58679467e-10, 4.45566002e-06, 1.30483970e-16, 5.88984504e-12,
         2.19276190e-13],
        [2.48395349e-08, 4.99999791e-01, 9.99954581e-01, 4.10674303e-08,
         6.74085676e-10, 5.29317049e-06, 1.19590689e-16, 4.52428069e-12,
         2.61675881e-13],
        [2.69564779e-08, 4.99999791e-01, 9.99983311e-01, 4.24901820e-08,
         7.74999731e-10, 5.98745510e-06, 1.25515155e-16, 4.67886103e-12,
         2.42165717e-13],
        [2.45875711e-08, 4.99999821e-01, 9.99993920e-01, 3.05673673e-08,
         5.37225042e-10, 5.72860608e-06, 1.31141042e-16, 4.36405686e-12,
         2.37237205e-13],
        [2.26189254e-08, 4.99999821e-01, 9.99997735e-01, 2.51506975e-08,
         2.76475426e-10, 4.44602483e-06, 1.07682756e-16, 4.07785481e-12,
         2.12967529e-13],
        [1.95151504e-08, 4.99999821e-01, 9.99999106e-01, 2.72293708e-08,
         1.84330468e-10, 3.79349763e-06, 9.02821449e-17, 4.23275911e-12,
         1.90754069e-13],
        [1.60678546e-08, 4.99999881e-01, 9.99999642e-01, 2.37147084e-08,
         1.32592631e-10, 3.31920864e-06, 7.50250698e-17, 3.84406005e-12,
         1.88784779e-13],
        [1.52550328e-08, 4.99999911e-01, 1.00000000e+00, 2.42228779e-08,
         1.02734002e-10, 2.77094432e-06, 5.65923094e-17, 3.71591169e-12,
         2.29923638e-13],
        [1.12748211e-08, 5.00000000e-01, 1.00000000e+00, 2.73914242e-08,
         9.69097511e-11, 2.38799498e-06, 3.87622691e-17, 3.18177234e-12,
         2.10397875e-13],
        [9.55901136e-09, 5.00000000e-01, 1.00000000e+00, 2.68066565e-08,
         9.25035049e-11, 2.45340402e-06, 3.42525003e-17, 2.97985660e-12,
         1.84172773e-13],
        [9.78308012e-09, 5.00000000e-01, 1.00000000e+00, 2.87234379e-08,
         9.06067721e-11, 2.62033200e-06, 3.51261023e-17, 3.12332755e-12,
         1.80431855e-13],
        [9.96310678e-09, 5.00000000e-01, 1.00000000e+00, 2.85109465e-08,
         8.86152957e-11, 2.67146811e-06, 3.28427000e-17, 2.92083328e-12,
         1.62089729e-13],
        [1.16332428e-08, 4.99999940e-01, 1.00000000e+00, 3.49730094e-08,
         9.69071628e-11, 2.53159487e-06, 3.05356800e-17, 2.77678488e-12,
         1.76614948e-13],
        [8.52527382e-09, 5.00000000e-01, 1.00000000e+00, 2.69726232e-08,
         7.36779596e-11, 2.26707243e-06, 2.66925575e-17, 2.26627658e-12,
         1.55738161e-13],
        [9.29260935e-09, 5.00000000e-01, 1.00000000e+00, 2.92532185e-08,
         7.79578901e-11, 2.67392534e-06, 3.08672140e-17, 2.70121599e-12,
         1.61759427e-13],
        [5.26698596e-09, 5.00000000e-01, 1.00000000e+00, 2.50605297e-08,
         6.50425269e-11, 2.28976137e-06, 2.82213709e-17, 2.34226007e-12,
         1.35498912e-13],
        [3.07336245e-09, 5.00000000e-01, 1.00000000e+00, 2.42434002e-08,
         7.22948090e-11, 2.04782850e-06, 2.29899879e-17, 1.93207061e-12,
         1.26874029e-13],
        [4.52695126e-09, 5.00000000e-01, 1.00000000e+00, 1.92268192e-08,
         5.74958137e-11, 2.03801710e-06, 1.87893084e-17, 1.66068613e-12,
         8.90735036e-14],
        [3.46744455e-09, 5.00000000e-01, 1.00000000e+00, 1.83053235e-08,
         4.99384631e-11, 2.17726347e-06, 2.07161594e-17, 1.81498816e-12,
         7.56508029e-14],
        [4.35082947e-09, 5.00000000e-01, 1.00000000e+00, 1.75821793e-08,
         4.57281435e-11, 2.07373705e-06, 2.05905884e-17, 1.71611011e-12,
         7.89168535e-14],
        [4.57124116e-09, 5.00000000e-01, 1.00000000e+00, 1.65779692e-08,
         4.98199225e-11, 2.26850852e-06, 1.87170657e-17, 1.57616737e-12,
         6.38247661e-14],
        [4.05280254e-09, 5.00000000e-01, 1.00000000e+00, 1.70461405e-08,
         7.54044674e-11, 1.92295352e-06, 1.69451770e-17, 1.42822451e-12,
         7.28891977e-14],
        [4.13638146e-09, 5.00000000e-01, 1.00000000e+00, 1.57332618e-08,
         4.49968743e-11, 2.06646610e-06, 2.12269501e-17, 1.66822925e-12,
         7.44877453e-14],
        [5.34950972e-09, 5.00000000e-01, 1.00000000e+00, 1.58459272e-08,
         6.20350160e-11, 2.05319839e-06, 1.54699484e-17, 1.30136104e-12,
         5.49049670e-14]]], dtype=float32), array([[[7.31058598e-01, 1.81303616e-12, 7.31058121e-01, 7.65589903e-08,
         5.18337474e-04, 9.54249373e-08, 1.28084775e-06, 4.99999940e-01,
         7.30794787e-01],
        [6.98725402e-04, 1.56045498e-04, 8.80743742e-01, 1.08626508e-03,
         4.56737980e-05, 7.93335102e-12, 2.60226386e-07, 6.22438907e-04,
         4.09918948e-06],
        [7.24417187e-05, 4.25644308e-01, 9.52568233e-01, 5.03807087e-07,
         6.74981493e-09, 5.11599341e-09, 1.42090599e-14, 1.68926064e-07,
         4.93381391e-10],
        [3.48469655e-07, 4.99951363e-01, 9.82011437e-01, 5.88733009e-08,
         3.56822993e-09, 7.87360364e-08, 1.11383125e-16, 1.10877940e-09,
         2.30360197e-12],
        [3.05094758e-08, 4.99999702e-01, 9.93306339e-01, 4.08550811e-08,
         3.86581323e-10, 1.94761725e-07, 2.00800393e-17, 9.66998148e-11,
         3.76524305e-13],
        [5.09694331e-08, 5.00001073e-01, 9.97527003e-01, 5.49576491e-08,
         7.37422456e-10, 3.57543115e-07, 9.16575345e-18, 1.57691471e-10,
         8.03673046e-13],
        [3.16378284e-08, 5.00001371e-01, 9.99088883e-01, 3.78767737e-08,
         5.07783371e-10, 2.88700477e-07, 7.14202796e-18, 1.46153215e-10,
         1.07161318e-12],
        [6.47435243e-08, 5.00001431e-01, 9.99664605e-01, 4.68194123e-08,
         6.78446743e-10, 3.48507342e-07, 5.07716470e-18, 1.69095016e-10,
         1.07356452e-12],
        [5.69102205e-08, 5.00001371e-01, 9.99876559e-01, 5.18322736e-08,
         6.89825086e-10, 3.22888241e-07, 5.08084566e-18, 1.26107583e-10,
         9.57009103e-13],
        [3.43075897e-08, 5.00001371e-01, 9.99954581e-01, 3.92539192e-08,
         5.90620775e-10, 3.32982495e-07, 5.18238125e-18, 1.64690331e-10,
         1.04202920e-12],
        [4.15191650e-08, 5.00001431e-01, 9.99983311e-01, 4.20810267e-08,
         6.05180794e-10, 4.01461307e-07, 5.22805072e-18, 1.87849944e-10,
         1.09976069e-12],
        [4.51588669e-08, 5.00001490e-01, 9.99993861e-01, 4.62033078e-08,
         5.73754488e-10, 3.03325436e-07, 2.63891667e-18, 7.79628029e-11,
         5.32589652e-13],
        [5.99193939e-09, 5.00001609e-01, 9.99997735e-01, 4.68284327e-08,
         1.04525777e-09, 2.46304751e-07, 3.68074321e-18, 4.05264156e-11,
         2.53438140e-13],
        [1.01214672e-08, 5.00001609e-01, 9.99999225e-01, 3.31943006e-08,
         3.14037907e-10, 5.29876900e-07, 2.17602826e-18, 2.64689017e-11,
         2.05693318e-13],
        [1.82861601e-08, 5.00001609e-01, 9.99999762e-01, 3.72193441e-08,
         2.24777641e-10, 5.58534339e-07, 2.60625296e-18, 2.50662772e-11,
         2.20988619e-13],
        [1.18598793e-08, 5.00001609e-01, 1.00000000e+00, 7.14131403e-08,
         3.09600567e-10, 5.63085223e-07, 2.55294055e-18, 1.83555376e-11,
         1.79227347e-13],
        [1.15975833e-08, 5.00001609e-01, 1.00000000e+00, 4.46418369e-08,
         2.65383743e-10, 5.88616501e-07, 3.06380482e-18, 9.35337224e-12,
         8.82090421e-14],
        [9.70954694e-09, 5.00001609e-01, 1.00000000e+00, 3.70686521e-08,
         1.77279025e-10, 8.31373711e-07, 2.87648646e-18, 1.29905036e-11,
         1.07603955e-13],
        [4.84294871e-09, 5.00001729e-01, 1.00000000e+00, 2.82179933e-08,
         1.48126414e-10, 7.85718839e-07, 2.88125247e-18, 1.30545123e-11,
         1.01937908e-13],
        [8.76439721e-09, 5.00001669e-01, 1.00000000e+00, 3.39412551e-08,
         1.46007206e-10, 9.86001055e-07, 2.95118935e-18, 1.35523485e-11,
         9.38711457e-14],
        [3.87862364e-09, 5.00001729e-01, 1.00000000e+00, 3.13368105e-08,
         1.22002436e-10, 7.81889412e-07, 2.64173798e-18, 1.17646518e-11,
         9.24408729e-14],
        [1.02513242e-08, 5.00001609e-01, 1.00000000e+00, 2.93630649e-08,
         1.32996877e-10, 9.47057572e-07, 2.72465001e-18, 1.19372975e-11,
         7.77361980e-14],
        [1.02102229e-08, 5.00001669e-01, 1.00000000e+00, 3.57884424e-08,
         1.18954832e-10, 7.55650831e-07, 1.94576413e-18, 7.37674938e-12,
         6.11227716e-14],
        [5.58387114e-09, 5.00001729e-01, 1.00000000e+00, 4.00780955e-08,
         1.39767670e-10, 6.69456142e-07, 2.11420271e-18, 9.14084954e-12,
         7.34122710e-14],
        [5.24504307e-09, 5.00001729e-01, 1.00000000e+00, 4.05879739e-08,
         1.19973587e-10, 7.54751284e-07, 2.51004627e-18, 1.08307486e-11,
         7.71105117e-14],
        [7.07167880e-09, 5.00001669e-01, 1.00000000e+00, 2.90270634e-08,
         1.15613179e-10, 1.07005212e-06, 3.10564754e-18, 1.29172463e-11,
         8.09567596e-14],
        [6.35293151e-09, 5.00001729e-01, 1.00000000e+00, 3.92768342e-08,
         1.05936107e-10, 8.18218325e-07, 2.32706958e-18, 9.77911242e-12,
         7.31228500e-14],
        [8.34018365e-09, 5.00001609e-01, 1.00000000e+00, 3.58105652e-08,
         1.33052444e-10, 6.74259013e-07, 1.65365564e-18, 6.62697024e-12,
         5.21126280e-14],
        [7.57494512e-09, 5.00001609e-01, 1.00000000e+00, 3.51971892e-08,
         1.44954451e-10, 6.41535792e-07, 1.55466321e-18, 6.19119339e-12,
         5.25321702e-14],
        [5.80181903e-09, 5.00001609e-01, 1.00000000e+00, 2.92288469e-08,
         1.59561864e-10, 5.33980824e-07, 1.57044716e-18, 4.90227260e-12,
         5.28899874e-14],
        [1.21705446e-09, 5.00001729e-01, 1.00000000e+00, 3.39588695e-08,
         1.61124641e-10, 6.13912221e-07, 2.33982636e-18, 1.33145543e-11,
         1.15599723e-13],
        [6.82412971e-09, 5.00001609e-01, 1.00000000e+00, 1.87841902e-08,
         9.92669558e-11, 9.60024067e-07, 2.40699136e-18, 9.35562045e-12,
         4.61620081e-14]]], dtype=float32), array([[[7.31058598e-01, 2.94292070e-13, 7.31058598e-01, 1.52939356e-05,
         5.17537061e-04, 3.20110104e-07, 6.88812340e-11, 8.16165713e-09,
         1.10386081e-05],
        [8.79903615e-01, 1.92743127e-10, 8.80797029e-01, 3.02576836e-07,
         3.67057131e-04, 6.98806417e-08, 2.43955420e-12, 1.83885209e-08,
         1.44006573e-09],
        [9.51839268e-01, 4.71240913e-09, 9.52574134e-01, 3.65166386e-09,
         3.45092189e-07, 6.62495836e-07, 4.63947294e-13, 9.56012269e-10,
         9.00794855e-11],
        [9.81340885e-01, 1.85341675e-09, 9.82013643e-01, 1.01532137e-07,
         1.23726704e-06, 1.85641625e-06, 1.40379272e-13, 4.35483916e-09,
         4.67168693e-10],
        [9.73834932e-01, 6.75493175e-06, 9.93307114e-01, 9.52220969e-10,
         1.06121718e-07, 4.87798388e-05, 1.80614169e-11, 3.70510311e-09,
         1.01714808e-11],
        [9.97477472e-01, 2.59890385e-08, 9.97527361e-01, 9.14408993e-09,
         1.21883730e-08, 3.43510510e-06, 1.10772925e-12, 1.47177825e-09,
         2.36908913e-11],
        [9.98156846e-01, 4.10139656e-08, 9.99089003e-01, 1.46994017e-08,
         6.85950710e-08, 5.71009014e-06, 2.03822948e-13, 8.56790527e-10,
         6.61411828e-11],
        [1.19494158e-03, 4.96523976e-02, 9.99664664e-01, 1.49596308e-10,
         1.51040247e-09, 1.12024019e-03, 1.82533051e-11, 5.21788793e-11,
         1.64186145e-12],
        [1.13207044e-03, 2.07529426e-01, 9.99876618e-01, 8.14391957e-11,
         1.43232746e-12, 2.34961976e-06, 1.20716298e-15, 4.16790907e-11,
         8.89699013e-15],
        [3.26152495e-03, 1.34319991e-01, 9.99954581e-01, 3.13654214e-10,
         2.46245168e-12, 9.71254622e-07, 2.93417269e-16, 2.03776218e-10,
         2.18075917e-15],
        [1.66884827e-04, 4.05883670e-01, 9.99983311e-01, 9.01351702e-11,
         6.39273226e-12, 1.76125423e-06, 6.20686050e-16, 1.34281808e-10,
         7.31553981e-16],
        [9.75758230e-05, 4.46663469e-01, 9.99993801e-01, 2.64511124e-09,
         1.24577241e-11, 3.52212669e-06, 2.83703918e-16, 6.33486180e-11,
         4.89997887e-15],
        [1.92073912e-05, 4.93971080e-01, 9.99997854e-01, 1.65223080e-09,
         2.02534222e-11, 1.48090271e-06, 1.96871484e-17, 2.10718786e-11,
         4.08353610e-15],
        [5.28401779e-06, 4.98589993e-01, 9.99999225e-01, 4.21872287e-10,
         1.22408412e-11, 3.44020191e-06, 1.68548638e-17, 6.12656106e-12,
         1.72665909e-15],
        [1.98380781e-06, 4.99748349e-01, 9.99999762e-01, 4.99267738e-10,
         4.71130513e-12, 1.01208861e-05, 1.41346489e-17, 4.10867000e-12,
         1.81559712e-15],
        [4.55753906e-07, 4.99947488e-01, 1.00000000e+00, 6.18122886e-10,
         4.71667323e-12, 9.59135014e-06, 2.76565737e-17, 3.20891772e-12,
         1.55544631e-15],
        [2.82524752e-07, 4.99988437e-01, 1.00000000e+00, 1.05961828e-09,
         2.55979266e-12, 5.82058874e-06, 2.34565211e-17, 1.93753976e-12,
         4.62514209e-15],
        [4.85668238e-07, 4.99985665e-01, 1.00000000e+00, 9.17429077e-10,
         3.90413353e-12, 3.89859406e-06, 1.40068511e-17, 9.53049922e-13,
         3.28536785e-15],
        [5.16598789e-07, 4.99990940e-01, 1.00000000e+00, 2.00925321e-09,
         8.61030691e-12, 3.07640130e-06, 1.41880864e-17, 1.29175848e-12,
         3.12538789e-15],
        [4.00306732e-07, 4.99990165e-01, 1.00000000e+00, 3.42750361e-09,
         4.72581557e-11, 1.40259067e-06, 1.38786216e-17, 1.12936180e-12,
         1.92605107e-15],
        [5.34513518e-08, 4.99997735e-01, 1.00000000e+00, 3.41183015e-09,
         2.50723019e-11, 1.57586408e-06, 9.52190516e-18, 9.66858863e-13,
         3.62838125e-15],
        [6.78995704e-08, 4.99997914e-01, 1.00000000e+00, 2.54616217e-09,
         2.08762972e-11, 1.50890594e-06, 8.99223081e-18, 6.03744485e-13,
         6.62104013e-15],
        [1.84493061e-07, 4.99997467e-01, 1.00000000e+00, 3.21990323e-09,
         1.73219182e-11, 1.22371262e-06, 6.97145504e-18, 7.06180069e-13,
         5.33031481e-15],
        [2.90103031e-07, 4.99994099e-01, 1.00000000e+00, 6.31278319e-09,
         7.19197479e-11, 6.99006762e-07, 9.98152972e-18, 7.90546339e-13,
         3.33921331e-15],
        [4.45336958e-08, 4.99998629e-01, 1.00000000e+00, 3.70433328e-09,
         4.89187926e-11, 6.44148031e-07, 1.00631443e-17, 8.65149044e-13,
         3.55581255e-15],
        [1.20570709e-08, 4.99999881e-01, 1.00000000e+00, 1.41171457e-08,
         1.74019421e-09, 1.97295947e-07, 3.48214980e-17, 1.81744862e-11,
         2.80192591e-15],
        [2.80065771e-09, 5.00000000e-01, 1.00000000e+00, 1.78352211e-09,
         8.56966165e-11, 6.41029430e-07, 2.99296544e-17, 1.22534552e-11,
         4.10667788e-15],
        [3.17982192e-08, 4.99999106e-01, 1.00000000e+00, 2.85313861e-09,
         1.97653942e-11, 4.45076125e-07, 4.57323924e-18, 4.47731262e-13,
         6.45120833e-15],
        [1.31796185e-07, 4.99997824e-01, 1.00000000e+00, 5.51504176e-09,
         6.00218972e-11, 5.56798454e-07, 7.38760051e-18, 7.08007546e-13,
         4.15141308e-15],
        [1.81974855e-07, 4.99998331e-01, 1.00000000e+00, 6.11483797e-09,
         6.49536397e-11, 6.65216930e-07, 6.94939744e-18, 5.95988319e-13,
         3.85700137e-15],
        [1.17761566e-07, 4.99998629e-01, 1.00000000e+00, 5.58822055e-09,
         4.25977170e-11, 6.31807211e-07, 6.03791058e-18, 4.35367915e-13,
         6.70732865e-15],
        [7.97142903e-08, 4.99998987e-01, 1.00000000e+00, 8.38636893e-09,
         1.14567841e-10, 6.15650038e-07, 9.01727536e-18, 7.47026573e-13,
         6.57141544e-15]]], dtype=float32), array([[[7.31057048e-01, 4.03947015e-10, 7.31058598e-01, 1.57298345e-07,
         3.66726994e-07, 1.80001147e-09, 4.19934459e-13, 6.42063791e-10,
         8.27206137e-10],
        [1.55449050e-06, 4.99994099e-01, 7.31056452e-01, 1.83700843e-06,
         5.04876916e-05, 1.29081309e-03, 3.49157037e-09, 1.03484665e-10,
         3.54041740e-10],
        [8.79410148e-01, 4.99996006e-01, 8.80797029e-01, 2.13825055e-10,
         9.91181963e-12, 4.18426862e-06, 1.70304643e-17, 7.88579488e-13,
         9.81111487e-15],
        [8.15217104e-03, 5.00000000e-01, 9.52574134e-01, 8.33264791e-10,
         3.30394783e-12, 5.51521816e-06, 3.99883262e-18, 8.66618450e-14,
         1.24782384e-15],
        [1.12791291e-04, 5.00000000e-01, 9.82013822e-01, 5.27321742e-10,
         4.83103384e-11, 4.21327923e-06, 1.33093104e-17, 2.49271280e-13,
         3.76144377e-15],
        [5.51579462e-04, 5.00000000e-01, 9.93307114e-01, 2.06595652e-09,
         3.57210789e-11, 4.19358457e-06, 2.12383689e-18, 6.90125040e-14,
         1.22323221e-14],
        [1.38407690e-04, 5.00000000e-01, 9.97527361e-01, 3.92849842e-09,
         5.63847129e-11, 3.58259740e-06, 3.00028169e-18, 5.23265953e-14,
         2.28855766e-14],
        [5.60025364e-05, 5.00000000e-01, 9.99089003e-01, 9.87351267e-09,
         1.73632095e-10, 2.13230055e-06, 3.35993817e-18, 5.08043924e-14,
         4.00182817e-14],
        [3.13154669e-05, 5.00000000e-01, 9.99664545e-01, 1.51696558e-08,
         7.15330351e-10, 2.02338583e-06, 3.98649605e-18, 4.70814726e-14,
         4.95301499e-14],
        [7.94723655e-06, 5.00000000e-01, 9.99876618e-01, 1.09764455e-08,
         2.94779179e-09, 2.34311392e-06, 6.65390578e-18, 9.31108828e-14,
         4.88139395e-14],
        [4.03127524e-06, 5.00000000e-01, 9.99954581e-01, 7.68806174e-09,
         2.94000913e-09, 3.11019630e-06, 4.84633085e-18, 7.11787535e-14,
         4.18944054e-14],
        [9.12536598e-06, 5.00000000e-01, 9.99983311e-01, 8.54284110e-09,
         1.86884774e-09, 3.09652569e-06, 4.41975960e-18, 4.07094199e-14,
         3.63534039e-14],
        [2.31370586e-06, 5.00000000e-01, 9.99993920e-01, 7.02755143e-09,
         3.60182417e-09, 2.92056939e-06, 4.63466319e-18, 8.33482453e-14,
         4.69357355e-14],
        [1.12951477e-06, 5.00000000e-01, 9.99997735e-01, 8.17527201e-09,
         7.10822068e-09, 2.62078925e-06, 5.03825620e-18, 1.10739068e-13,
         5.97468784e-14],
        [1.35114988e-06, 5.00000000e-01, 9.99999106e-01, 8.72099282e-09,
         5.91493698e-09, 2.56622639e-06, 4.37532594e-18, 1.01850989e-13,
         5.84579314e-14],
        [1.51940901e-06, 5.00000000e-01, 9.99999642e-01, 8.64064020e-09,
         5.65953062e-09, 2.90184016e-06, 4.49488208e-18, 8.99754582e-14,
         6.22655681e-14],
        [2.15232194e-06, 5.00000000e-01, 1.00000000e+00, 8.03783351e-09,
         4.64071270e-09, 2.90094931e-06, 4.19400712e-18, 7.73891720e-14,
         4.70685875e-14],
        [1.40947270e-06, 5.00000000e-01, 1.00000000e+00, 7.80147946e-09,
         7.14082038e-09, 3.37409688e-06, 8.76320683e-18, 1.45616239e-13,
         5.91724003e-14],
        [1.67320059e-06, 5.00000000e-01, 1.00000000e+00, 6.89793866e-09,
         3.78237663e-09, 5.20481444e-06, 7.93318237e-18, 1.12767800e-13,
         6.03174466e-14],
        [2.40958366e-06, 5.00000000e-01, 1.00000000e+00, 6.22028473e-09,
         4.37731851e-09, 7.51828520e-06, 1.88453449e-17, 1.68191538e-13,
         5.95326672e-14],
        [3.82605776e-06, 5.00000000e-01, 1.00000000e+00, 5.96690208e-09,
         1.31447986e-09, 7.47656441e-06, 6.49027705e-18, 7.25149650e-14,
         5.73297242e-14],
        [1.76863596e-05, 5.00000000e-01, 1.00000000e+00, 5.01690733e-09,
         7.73332620e-10, 8.89878993e-06, 8.88965131e-18, 5.28550185e-14,
         3.06594417e-14],
        [4.55527061e-06, 5.00000000e-01, 1.00000000e+00, 6.21828011e-09,
         3.25863514e-09, 6.57004693e-06, 2.35520241e-17, 1.70247822e-13,
         5.14013575e-14],
        [4.13292764e-06, 5.00000000e-01, 1.00000000e+00, 5.78146686e-09,
         1.41250300e-09, 9.64942592e-06, 1.26787804e-17, 1.18445238e-13,
         5.49029206e-14],
        [7.61783383e-07, 5.00000000e-01, 1.00000000e+00, 6.20945073e-09,
         3.42506601e-09, 1.03905913e-05, 1.88019129e-17, 2.39447676e-13,
         2.77377151e-14],
        [4.51682035e-06, 5.00000000e-01, 1.00000000e+00, 9.93568428e-09,
         1.02265241e-09, 1.11412282e-05, 9.31300814e-18, 7.73058240e-14,
         5.56492718e-14],
        [8.82634322e-06, 5.00000000e-01, 1.00000000e+00, 8.08565392e-09,
         8.96075991e-10, 9.52292885e-06, 8.52860683e-18, 7.25061152e-14,
         4.63874578e-14],
        [6.42545638e-06, 5.00000000e-01, 1.00000000e+00, 7.33254479e-09,
         7.35721151e-10, 8.19068191e-06, 5.84957976e-18, 6.17633792e-14,
         4.79105382e-14],
        [9.14769316e-06, 5.00000000e-01, 1.00000000e+00, 7.98100430e-09,
         5.53340429e-10, 7.47881813e-06, 5.85362053e-18, 5.51993177e-14,
         5.09732874e-14],
        [3.25152323e-05, 5.00000000e-01, 1.00000000e+00, 9.54512736e-09,
         3.92106292e-10, 7.02100397e-06, 4.77326765e-18, 3.82332614e-14,
         4.80982170e-14],
        [7.11079992e-05, 5.00000000e-01, 1.00000000e+00, 1.21109478e-08,
         4.02274714e-10, 5.69660460e-06, 4.72525767e-18, 4.41140349e-14,
         4.24216868e-14],
        [4.63434662e-06, 5.00000000e-01, 1.00000000e+00, 6.99897873e-09,
         2.47077336e-09, 5.47814670e-06, 1.76722439e-17, 1.83246647e-13,
         5.30871293e-14]]], dtype=float32)]