tf.Tensor(
[[[7.31058419e-01 2.07086135e-08 7.31058598e-01 7.34212122e-08
   8.19716388e-06 4.19570245e-09 9.38929490e-13 2.29521152e-10
   4.70395389e-11]
  [1.35774942e-04 4.95136827e-01 8.80797029e-01 4.03023503e-10
   2.76465677e-08 2.74343402e-05 7.10959763e-12 1.55274529e-10
   1.62503223e-11]
  [8.71592015e-02 4.20297682e-01 9.52574074e-01 1.07731685e-10
   1.34799658e-10 1.97425485e-04 1.08128881e-12 3.21921829e-11
   1.89560376e-13]
  [1.23104955e-05 5.00000000e-01 9.82013583e-01 2.80843057e-11
   1.38754268e-11 1.41903758e-04 2.83923736e-13 2.25344049e-12
   6.07359283e-14]
  [1.50464967e-01 4.99999851e-01 9.93307054e-01 4.32489988e-10
   6.74727852e-13 2.62518315e-05 4.27323457e-17 9.80492729e-15
   1.83533341e-15]
  [1.88285252e-03 5.00000000e-01 9.97527301e-01 7.91959032e-09
   6.07707547e-12 3.05524336e-05 2.61465836e-17 1.30524008e-14
   4.56829559e-15]
  [5.36308158e-04 5.00000000e-01 9.99088883e-01 1.15026459e-08
   6.69135277e-12 1.36130384e-05 7.77854675e-18 1.04850388e-14
   6.68243647e-15]
  [5.26892327e-05 5.00000000e-01 9.99664664e-01 9.99742777e-09
   4.04184949e-11 4.97044903e-06 6.52266572e-18 4.60128558e-14
   1.52200792e-14]
  [1.12030230e-05 5.00000000e-01 9.99876618e-01 1.63420086e-08
   1.61813271e-10 4.64029063e-06 7.22290885e-18 6.32363763e-14
   3.29320345e-14]
  [4.41299380e-06 5.00000000e-01 9.99954581e-01 2.57990411e-08
   6.77859546e-10 3.42351700e-06 6.72153565e-18 7.11225715e-14
   5.62062231e-14]
  [2.08232950e-06 5.00000000e-01 9.99983311e-01 1.92358431e-08
   1.77570159e-09 3.89882462e-06 4.23634223e-18 4.70926094e-14
   5.13454025e-14]
  [1.68361817e-06 5.00000000e-01 9.99993861e-01 2.07580850e-08
   2.67267941e-09 4.40512804e-06 5.56956795e-18 5.56159123e-14
   5.65595036e-14]
  [1.90045364e-06 5.00000000e-01 9.99997735e-01 2.26101378e-08
   2.69734324e-09 4.38407642e-06 5.54309486e-18 5.40532517e-14
   6.62217067e-14]
  [6.84857753e-07 5.00000000e-01 9.99999225e-01 2.16024567e-08
   5.42553247e-09 3.59045725e-06 5.26918186e-18 9.62615133e-14
   8.95627227e-14]
  [1.92035236e-06 5.00000000e-01 9.99999762e-01 2.35809736e-08
   2.77564016e-09 4.38580355e-06 6.12813862e-18 6.17922461e-14
   7.74799265e-14]
  [4.84627599e-05 5.00000000e-01 1.00000000e+00 4.73987818e-08
   1.29594335e-09 3.31378442e-06 6.01701352e-18 3.89366612e-14
   5.93934556e-14]
  [1.93899286e-05 5.00000000e-01 1.00000000e+00 3.59086449e-08
   1.49312174e-09 4.03276545e-06 9.55778660e-18 5.40393366e-14
   6.79684377e-14]
  [8.58256863e-06 5.00000000e-01 1.00000000e+00 2.29968791e-08
   1.94328686e-09 4.75090292e-06 8.48671261e-18 5.54541629e-14
   6.10712856e-14]
  [1.90038816e-06 5.00000000e-01 1.00000000e+00 1.63679950e-08
   9.70976455e-09 4.28794237e-06 2.12103502e-17 1.43228853e-13
   5.02002919e-14]
  [2.96030453e-06 5.00000000e-01 1.00000000e+00 2.46361704e-08
   1.99050154e-09 4.29095326e-06 8.79411113e-18 7.98957390e-14
   7.43371158e-14]
  [3.67200391e-06 5.00000000e-01 1.00000000e+00 3.36456623e-08
   2.39497933e-09 4.29850570e-06 7.33187418e-18 5.85517217e-14
   9.54091474e-14]
  [8.88950854e-06 5.00000000e-01 1.00000000e+00 4.04757223e-08
   2.10147855e-09 3.77410925e-06 6.99945759e-18 4.49902837e-14
   9.16566153e-14]
  [8.09450455e-07 5.00000000e-01 1.00000000e+00 2.06655244e-08
   5.18170262e-09 3.44449927e-06 6.50344328e-18 1.20414028e-13
   1.07449585e-13]
  [4.98397924e-07 5.00000000e-01 1.00000000e+00 1.85613462e-08
   8.54730686e-09 3.79459038e-06 9.77200405e-18 1.58174418e-13
   1.00992287e-13]
  [1.78251696e-06 5.00000000e-01 1.00000000e+00 8.40585823e-09
   6.83882995e-09 3.00344027e-06 8.99954474e-18 1.28325613e-13
   2.77802683e-14]
  [1.42307335e-05 5.00000000e-01 1.00000000e+00 2.16673257e-08
   1.13183907e-09 4.67906693e-06 6.91195056e-18 4.31965593e-14
   4.27321583e-14]
  [1.32288378e-05 5.00000000e-01 1.00000000e+00 2.64857096e-08
   1.04886455e-09 4.00130239e-06 5.49894699e-18 3.29219989e-14
   5.93642296e-14]
  [3.12366660e-06 5.00000000e-01 1.00000000e+00 1.71925212e-08
   2.05179185e-09 4.27460373e-06 9.16121884e-18 9.08558303e-14
   6.98623017e-14]
  [5.81782751e-06 5.00000000e-01 1.00000000e+00 2.24410748e-08
   1.35155509e-09 3.78804975e-06 5.54884708e-18 4.66119283e-14
   5.93939503e-14]
  [2.15189448e-05 5.00000000e-01 1.00000000e+00 2.89728561e-08
   1.00086606e-09 4.35835955e-06 6.77172194e-18 3.65469238e-14
   4.62959511e-14]
  [2.40992285e-05 5.00000000e-01 1.00000000e+00 3.82684711e-08
   1.25705646e-09 3.86244528e-06 6.90715168e-18 3.68091245e-14
   6.91396945e-14]
  [3.08252020e-05 5.00000000e-01 1.00000000e+00 3.43425235e-08
   1.08051945e-09 4.09269160e-06 6.89609517e-18 4.63607390e-14
   5.31179037e-14]]], shape=(1, 32, 9), dtype=float32)