[array([[[2.27732980e-03, 6.38700008e-01, 7.24951088e-01, 3.70781228e-04,
         1.33275967e-06, 2.72361953e-02, 4.57741274e-03, 3.95715816e-09,
         5.62552929e-01],
        [8.00195921e-05, 8.78067613e-01, 8.79286110e-01, 3.84899002e-04,
         7.02269836e-06, 3.91884753e-03, 2.87086563e-03, 2.56826329e-08,
         4.20310944e-02],
        [1.52698194e-05, 9.52353120e-01, 9.51961994e-01, 1.43840502e-03,
         5.17353998e-04, 1.64026814e-03, 3.20750056e-03, 1.92046027e-05,
         5.92348049e-04],
        [8.27823078e-06, 9.81932521e-01, 9.81772959e-01, 3.51080112e-03,
         8.75048991e-03, 1.39329582e-03, 3.23948287e-03, 3.98603128e-03,
         4.19913958e-05],
        [9.55189716e-06, 9.93246198e-01, 9.93214309e-01, 9.03008506e-03,
         6.53005987e-02, 1.90232554e-03, 4.37025959e-03, 1.14604734e-01,
         6.83591907e-06],
        [2.70671972e-05, 9.97475505e-01, 9.97488439e-01, 5.83853312e-02,
         4.04242009e-01, 5.18018985e-03, 1.84365883e-02, 3.89695704e-01,
         2.96826806e-06],
        [9.23536481e-06, 9.99065042e-01, 9.99066591e-01, 3.17272514e-01,
         7.70650446e-01, 2.31961813e-02, 1.62605628e-01, 4.76512641e-01,
         9.44772580e-07],
        [1.45420665e-06, 9.99655426e-01, 9.99640346e-01, 4.69558805e-01,
         8.76679778e-01, 1.55481294e-01, 4.61694121e-01, 4.90995079e-01,
         3.67602496e-07],
        [5.44214686e-07, 9.99873102e-01, 9.99854505e-01, 4.96715993e-01,
         9.30183470e-01, 2.54619867e-01, 5.41011691e-01, 5.02139807e-01,
         2.24284619e-07],
        [1.74939274e-07, 9.99953389e-01, 9.99928117e-01, 5.12587130e-01,
         9.64065909e-01, 3.68147582e-01, 6.14032745e-01, 5.38003027e-01,
         9.33424147e-08],
        [3.75344484e-08, 9.99982834e-01, 9.99931157e-01, 5.36916137e-01,
         9.83522713e-01, 4.71058786e-01, 7.20794857e-01, 6.45763993e-01,
         2.18658975e-08],
        [8.73933814e-10, 9.99993742e-01, 9.99741852e-01, 6.81282222e-01,
         9.93794203e-01, 5.64290941e-01, 8.68573666e-01, 7.19037354e-01,
         2.33817943e-09],
        [1.58502933e-10, 9.99997675e-01, 9.94001091e-01, 8.46945941e-01,
         9.96704459e-01, 7.21664786e-01, 9.46515918e-01, 5.36378503e-01,
         1.92907268e-09],
        [4.52406113e-10, 9.99999166e-01, 5.57369709e-01, 9.37263072e-01,
         9.99231279e-01, 8.57986748e-01, 9.79518771e-01, 7.15231359e-01,
         8.05497624e-09],
        [7.14450832e-10, 9.99999285e-01, 2.58104861e-01, 9.75838780e-01,
         9.99678850e-01, 9.36909735e-01, 9.92350519e-01, 8.72509301e-01,
         1.46163117e-08],
        [7.33608063e-10, 9.99999464e-01, 1.18136950e-01, 9.90830779e-01,
         9.99826610e-01, 9.70781744e-01, 9.97160673e-01, 9.26930070e-01,
         7.87548515e-09],
        [6.10715367e-10, 9.99999523e-01, 2.73163050e-01, 9.96569216e-01,
         9.99716759e-01, 9.87652302e-01, 9.98951972e-01, 9.02464867e-01,
         1.30649198e-08],
        [5.50417267e-10, 9.99999642e-01, 4.08765376e-01, 9.98718739e-01,
         9.99571562e-01, 9.94789898e-01, 9.99613523e-01, 8.76142800e-01,
         1.89652347e-08],
        [1.45465795e-09, 9.99999404e-01, 1.64791435e-01, 9.99504447e-01,
         9.99791563e-01, 9.97226000e-01, 9.99856532e-01, 9.41632867e-01,
         1.21518342e-08],
        [6.23304908e-10, 9.99999642e-01, 2.96665579e-01, 9.99812722e-01,
         9.99687672e-01, 9.98749495e-01, 9.99947011e-01, 8.95577908e-01,
         1.37555514e-08],
        [1.05864251e-09, 9.99999464e-01, 1.24489076e-01, 9.99925375e-01,
         9.99838054e-01, 9.99299288e-01, 9.99980211e-01, 9.42879140e-01,
         9.65287228e-09],
        [7.49272366e-10, 9.99999523e-01, 1.97415739e-01, 9.99970615e-01,
         9.99731541e-01, 9.99635398e-01, 9.99992609e-01, 9.02417243e-01,
         1.21797950e-08],
        [7.20972393e-10, 9.99999642e-01, 3.48638117e-01, 9.99986410e-01,
         9.99388754e-01, 9.99775052e-01, 9.99996781e-01, 8.79028022e-01,
         1.63481513e-08],
        [6.69148736e-10, 9.99999762e-01, 4.44083095e-01, 9.99991059e-01,
         9.99098778e-01, 9.99836624e-01, 9.99998033e-01, 8.61419141e-01,
         2.04469437e-08],
        [6.65536348e-10, 9.99999762e-01, 5.08227348e-01, 9.99992311e-01,
         9.98738527e-01, 9.99868155e-01, 9.99998331e-01, 8.43708694e-01,
         2.70409792e-08],
        [7.59786989e-09, 9.99999285e-01, 3.94040406e-01, 9.99946058e-01,
         9.99383926e-01, 9.99297321e-01, 9.99992490e-01, 9.59527075e-01,
         5.59093110e-08],
        [7.79835085e-10, 9.99999702e-01, 4.55888659e-01, 9.99991119e-01,
         9.99367356e-01, 9.99699354e-01, 9.99998510e-01, 9.00683403e-01,
         1.93482936e-08],
        [1.79364723e-09, 9.99999583e-01, 2.61665344e-01, 9.99988496e-01,
         9.99628901e-01, 9.99590337e-01, 9.99998569e-01, 9.47978377e-01,
         1.94435188e-08],
        [2.65315037e-09, 9.99999642e-01, 2.64686733e-01, 9.99988258e-01,
         9.99742985e-01, 9.99287367e-01, 9.99998629e-01, 9.73379612e-01,
         2.01153583e-08],
        [8.62848182e-10, 9.99999583e-01, 1.44630477e-01, 9.99997139e-01,
         9.99704123e-01, 9.99555171e-01, 9.99999583e-01, 9.26601946e-01,
         1.08997957e-08],
        [8.12852896e-10, 9.99999523e-01, 1.37618095e-01, 9.99997139e-01,
         9.99656081e-01, 9.99701858e-01, 9.99999583e-01, 9.07290459e-01,
         1.13116636e-08],
        [1.28988187e-09, 9.99999642e-01, 1.09345719e-01, 9.99995828e-01,
         9.99783993e-01, 9.99672532e-01, 9.99999523e-01, 9.48495269e-01,
         1.05584412e-08]]], dtype=float32), array([[[8.4566793e-08, 3.7641892e-01, 6.0743189e-01, 2.0656320e-04,
         9.5530084e-10, 4.2652812e-02, 2.3774675e-03, 1.1388102e-12,
         3.8772419e-01],
        [1.7526790e-09, 7.9942518e-01, 8.5906678e-01, 1.5703410e-05,
         4.4837609e-11, 3.5264017e-03, 1.7716005e-04, 2.9719073e-14,
         3.8754702e-02],
        [1.0062371e-09, 9.2334193e-01, 9.4556111e-01, 6.7562678e-06,
         5.9292307e-11, 9.7508141e-04, 6.6012210e-05, 5.4453512e-14,
         4.4784630e-03],
        [8.3671758e-10, 9.6227902e-01, 9.7817242e-01, 4.3647574e-06,
         5.0105812e-11, 5.2982592e-04, 3.9373092e-05, 4.7416450e-14,
         2.2867965e-03],
        [7.6940876e-10, 9.7725517e-01, 9.9057066e-01, 3.4656662e-06,
         3.9644444e-11, 3.8158713e-04, 2.9685612e-05, 3.6868359e-14,
         1.8809246e-03],
        [7.7419005e-10, 9.8363894e-01, 9.9502558e-01, 3.1287377e-06,
         3.3464422e-11, 3.4984431e-04, 2.6566246e-05, 3.0973522e-14,
         2.2194111e-03],
        [8.0601203e-10, 9.8609900e-01, 9.9632400e-01, 2.8508664e-06,
         2.9144742e-11, 3.5392784e-04, 2.4498515e-05, 2.5184800e-14,
         3.0941125e-03],
        [8.3857404e-10, 9.8582262e-01, 9.9659419e-01, 2.8311388e-06,
         2.7704856e-11, 3.8079350e-04, 2.4048421e-05, 2.1691448e-14,
         3.8453105e-03],
        [8.4068802e-10, 9.8558706e-01, 9.9668986e-01, 2.8986042e-06,
         2.7442996e-11, 3.9550092e-04, 2.4429852e-05, 2.0939471e-14,
         4.1187969e-03],
        [8.0823814e-10, 9.8538119e-01, 9.9667299e-01, 3.0641968e-06,
         2.7769875e-11, 4.0430643e-04, 2.5737225e-05, 2.1489500e-14,
         4.1827238e-03],
        [7.5808143e-10, 9.8434877e-01, 9.9645555e-01, 3.3768777e-06,
         2.8298959e-11, 4.2486886e-04, 2.8204746e-05, 2.2185399e-14,
         4.3605873e-03],
        [7.2300355e-10, 9.8367888e-01, 9.9630171e-01, 3.6381782e-06,
         2.8718791e-11, 4.3830014e-04, 3.0155508e-05, 2.2951806e-14,
         4.4585639e-03],
        [7.1023487e-10, 9.8345637e-01, 9.9624562e-01, 3.7514026e-06,
         2.8889764e-11, 4.4388880e-04, 3.0952342e-05, 2.3318224e-14,
         4.4959811e-03],
        [7.0603029e-10, 9.8340797e-01, 9.9622774e-01, 3.7905427e-06,
         2.8961873e-11, 4.4625590e-04, 3.1228410e-05, 2.3461342e-14,
         4.5081102e-03],
        [7.0359307e-10, 9.8346400e-01, 9.9623102e-01, 3.8106755e-06,
         2.9022203e-11, 4.4628192e-04, 3.1370346e-05, 2.3609614e-14,
         4.4941180e-03],
        [7.0401185e-10, 9.8345464e-01, 9.9622613e-01, 3.8086473e-06,
         2.9011576e-11, 4.4748213e-04, 3.1353116e-05, 2.3573122e-14,
         4.5049805e-03],
        [7.0374201e-10, 9.8345876e-01, 9.9622184e-01, 3.7968161e-06,
         2.9031780e-11, 4.4810688e-04, 3.1330281e-05, 2.3518376e-14,
         4.5061721e-03],
        [6.9983075e-10, 9.8352569e-01, 9.9622124e-01, 3.7862956e-06,
         2.9107522e-11, 4.4657788e-04, 3.1414653e-05, 2.3543509e-14,
         4.4728667e-03],
        [7.0275480e-10, 9.8342657e-01, 9.9620879e-01, 3.7864779e-06,
         2.9011687e-11, 4.4915726e-04, 3.1350279e-05, 2.3398152e-14,
         4.5132944e-03],
        [7.0319456e-10, 9.8343235e-01, 9.9621332e-01, 3.8015321e-06,
         2.9001065e-11, 4.4985570e-04, 3.1393214e-05, 2.3445103e-14,
         4.5201783e-03],
        [7.0198047e-10, 9.8338646e-01, 9.9620557e-01, 3.8120627e-06,
         2.9009253e-11, 4.5059665e-04, 3.1502172e-05, 2.3390076e-14,
         4.5344983e-03],
        [6.9608730e-10, 9.8336589e-01, 9.9619311e-01, 3.8268349e-06,
         2.9094810e-11, 4.4928980e-04, 3.1766176e-05, 2.3359713e-14,
         4.5212056e-03],
        [6.9437012e-10, 9.8306030e-01, 9.9615884e-01, 3.9039232e-06,
         2.8956018e-11, 4.5314647e-04, 3.2203738e-05, 2.3110826e-14,
         4.6262606e-03],
        [6.8229444e-10, 9.8254275e-01, 9.9609232e-01, 4.0782998e-06,
         2.8931121e-11, 4.5656017e-04, 3.3457447e-05, 2.2782230e-14,
         4.7771675e-03],
        [6.5499450e-10, 9.8120177e-01, 9.9591291e-01, 4.4794238e-06,
         2.8848191e-11, 4.6444807e-04, 3.6495760e-05, 2.1855740e-14,
         5.1540392e-03],
        [6.2473793e-10, 9.7947353e-01, 9.9572212e-01, 5.1448146e-06,
         2.8615232e-11, 4.7488458e-04, 4.0748921e-05, 2.1065215e-14,
         5.7038730e-03],
        [6.0350475e-10, 9.7822070e-01, 9.9557871e-01, 5.6302806e-06,
         2.8563211e-11, 4.8195152e-04, 4.3996475e-05, 2.0514735e-14,
         6.0900436e-03],
        [5.9534394e-10, 9.7772729e-01, 9.9552381e-01, 5.8421128e-06,
         2.8556565e-11, 4.8534860e-04, 4.5380821e-05, 2.0342475e-14,
         6.2442138e-03],
        [5.9373367e-10, 9.7758967e-01, 9.9551380e-01, 5.9192394e-06,
         2.8552915e-11, 4.8754030e-04, 4.5796329e-05, 2.0328628e-14,
         6.2999744e-03],
        [5.8787508e-10, 9.7745448e-01, 9.9546862e-01, 5.8772603e-06,
         2.8716765e-11, 4.8772834e-04, 4.6127221e-05, 2.0116833e-14,
         6.2683681e-03],
        [5.8889188e-10, 9.7737193e-01, 9.9546754e-01, 5.9505296e-06,
         2.8667239e-11, 4.8994640e-04, 4.6365338e-05, 2.0205854e-14,
         6.2931040e-03],
        [5.9305572e-10, 9.7741818e-01, 9.9549365e-01, 5.9424965e-06,
         2.8479380e-11, 4.9226708e-04, 4.5964265e-05, 2.0215298e-14,
         6.3386876e-03]]], dtype=float32), array([[[2.00965314e-06, 7.31057346e-01, 7.31058419e-01, 2.67692934e-09,
         1.03241096e-08, 2.02077572e-07, 2.18465024e-09, 1.04245558e-07,
         2.06239825e-08],
        [5.19613309e-07, 8.80796134e-01, 8.80797029e-01, 1.09518415e-10,
         2.44945852e-11, 4.30562821e-08, 8.88217888e-10, 2.82737250e-10,
         9.29980626e-09],
        [1.18443801e-07, 9.52573419e-01, 9.52574134e-01, 2.53969415e-11,
         3.20708824e-12, 2.24530190e-08, 2.58240734e-10, 3.89180112e-11,
         5.53249935e-09],
        [4.38584280e-09, 9.82010961e-01, 9.82013822e-01, 2.06882497e-11,
         7.77263453e-13, 5.63945832e-08, 2.06222706e-10, 4.15963184e-12,
         6.39520570e-09],
        [3.20553806e-10, 9.93291378e-01, 9.93307173e-01, 1.09897161e-10,
         4.09005891e-13, 5.52846473e-07, 1.29015743e-09, 8.31772476e-13,
         1.29847271e-08],
        [1.25666019e-10, 9.97511148e-01, 9.97527063e-01, 1.24921365e-10,
         4.16872401e-13, 4.96946086e-07, 1.45488832e-09, 8.67518568e-13,
         1.07158993e-08],
        [1.22450744e-10, 9.99028862e-01, 9.99088168e-01, 9.03167263e-11,
         2.94972055e-13, 3.47942148e-07, 1.34618583e-09, 2.70641799e-13,
         2.88104580e-08],
        [7.27887611e-11, 9.99224842e-01, 9.99661267e-01, 1.46722162e-10,
         1.34041568e-13, 3.92613146e-07, 2.26518226e-09, 6.30108690e-14,
         1.03195177e-07],
        [6.81568343e-11, 9.90254283e-01, 9.99843419e-01, 6.09772566e-10,
         7.07483388e-14, 7.88200111e-07, 8.55358540e-09, 1.22167748e-14,
         7.36937807e-07],
        [4.09896631e-11, 8.14925253e-01, 9.99630928e-01, 4.71137573e-09,
         4.75353467e-14, 2.18239165e-06, 5.18367216e-08, 2.77575323e-15,
         5.28513010e-06],
        [2.18080103e-11, 1.32198259e-01, 9.95924413e-01, 4.70291326e-08,
         3.96949251e-14, 8.34704952e-06, 3.00428098e-07, 5.06633487e-16,
         5.54665821e-05],
        [8.30637729e-12, 1.21548604e-02, 9.49260414e-01, 4.55142072e-07,
         5.89554854e-14, 2.69381326e-05, 1.89369700e-06, 1.82470008e-16,
         4.03404236e-04],
        [2.97630063e-12, 1.13562599e-03, 6.99025035e-01, 2.71275871e-06,
         8.75386731e-14, 8.26038740e-05, 8.37471271e-06, 7.12322945e-17,
         2.42799520e-03],
        [2.18010961e-12, 3.51493421e-04, 5.23566306e-01, 7.39963298e-06,
         1.22545881e-13, 2.03417250e-04, 2.03907184e-05, 5.75968375e-17,
         6.73332810e-03],
        [1.94322813e-12, 2.34761508e-04, 4.49109107e-01, 1.23530899e-05,
         1.48129284e-13, 3.48506059e-04, 3.58722464e-05, 5.32177930e-17,
         9.63737071e-03],
        [1.96679825e-12, 1.77396825e-04, 3.87868375e-01, 2.03421350e-05,
         1.75757981e-13, 5.64410351e-04, 5.87442264e-05, 4.96830285e-17,
         1.27808452e-02],
        [1.97683233e-12, 1.56430178e-04, 3.54852766e-01, 2.68404201e-05,
         1.83647287e-13, 8.12725571e-04, 7.70837069e-05, 4.57284402e-17,
         1.49861127e-02],
        [1.92060712e-12, 1.46000471e-04, 3.36718291e-01, 3.19808423e-05,
         1.83867746e-13, 1.11186423e-03, 9.44584608e-05, 4.18409758e-17,
         1.64672881e-02],
        [1.90639518e-12, 1.43142344e-04, 3.29433769e-01, 3.36628327e-05,
         1.83828823e-13, 1.28022023e-03, 1.00001693e-04, 4.08055211e-17,
         1.69650912e-02],
        [1.91784349e-12, 1.42400619e-04, 3.27231228e-01, 3.40934785e-05,
         1.82746830e-13, 1.37903402e-03, 9.96142626e-05, 4.03712215e-17,
         1.71930492e-02],
        [1.90285331e-12, 1.42138844e-04, 3.25426489e-01, 3.40654369e-05,
         1.83719454e-13, 1.45467941e-03, 1.00851059e-04, 4.05074350e-17,
         1.71990991e-02],
        [1.91396616e-12, 1.41986136e-04, 3.25460821e-01, 3.41865780e-05,
         1.82931307e-13, 1.52072986e-03, 9.98973992e-05, 4.03032074e-17,
         1.72947645e-02],
        [1.91558054e-12, 1.41986166e-04, 3.25455666e-01, 3.41931736e-05,
         1.82853515e-13, 1.57479174e-03, 9.98079922e-05, 4.02969043e-17,
         1.72880292e-02],
        [1.90540661e-12, 1.41964323e-04, 3.24924678e-01, 3.41378218e-05,
         1.83467675e-13, 1.62097020e-03, 1.00553050e-04, 4.04066579e-17,
         1.72660351e-02],
        [1.89337521e-12, 1.41746132e-04, 3.24118584e-01, 3.41275772e-05,
         1.84202615e-13, 1.66264095e-03, 1.01342812e-04, 4.04882808e-17,
         1.72941089e-02],
        [1.89688499e-12, 1.41593409e-04, 3.24172229e-01, 3.42113308e-05,
         1.83877219e-13, 1.69771397e-03, 1.00880876e-04, 4.03687565e-17,
         1.73701793e-02],
        [1.90216376e-12, 1.41549783e-04, 3.24315816e-01, 3.42574713e-05,
         1.83497775e-13, 1.72472151e-03, 1.00433841e-04, 4.02730848e-17,
         1.74061954e-02],
        [1.90877847e-12, 1.41702534e-04, 3.24776769e-01, 3.42557178e-05,
         1.83165576e-13, 1.74371584e-03, 1.00076213e-04, 4.02580334e-17,
         1.73722208e-02],
        [1.89832915e-12, 1.41702476e-04, 3.24289262e-01, 3.42081912e-05,
         1.83824256e-13, 1.76181516e-03, 1.00821271e-04, 4.03764592e-17,
         1.73495710e-02],
        [1.90779207e-12, 1.41658908e-04, 3.24723601e-01, 3.42623971e-05,
         1.83190038e-13, 1.77592214e-03, 1.00046411e-04, 4.02498939e-17,
         1.73866302e-02],
        [1.91671353e-12, 1.41768032e-04, 3.25273573e-01, 3.42698258e-05,
         1.82687239e-13, 1.78435806e-03, 9.95397713e-05, 4.01983374e-17,
         1.73607469e-02],
        [1.89766670e-12, 1.41702476e-04, 3.24263036e-01, 3.41955601e-05,
         1.83841793e-13, 1.79571321e-03, 1.00880876e-04, 4.03830799e-17,
         1.73418373e-02]]], dtype=float32), array([[[1.76118809e-12, 2.24404084e-06, 3.58684035e-03, 4.99552079e-05,
         4.63530039e-12, 7.08434847e-04, 8.54432583e-05, 4.04574403e-15,
         1.81568265e-02],
        [2.40311379e-14, 8.85798546e-09, 1.45167505e-04, 1.65113397e-05,
         8.38554317e-15, 1.12662943e-04, 8.13474981e-06, 1.20463564e-18,
         2.34560221e-02],
        [1.82556166e-14, 3.48623863e-09, 1.18506243e-04, 1.35371065e-05,
         4.03574015e-15, 5.81220265e-05, 4.12217605e-06, 5.83740531e-19,
         1.78310871e-02],
        [1.76753652e-14, 2.55393284e-09, 1.59371615e-04, 1.07162250e-05,
         3.06299989e-15, 4.55486988e-05, 2.90078606e-06, 5.50391659e-19,
         1.19323432e-02],
        [1.79531987e-14, 2.48331555e-09, 1.61635515e-04, 1.04727724e-05,
         2.97715352e-15, 4.50164262e-05, 2.76821856e-06, 5.41581720e-19,
         1.16391629e-02],
        [1.74748064e-14, 2.47147391e-09, 1.58837269e-04, 1.04331120e-05,
         2.96417825e-15, 4.68487342e-05, 2.80453014e-06, 5.23064041e-19,
         1.17017925e-02],
        [1.52815027e-14, 2.47676857e-09, 1.42747682e-04, 1.06546986e-05,
         3.02703762e-15, 5.30541329e-05, 3.15703028e-06, 4.61688688e-19,
         1.24032050e-02],
        [1.24942086e-14, 2.48464138e-09, 1.20738878e-04, 1.10656965e-05,
         3.14826963e-15, 6.34624084e-05, 3.79924700e-06, 3.84795632e-19,
         1.35976821e-02],
        [1.16257534e-14, 2.48727772e-09, 1.13639100e-04, 1.12208727e-05,
         3.19459217e-15, 6.87478314e-05, 4.06120216e-06, 3.60529048e-19,
         1.40548497e-02],
        [1.14854229e-14, 2.48785659e-09, 1.12534974e-04, 1.12420512e-05,
         3.20050806e-15, 7.08563748e-05, 4.10491475e-06, 3.56422562e-19,
         1.41286552e-02],
        [1.14673641e-14, 2.48773335e-09, 1.12383183e-04, 1.12467633e-05,
         3.20214453e-15, 7.22513505e-05, 4.11135170e-06, 3.55926641e-19,
         1.41402334e-02],
        [1.14628376e-14, 2.48791365e-09, 1.12425434e-04, 1.12423586e-05,
         3.20039816e-15, 7.33058259e-05, 4.11065002e-06, 3.55657911e-19,
         1.41381472e-02],
        [1.14623785e-14, 2.48790410e-09, 1.12446469e-04, 1.12426624e-05,
         3.20042251e-15, 7.42134143e-05, 4.11086194e-06, 3.55649768e-19,
         1.41385943e-02],
        [1.14626843e-14, 2.48784704e-09, 1.12382950e-04, 1.12434482e-05,
         3.20069123e-15, 7.49692990e-05, 4.11108931e-06, 3.55671482e-19,
         1.41392648e-02],
        [1.14625089e-14, 2.48788035e-09, 1.12425463e-04, 1.12413290e-05,
         3.20015400e-15, 7.55689107e-05, 4.11023848e-06, 3.55609081e-19,
         1.41374469e-02],
        [1.14625089e-14, 2.48787568e-09, 1.12425500e-04, 1.12410953e-05,
         3.20014172e-15, 7.60749754e-05, 4.11014435e-06, 3.55606367e-19,
         1.41371638e-02],
        [1.14612418e-14, 2.48798471e-09, 1.12404574e-04, 1.12388698e-05,
         3.19915323e-15, 7.64696379e-05, 4.10954090e-06, 3.55510078e-19,
         1.41356736e-02],
        [1.14640404e-14, 2.48771426e-09, 1.12340582e-04, 1.12447915e-05,
         3.20158274e-15, 7.68673926e-05, 4.11128121e-06, 3.55752907e-19,
         1.41398758e-02],
        [1.14627715e-14, 2.48784238e-09, 1.12446643e-04, 1.12410844e-05,
         3.20027619e-15, 7.71108898e-05, 4.11008568e-06, 3.55618568e-19,
         1.41370744e-02],
        [1.14598425e-14, 2.48806553e-09, 1.12467991e-04, 1.12385578e-05,
         3.19861621e-15, 7.73104111e-05, 4.10983876e-06, 3.55468021e-19,
         1.41359717e-02],
        [1.14594706e-14, 2.48807486e-09, 1.12488960e-04, 1.12397074e-05,
         3.19859186e-15, 7.75034350e-05, 4.11014025e-06, 3.55465307e-19,
         1.41371191e-02],
        [1.14593393e-14, 2.48807019e-09, 1.12446593e-04, 1.12404832e-05,
         3.19870176e-15, 7.76602246e-05, 4.11044630e-06, 3.55477508e-19,
         1.41378492e-02],
        [1.14597984e-14, 2.48804644e-09, 1.12467700e-04, 1.12409580e-05,
         3.19900670e-15, 7.77877358e-05, 4.11053225e-06, 3.55505994e-19,
         1.41380727e-02],
        [1.14601051e-14, 2.48807486e-09, 1.12447044e-04, 1.12368134e-05,
         3.19817703e-15, 7.78509639e-05, 4.10872963e-06, 3.55404302e-19,
         1.41342133e-02],
        [1.14601923e-14, 2.48808907e-09, 1.12447233e-04, 1.12352518e-05,
         3.19789645e-15, 7.79181937e-05, 4.10810253e-06, 3.55371758e-19,
         1.41327828e-02],
        [1.14601483e-14, 2.48809395e-09, 1.12531838e-04, 1.12347952e-05,
         3.19781111e-15, 7.79795955e-05, 4.10794200e-06, 3.55360927e-19,
         1.41323507e-02],
        [1.14601271e-14, 2.48809395e-09, 1.12510730e-04, 1.12346270e-05,
         3.19776219e-15, 7.80309856e-05, 4.10787925e-06, 3.55356843e-19,
         1.41321868e-02],
        [1.14617441e-14, 2.48795140e-09, 1.12425878e-04, 1.12379103e-05,
         3.19920194e-15, 7.81068447e-05, 4.10887469e-06, 3.55501910e-19,
         1.41344517e-02],
        [1.14607166e-14, 2.48804644e-09, 1.12510686e-04, 1.12352327e-05,
         3.19821366e-15, 7.81159615e-05, 4.10803614e-06, 3.55401588e-19,
         1.41324401e-02],
        [1.14601271e-14, 2.48809395e-09, 1.12510825e-04, 1.12339503e-05,
         3.19766457e-15, 7.81315684e-05, 4.10762868e-06, 3.55346012e-19,
         1.41315758e-02],
        [1.14604540e-14, 2.48806553e-09, 1.12447327e-04, 1.12347370e-05,
         3.19799407e-15, 7.81622512e-05, 4.10784787e-06, 3.55377186e-19,
         1.41321272e-02],
        [1.14604108e-14, 2.48806553e-09, 1.12447357e-04, 1.12345360e-05,
         3.19794515e-15, 7.81791168e-05, 4.10778557e-06, 3.55371758e-19,
         1.41320229e-02]]], dtype=float32), array([[[1.94068824e-11, 7.31058598e-01, 7.14081109e-01, 3.72058764e-07,
         2.79915635e-03, 4.99989986e-01, 7.31058359e-01, 4.29141195e-03,
         1.31313599e-10],
        [1.69728356e-10, 8.80797088e-01, 8.80160570e-01, 3.21487559e-10,
         6.71522344e-07, 4.99984771e-01, 7.47464657e-01, 2.53565349e-06,
         6.04810690e-09],
        [3.50515061e-10, 9.52574134e-01, 9.52273369e-01, 2.84683544e-11,
         1.90841291e-07, 4.99988794e-01, 7.35807955e-01, 3.81712994e-07,
         1.02651638e-08],
        [4.17528145e-09, 9.82013762e-01, 9.81868625e-01, 4.09281012e-11,
         3.97684552e-08, 4.99994814e-01, 7.78516531e-01, 1.87531626e-07,
         1.45061847e-07],
        [7.18653848e-09, 9.93307233e-01, 9.93241370e-01, 4.79782880e-11,
         3.15683515e-08, 4.99996305e-01, 7.98702359e-01, 2.95561904e-07,
         1.43329572e-07],
        [8.81523032e-09, 9.97527361e-01, 9.97488320e-01, 3.65046222e-11,
         1.34096219e-08, 4.99993026e-01, 7.88966715e-01, 2.73982238e-07,
         1.75285464e-07],
        [8.59761773e-09, 9.99088943e-01, 9.99069393e-01, 2.08032376e-11,
         9.83802995e-09, 4.99986619e-01, 7.58171141e-01, 2.09576399e-07,
         1.69410043e-07],
        [4.07270946e-08, 9.99664664e-01, 9.99658346e-01, 2.04092750e-11,
         2.88178525e-09, 4.99970019e-01, 7.57951021e-01, 1.14900253e-07,
         1.16873639e-06],
        [5.18593435e-09, 9.99876618e-01, 9.99863386e-01, 1.36751157e-11,
         1.15693997e-08, 4.99977648e-01, 7.42188692e-01, 1.91163863e-07,
         1.33783615e-07],
        [3.26913288e-08, 9.99954581e-01, 9.99949455e-01, 1.59266836e-11,
         3.17405924e-09, 4.99955893e-01, 7.50638843e-01, 9.51625552e-08,
         1.10233589e-06],
        [6.88751323e-09, 9.99983311e-01, 9.99974489e-01, 1.10082134e-11,
         7.62276020e-09, 4.99971032e-01, 7.40345061e-01, 1.57599388e-07,
         1.72535337e-07],
        [8.00107713e-09, 9.99993801e-01, 9.99983907e-01, 1.07074046e-11,
         1.02210214e-08, 4.99957055e-01, 7.40805447e-01, 1.04441177e-07,
         3.23500984e-07],
        [4.35268310e-09, 9.99997854e-01, 9.99985218e-01, 1.22579672e-11,
         1.88126812e-08, 4.99958187e-01, 7.37773061e-01, 1.14785252e-07,
         2.36508257e-07],
        [8.75222028e-09, 9.99999106e-01, 9.99983907e-01, 9.07049436e-12,
         8.80082407e-09, 4.99842525e-01, 7.33659804e-01, 5.67571874e-08,
         8.88188765e-07],
        [7.50017364e-08, 9.99999523e-01, 9.99975622e-01, 5.28026026e-11,
         1.40212881e-08, 4.99754369e-01, 7.26571262e-01, 1.89857005e-07,
         9.71563350e-06],
        [2.69708735e-08, 1.00000000e+00, 9.99993861e-01, 2.20826760e-11,
         4.70184469e-09, 4.99970675e-01, 7.57680714e-01, 1.21374242e-07,
         1.03421337e-06],
        [1.15356684e-08, 1.00000000e+00, 9.99991536e-01, 1.64526674e-11,
         6.39718012e-09, 4.99979228e-01, 7.51560569e-01, 1.49970901e-07,
         3.11333139e-07],
        [3.42199229e-08, 1.00000000e+00, 9.99994159e-01, 2.07170756e-11,
         3.61686436e-09, 4.99971628e-01, 7.52286196e-01, 1.20031643e-07,
         9.75436137e-07],
        [2.08744169e-08, 1.00000000e+00, 9.99988794e-01, 1.89449966e-11,
         3.94821198e-09, 4.99970704e-01, 7.54700124e-01, 1.36942219e-07,
         5.66381232e-07],
        [5.37121103e-08, 1.00000000e+00, 9.99993920e-01, 2.04814950e-11,
         2.50651344e-09, 4.99960959e-01, 7.56116331e-01, 1.01201159e-07,
         1.68207225e-06],
        [2.28183517e-08, 1.00000000e+00, 9.99988317e-01, 1.92896029e-11,
         3.66052655e-09, 4.99968946e-01, 7.55539656e-01, 1.34227804e-07,
         6.23308210e-07],
        [4.97417574e-08, 1.00000000e+00, 9.99993026e-01, 2.18801748e-11,
         2.65701972e-09, 4.99963641e-01, 7.54334390e-01, 1.07421783e-07,
         1.45193542e-06],
        [4.54908111e-08, 1.00000000e+00, 9.99992728e-01, 2.16357002e-11,
         2.83855228e-09, 4.99964565e-01, 7.54349470e-01, 1.15241519e-07,
         1.34448783e-06],
        [2.28000356e-08, 1.00000000e+00, 9.99988198e-01, 1.93120953e-11,
         3.67645048e-09, 4.99968946e-01, 7.55369306e-01, 1.34450744e-07,
         6.23220274e-07],
        [2.25634800e-08, 1.00000000e+00, 9.99988079e-01, 1.89255295e-11,
         3.68286490e-09, 4.99968410e-01, 7.54922450e-01, 1.32546305e-07,
         6.18673539e-07],
        [2.84622637e-08, 1.00000000e+00, 9.99990821e-01, 1.91477771e-11,
         2.91430657e-09, 4.99967247e-01, 7.54606307e-01, 1.18937074e-07,
         7.60636055e-07],
        [2.46558205e-08, 1.00000000e+00, 9.99988973e-01, 1.84426033e-11,
         3.40518147e-09, 4.99966800e-01, 7.53205359e-01, 1.24892580e-07,
         6.78967581e-07],
        [2.44576022e-08, 1.00000000e+00, 9.99989688e-01, 1.92068150e-11,
         3.30460082e-09, 4.99968410e-01, 7.55547702e-01, 1.28654847e-07,
         6.49297363e-07],
        [1.88672793e-08, 1.00000000e+00, 9.99987245e-01, 1.35879372e-11,
         4.20689972e-09, 4.99953181e-01, 7.44742513e-01, 1.21251702e-07,
         4.69791559e-07],
        [4.06998382e-08, 1.00000000e+00, 9.99992251e-01, 1.37063468e-11,
         3.02786796e-09, 4.99906838e-01, 7.48222649e-01, 7.10636527e-08,
         1.64201060e-06],
        [4.60876564e-08, 1.00000000e+00, 9.99992967e-01, 2.14437166e-11,
         2.57447064e-09, 4.99960005e-01, 7.53761947e-01, 1.02710523e-07,
         1.39127087e-06],
        [2.36653648e-08, 1.00000000e+00, 9.99990165e-01, 1.50461275e-11,
         3.32045325e-09, 4.99958813e-01, 7.47290850e-01, 1.21558600e-07,
         6.11676285e-07]]], dtype=float32), array([[[5.17130714e-16, 1.11599714e-11, 8.53158681e-08, 5.95852733e-04,
         2.73846023e-14, 2.07850262e-05, 1.46105504e-05, 5.60194783e-19,
         2.46592864e-01],
        [6.58976330e-19, 1.35873317e-14, 5.92843641e-09, 4.26107654e-05,
         4.11396855e-17, 6.60286332e-07, 4.39440925e-07, 3.61277443e-22,
         1.14232749e-02],
        [7.44141760e-19, 3.11310760e-15, 4.26686553e-09, 2.74008198e-05,
         3.84596435e-17, 4.03350754e-07, 2.29000051e-07, 6.73404384e-22,
         2.42155790e-03],
        [7.25167168e-19, 2.54110604e-15, 4.67945727e-09, 1.94900349e-05,
         4.52039646e-17, 3.02194792e-07, 1.75197897e-07, 1.02230487e-21,
         1.40307844e-03],
        [5.93030390e-19, 2.61124926e-15, 5.14944976e-09, 1.48683712e-05,
         4.90834152e-17, 2.46459820e-07, 1.50551017e-07, 1.19049041e-21,
         1.14297867e-03],
        [5.59985403e-19, 2.63608999e-15, 5.26309885e-09, 1.38907617e-05,
         5.00106582e-17, 2.37736231e-07, 1.45034036e-07, 1.22970112e-21,
         1.09110773e-03],
        [5.56189523e-19, 2.63096650e-15, 5.26158139e-09, 1.37795869e-05,
         5.01061347e-17, 2.40284436e-07, 1.44407039e-07, 1.23378431e-21,
         1.08513236e-03],
        [5.56624620e-19, 2.61941000e-15, 5.23207300e-09, 1.38190408e-05,
         5.00889360e-17, 2.44190289e-07, 1.44568119e-07, 1.23194547e-21,
         1.08568370e-03],
        [5.48804558e-19, 2.65287627e-15, 5.27258059e-09, 1.37539728e-05,
         5.01822684e-17, 2.45764681e-07, 1.43342561e-07, 1.23581450e-21,
         1.07398629e-03],
        [5.57595833e-19, 2.60621365e-15, 5.20089172e-09, 1.38779178e-05,
         5.00595181e-17, 2.50137617e-07, 1.44795507e-07, 1.22968708e-21,
         1.08641386e-03],
        [5.58091677e-19, 2.59746952e-15, 5.17581089e-09, 1.39276772e-05,
         5.00408073e-17, 2.52641740e-07, 1.44964076e-07, 1.22777938e-21,
         1.08689070e-03],
        [5.59462263e-19, 2.58585289e-15, 5.15019316e-09, 1.39774556e-05,
         5.00135170e-17, 2.54863721e-07, 1.45246375e-07, 1.22576716e-21,
         1.08860433e-03],
        [5.60141378e-19, 2.57550638e-15, 5.12207565e-09, 1.40343436e-05,
         4.99915835e-17, 2.56814332e-07, 1.45450002e-07, 1.22361803e-21,
         1.08924508e-03],
        [5.62194286e-19, 2.56088955e-15, 5.09197529e-09, 1.40928069e-05,
         4.99555515e-17, 2.58649067e-07, 1.45846556e-07, 1.22117001e-21,
         1.09195709e-03],
        [5.62799368e-19, 2.55381683e-15, 5.07396125e-09, 1.41295050e-05,
         4.99399277e-17, 2.59933728e-07, 1.46000332e-07, 1.21977323e-21,
         1.09261274e-03],
        [5.63613624e-19, 2.54299683e-15, 5.04515096e-09, 1.41890278e-05,
         4.99161214e-17, 2.61326477e-07, 1.46228729e-07, 1.21753716e-21,
         1.09349191e-03],
        [5.64728457e-19, 2.53367206e-15, 5.02459763e-09, 1.42308481e-05,
         4.98938471e-17, 2.62420741e-07, 1.46459698e-07, 1.21590340e-21,
         1.09481812e-03],
        [5.65815217e-19, 2.52352481e-15, 4.99964825e-09, 1.42821045e-05,
         4.98702526e-17, 2.63503921e-07, 1.46715109e-07, 1.21389664e-21,
         1.09626353e-03],
        [5.66644672e-19, 2.51385911e-15, 4.97469532e-09, 1.43346952e-05,
         4.98485705e-17, 2.64501836e-07, 1.46931441e-07, 1.21192562e-21,
         1.09717250e-03],
        [5.67570598e-19, 2.50541525e-15, 4.95594987e-09, 1.43743400e-05,
         4.98287976e-17, 2.65302816e-07, 1.47126912e-07, 1.21043787e-21,
         1.09817088e-03],
        [5.67728693e-19, 2.49934414e-15, 4.93725949e-09, 1.44154274e-05,
         4.98166348e-17, 2.65996960e-07, 1.47227681e-07, 1.20901191e-21,
         1.09812617e-03],
        [5.69340092e-19, 2.48861266e-15, 4.91602714e-09, 1.44593077e-05,
         4.97892749e-17, 2.66795155e-07, 1.47531551e-07, 1.20723759e-21,
         1.10027194e-03],
        [5.69907228e-19, 2.48058469e-15, 4.89410468e-09, 1.45072372e-05,
         4.97714244e-17, 2.67516924e-07, 1.47702465e-07, 1.20550730e-21,
         1.10082328e-03],
        [5.71391862e-19, 2.47081967e-15, 4.87467089e-09, 1.45479971e-05,
         4.97467479e-17, 2.68204388e-07, 1.47983741e-07, 1.20387586e-21,
         1.10277534e-03],
        [5.73092338e-19, 2.45936609e-15, 4.84937202e-09, 1.46011062e-05,
         4.97177238e-17, 2.69011736e-07, 1.48335005e-07, 1.20171016e-21,
         1.10524893e-03],
        [5.74107599e-19, 2.44854461e-15, 4.82073759e-09, 1.46642242e-05,
         4.96926966e-17, 2.69858532e-07, 1.48607000e-07, 1.19935615e-21,
         1.10661983e-03],
        [5.74366093e-19, 2.44238774e-15, 4.80548934e-09, 1.47003775e-05,
         4.96796172e-17, 2.70358612e-07, 1.48686965e-07, 1.19823584e-21,
         1.10635161e-03],
        [5.75295844e-19, 2.43402604e-15, 4.78615059e-09, 1.47436649e-05,
         4.96595333e-17, 2.70964250e-07, 1.48894131e-07, 1.19665529e-21,
         1.10737979e-03],
        [5.76013940e-19, 2.42654462e-15, 4.76740869e-09, 1.47861892e-05,
         4.96419177e-17, 2.71530581e-07, 1.49073728e-07, 1.19513159e-21,
         1.10824406e-03],
        [5.76847325e-19, 2.41972283e-15, 4.75256989e-09, 1.48198023e-05,
         4.96252582e-17, 2.72004655e-07, 1.49246560e-07, 1.19391041e-21,
         1.10916793e-03],
        [5.77327193e-19, 2.41474334e-15, 4.74025352e-09, 1.48480958e-05,
         4.96137108e-17, 2.72382692e-07, 1.49365306e-07, 1.19290885e-21,
         1.10971928e-03],
        [5.77717157e-19, 2.40907584e-15, 4.72461226e-09, 1.48845602e-05,
         4.96008432e-17, 2.72835507e-07, 1.49489722e-07, 1.19163990e-21,
         1.11007690e-03]]], dtype=float32), array([[[3.6231487e-17, 1.2978595e-12, 1.5137276e-08, 6.4225495e-04,
         2.5430931e-14, 6.0276152e-06, 7.8052572e-06, 2.8573228e-19,
         4.9945047e-01],
        [2.7433345e-20, 7.9832654e-16, 1.0165156e-09, 2.7437558e-05,
         3.3826254e-17, 9.7742955e-08, 1.5686661e-07, 1.4036283e-22,
         4.9043626e-01],
        [2.2584483e-20, 1.9386574e-16, 1.0626073e-09, 1.0623757e-05,
         2.4066145e-17, 3.7744503e-08, 5.7162886e-08, 1.9322599e-22,
         4.3677565e-01],
        [2.5784519e-20, 1.5204686e-16, 1.1431530e-09, 8.6686914e-06,
         2.5724824e-17, 3.2512780e-08, 4.6761315e-08, 2.6205230e-22,
         4.0080416e-01],
        [2.6448494e-20, 1.4665048e-16, 1.1486785e-09, 8.4494486e-06,
         2.6214196e-17, 3.2998770e-08, 4.5686718e-08, 2.7940050e-22,
         3.9453101e-01],
        [2.6539050e-20, 1.4593617e-16, 1.1492753e-09, 8.4183221e-06,
         2.6276067e-17, 3.3792929e-08, 4.5534563e-08, 2.8199283e-22,
         3.9365798e-01],
        [2.6548365e-20, 1.4584990e-16, 1.1494856e-09, 8.4122303e-06,
         2.6276669e-17, 3.4523062e-08, 4.5502873e-08, 2.8230603e-22,
         3.9353615e-01],
        [2.6554036e-20, 1.4581875e-16, 1.1493057e-09, 8.4141802e-06,
         2.6288500e-17, 3.5177752e-08, 4.5515197e-08, 2.8241589e-22,
         3.9352551e-01],
        [2.6554036e-20, 1.4581930e-16, 1.1493280e-09, 8.4139710e-06,
         2.6288500e-17, 3.5731333e-08, 4.5514071e-08, 2.8242235e-22,
         3.9352208e-01],
        [2.6549985e-20, 1.4583377e-16, 1.1494917e-09, 8.4117655e-06,
         2.6279475e-17, 3.6195171e-08, 4.5500876e-08, 2.8237388e-22,
         3.9351639e-01],
        [2.6555556e-20, 1.4581374e-16, 1.1492653e-09, 8.4149588e-06,
         2.6293314e-17, 3.6611873e-08, 4.5520320e-08, 2.8245254e-22,
         3.9352304e-01],
        [2.6553125e-20, 1.4582264e-16, 1.1493574e-09, 8.4138428e-06,
         2.6289302e-17, 3.6947981e-08, 4.5513723e-08, 2.8242775e-22,
         3.9351916e-01],
        [2.6550187e-20, 1.4583266e-16, 1.1494783e-09, 8.4121339e-06,
         2.6281882e-17, 3.7228222e-08, 4.5503306e-08, 2.8238681e-22,
         3.9351556e-01],
        [2.6548061e-20, 1.4584044e-16, 1.1495702e-09, 8.4109070e-06,
         2.6276870e-17, 3.7465050e-08, 4.5496101e-08, 2.8235990e-22,
         3.9351249e-01],
        [2.6553125e-20, 1.4582153e-16, 1.1493549e-09, 8.4139474e-06,
         2.6290305e-17, 3.7682355e-08, 4.5514589e-08, 2.8243530e-22,
         3.9351863e-01],
        [2.6555556e-20, 1.4581152e-16, 1.1492520e-09, 8.4153917e-06,
         2.6296723e-17, 3.7859607e-08, 4.5523446e-08, 2.8247299e-22,
         3.9352155e-01],
        [2.6555658e-20, 1.4580985e-16, 1.1492542e-09, 8.4152871e-06,
         2.6296121e-17, 3.8002032e-08, 4.5523013e-08, 2.8246870e-22,
         3.9352190e-01],
        [2.6557380e-20, 1.4580484e-16, 1.1491803e-09, 8.4164112e-06,
         2.6301339e-17, 3.8126661e-08, 4.5529784e-08, 2.8249887e-22,
         3.9352366e-01],
        [2.6557380e-20, 1.4580374e-16, 1.1491803e-09, 8.4164512e-06,
         2.6301740e-17, 3.8226489e-08, 4.5530133e-08, 2.8250101e-22,
         3.9352340e-01],
        [2.6559304e-20, 1.4579594e-16, 1.1491040e-09, 8.4174389e-06,
         2.6305753e-17, 3.8314145e-08, 4.5536211e-08, 2.8252474e-22,
         3.9352620e-01],
        [2.6556771e-20, 1.4580484e-16, 1.1492093e-09, 8.4160502e-06,
         2.6300135e-17, 3.8376974e-08, 4.5527699e-08, 2.8248917e-22,
         3.9352271e-01],
        [2.6557278e-20, 1.4580374e-16, 1.1491870e-09, 8.4164349e-06,
         2.6301941e-17, 3.8436472e-08, 4.5530133e-08, 2.8250318e-22,
         3.9352304e-01],
        [2.6557278e-20, 1.4580261e-16, 1.1491824e-09, 8.4165240e-06,
         2.6302342e-17, 3.8484913e-08, 4.5530740e-08, 2.8250533e-22,
         3.9352304e-01],
        [2.6553023e-20, 1.4582041e-16, 1.1493440e-09, 8.4145895e-06,
         2.6295119e-17, 3.8515939e-08, 4.5518846e-08, 2.8246438e-22,
         3.9351621e-01],
        [2.6556974e-20, 1.4580374e-16, 1.1491937e-09, 8.4164194e-06,
         2.6302544e-17, 3.8557737e-08, 4.5530221e-08, 2.8250641e-22,
         3.9352202e-01],
        [2.6555049e-20, 1.4581152e-16, 1.1492722e-09, 8.4154881e-06,
         2.6298930e-17, 3.8581060e-08, 4.5524661e-08, 2.8248594e-22,
         3.9351887e-01],
        [2.6556873e-20, 1.4580374e-16, 1.1491960e-09, 8.4164194e-06,
         2.6302744e-17, 3.8608263e-08, 4.5530392e-08, 2.8250750e-22,
         3.9352155e-01],
        [2.6555049e-20, 1.4581041e-16, 1.1492698e-09, 8.4154881e-06,
         2.6299132e-17, 3.8623121e-08, 4.5524750e-08, 2.8248594e-22,
         3.9351895e-01],
        [2.6556265e-20, 1.4580484e-16, 1.1492206e-09, 8.4161547e-06,
         2.6301941e-17, 3.8642039e-08, 4.5529003e-08, 2.8250318e-22,
         3.9352059e-01],
        [2.6558291e-20, 1.4579594e-16, 1.1491376e-09, 8.4172298e-06,
         2.6306355e-17, 3.8660133e-08, 4.5535604e-08, 2.8252903e-22,
         3.9352354e-01],
        [2.6555860e-20, 1.4580595e-16, 1.1492428e-09, 8.4159374e-06,
         2.6301137e-17, 3.8665000e-08, 4.5527699e-08, 2.8249887e-22,
         3.9351970e-01],
        [2.6554441e-20, 1.4580985e-16, 1.1493011e-09, 8.4149342e-06,
         2.6296723e-17, 3.8669565e-08, 4.5521883e-08, 2.8247084e-22,
         3.9351881e-01]]], dtype=float32), array([[[6.86595808e-18, 1.30062682e-13, 1.00783506e-08, 6.89834356e-04,
         2.14536251e-14, 3.12834959e-06, 7.03936757e-06, 1.31317262e-19,
         5.00000000e-01],
        [6.17957959e-21, 1.02403928e-16, 9.65120872e-10, 2.16012741e-05,
         2.14710312e-17, 3.52786600e-08, 9.42872020e-08, 5.69382383e-23,
         5.00000000e-01],
        [9.22403480e-21, 2.31021718e-17, 1.00410846e-09, 1.04377468e-05,
         1.33335989e-17, 1.62088760e-08, 3.56340273e-08, 6.71024334e-23,
         5.00000000e-01],
        [1.23661684e-20, 1.79067430e-17, 1.09208087e-09, 8.96325673e-06,
         1.35981371e-17, 1.43795820e-08, 2.91034006e-08, 8.52790067e-23,
         5.00000000e-01],
        [1.29720475e-20, 1.72800379e-17, 1.10829657e-09, 8.76005015e-06,
         1.36774215e-17, 1.45167567e-08, 2.82298895e-08, 8.88101879e-23,
         5.00000000e-01],
        [1.30285826e-20, 1.72614578e-17, 1.11378573e-09, 8.71453722e-06,
         1.36925606e-17, 1.48233212e-08, 2.80347887e-08, 8.94241489e-23,
         5.00000000e-01],
        [1.30400193e-20, 1.72479648e-17, 1.11395992e-09, 8.71163775e-06,
         1.36943886e-17, 1.51255506e-08, 2.80224928e-08, 8.94876175e-23,
         5.00000000e-01],
        [1.30727414e-20, 1.71854399e-17, 1.11112131e-09, 8.72702913e-06,
         1.36905762e-17, 1.53960684e-08, 2.80887953e-08, 8.93989053e-23,
         5.00000000e-01],
        [1.30698996e-20, 1.71775105e-17, 1.11054155e-09, 8.73046702e-06,
         1.36914116e-17, 1.55934341e-08, 2.81033170e-08, 8.93781046e-23,
         5.00000000e-01],
        [1.30388254e-20, 1.71625766e-17, 1.10865450e-09, 8.74214857e-06,
         1.36969488e-17, 1.57675704e-08, 2.81519767e-08, 8.93007458e-23,
         5.00000000e-01],
        [1.30499713e-20, 1.71617246e-17, 1.10894538e-09, 8.74020589e-06,
         1.36950677e-17, 1.58771307e-08, 2.81440844e-08, 8.93143710e-23,
         5.00000000e-01],
        [1.30219247e-20, 1.71611357e-17, 1.10805332e-09, 8.74604302e-06,
         1.36997703e-17, 1.59795572e-08, 2.81679835e-08, 8.92738362e-23,
         5.00000000e-01],
        [1.30240113e-20, 1.71576665e-17, 1.10789800e-09, 8.74689340e-06,
         1.36994568e-17, 1.60488032e-08, 2.81716908e-08, 8.92687307e-23,
         5.00000000e-01],
        [1.30543528e-20, 1.71682081e-17, 1.10949216e-09, 8.73690624e-06,
         1.36941802e-17, 1.60773581e-08, 2.81302928e-08, 8.93354998e-23,
         5.00000000e-01],
        [1.30265954e-20, 1.71614649e-17, 1.10822107e-09, 8.74494162e-06,
         1.36989348e-17, 1.61358411e-08, 2.81635248e-08, 8.92809927e-23,
         5.00000000e-01],
        [1.30551501e-20, 1.71674222e-17, 1.10946885e-09, 8.73700537e-06,
         1.36940230e-17, 1.61471281e-08, 2.81307759e-08, 8.93348183e-23,
         5.00000000e-01],
        [1.30709966e-20, 1.71748239e-17, 1.11042431e-09, 8.73108365e-06,
         1.36912544e-17, 1.61564468e-08, 2.81061592e-08, 8.93740152e-23,
         5.00000000e-01],
        [1.30737891e-20, 1.71756742e-17, 1.11056497e-09, 8.73018416e-06,
         1.36907325e-17, 1.61718123e-08, 2.81025141e-08, 8.93798086e-23,
         5.00000000e-01],
        [1.30736889e-20, 1.71757404e-17, 1.11056919e-09, 8.73016779e-06,
         1.36907846e-17, 1.61851101e-08, 2.81024590e-08, 8.93798086e-23,
         5.00000000e-01],
        [1.30154688e-20, 1.71956059e-17, 1.11004550e-09, 8.73453155e-06,
         1.37000317e-17, 1.62093254e-08, 2.81190804e-08, 8.93450419e-23,
         5.00000000e-01],
        [1.30744870e-20, 1.71748884e-17, 1.11054355e-09, 8.73026784e-06,
         1.36906283e-17, 1.62030851e-08, 2.81030488e-08, 8.93791270e-23,
         5.00000000e-01],
        [1.30794760e-20, 1.71777074e-17, 1.11087795e-09, 8.72820328e-06,
         1.36897407e-17, 1.62042113e-08, 2.80944743e-08, 8.93924304e-23,
         5.00000000e-01],
        [1.30755848e-20, 1.71752821e-17, 1.11061160e-09, 8.72982673e-06,
         1.36903669e-17, 1.62124039e-08, 2.81012813e-08, 8.93815188e-23,
         5.00000000e-01],
        [1.30751858e-20, 1.71724647e-17, 1.11042420e-09, 8.73091722e-06,
         1.36905240e-17, 1.62181095e-08, 2.81059442e-08, 8.93743560e-23,
         5.00000000e-01],
        [1.30155682e-20, 1.71942279e-17, 1.10997955e-09, 8.73487261e-06,
         1.36999795e-17, 1.62340577e-08, 2.81207981e-08, 8.93423156e-23,
         5.00000000e-01],
        [1.30734894e-20, 1.71752821e-17, 1.11055631e-09, 8.73016779e-06,
         1.36906804e-17, 1.62212217e-08, 2.81027805e-08, 8.93784454e-23,
         5.00000000e-01],
        [1.30831684e-20, 1.71762003e-17, 1.11091181e-09, 8.72787859e-06,
         1.36891137e-17, 1.62171379e-08, 2.80934032e-08, 8.93941343e-23,
         5.00000000e-01],
        [1.30743877e-20, 1.71752159e-17, 1.11058396e-09, 8.72995952e-06,
         1.36905762e-17, 1.62233711e-08, 2.81020309e-08, 8.93798086e-23,
         5.00000000e-01],
        [1.30730904e-20, 1.71712852e-17, 1.11030052e-09, 8.73163299e-06,
         1.36908367e-17, 1.62277907e-08, 2.81091062e-08, 8.93689034e-23,
         5.00000000e-01],
        [1.30736889e-20, 1.71746932e-17, 1.11053711e-09, 8.73024237e-06,
         1.36906804e-17, 1.62255347e-08, 2.81032637e-08, 8.93777639e-23,
         5.00000000e-01],
        [1.30807725e-20, 1.71741025e-17, 1.11071585e-09, 8.72903547e-06,
         1.36894793e-17, 1.62229075e-08, 2.80983858e-08, 8.93859491e-23,
         5.00000000e-01],
        [1.30722931e-20, 1.71754790e-17, 1.11054788e-09, 8.73020144e-06,
         1.36908897e-17, 1.62264708e-08, 2.81031021e-08, 8.93777639e-23,
         5.00000000e-01]]], dtype=float32), array([[[7.3037058e-01, 7.3105490e-01, 7.3105860e-01, 9.7638618e-13,
         3.1017224e-13, 2.9969300e-18, 8.4521422e-29, 5.4548483e-08,
         5.0001073e-01],
        [8.8040018e-01, 7.5710958e-01, 8.8079703e-01, 6.0738901e-12,
         1.1008517e-13, 4.8946921e-17, 7.1199327e-24, 3.6580371e-08,
         7.2904491e-01],
        [9.5237458e-01, 7.5717914e-01, 9.5257413e-01, 2.3156532e-11,
         1.0292970e-11, 6.4964499e-16, 1.9523678e-21, 6.2369863e-06,
         8.7968177e-01],
        [9.8192942e-01, 7.5717616e-01, 9.8201346e-01, 2.5128621e-08,
         5.0453565e-08, 1.5755637e-09, 2.2462707e-13, 1.4279336e-03,
         9.5209348e-01],
        [9.9327445e-01, 7.5717872e-01, 9.9330705e-01, 4.7567414e-12,
         4.5275283e-15, 5.3074692e-18, 9.7897047e-24, 5.0874171e-08,
         9.8182565e-01],
        [9.9751520e-01, 7.5717872e-01, 9.9752724e-01, 7.0639404e-13,
         5.5241967e-18, 2.7938991e-21, 6.7048309e-28, 9.7072228e-10,
         9.9323624e-01],
        [9.9908447e-01, 7.5717872e-01, 9.9908900e-01, 2.2438870e-13,
         3.9702874e-18, 1.4064025e-21, 2.8365072e-28, 1.2405548e-09,
         9.9750102e-01],
        [9.9966288e-01, 7.5717872e-01, 9.9966455e-01, 4.1639665e-13,
         5.9510426e-18, 2.1358926e-21, 7.8159298e-28, 2.1353335e-09,
         9.9907923e-01],
        [9.9987590e-01, 7.5717872e-01, 9.9987662e-01, 6.6914817e-13,
         7.9305428e-18, 3.1360200e-21, 1.5925756e-27, 2.9590808e-09,
         9.9966109e-01],
        [9.9995434e-01, 7.5717872e-01, 9.9995458e-01, 8.4382783e-13,
         7.8897769e-18, 3.6012184e-21, 2.0238113e-27, 3.2661582e-09,
         9.9987531e-01],
        [9.9998319e-01, 7.5717872e-01, 9.9998319e-01, 6.9435408e-13,
         6.5132673e-18, 3.4024027e-21, 2.6110162e-27, 3.0749858e-09,
         9.9995399e-01],
        [9.9999380e-01, 7.5717872e-01, 9.9999392e-01, 6.9871219e-13,
         5.2613212e-18, 3.5307591e-21, 3.2079606e-27, 3.0696299e-09,
         9.9998307e-01],
        [9.9999774e-01, 7.5717872e-01, 9.9999774e-01, 6.0881633e-13,
         5.1796135e-18, 3.1176031e-21, 3.3041647e-27, 2.9362321e-09,
         9.9999392e-01],
        [9.9999917e-01, 7.5717872e-01, 9.9999917e-01, 5.7657058e-13,
         5.1045464e-18, 3.0006536e-21, 3.0849068e-27, 2.8590328e-09,
         9.9999774e-01],
        [9.9999964e-01, 7.5717872e-01, 9.9999964e-01, 6.9791043e-13,
         4.8272308e-18, 3.5433667e-21, 3.3625262e-27, 3.0399321e-09,
         9.9999928e-01],
        [1.0000000e+00, 7.5717872e-01, 1.0000000e+00, 6.2829668e-13,
         4.7565631e-18, 3.3360665e-21, 3.5481373e-27, 2.9640912e-09,
         9.9999976e-01],
        [1.0000000e+00, 7.5717872e-01, 1.0000000e+00, 5.4805748e-13,
         4.1173420e-18, 3.2929709e-21, 3.6140010e-27, 2.8097353e-09,
         1.0000000e+00],
        [1.0000000e+00, 7.5717872e-01, 1.0000000e+00, 4.1764636e-13,
         3.9353349e-18, 2.7231008e-21, 3.6033175e-27, 2.6733167e-09,
         1.0000000e+00],
        [1.0000000e+00, 7.5717872e-01, 1.0000000e+00, 4.1421012e-13,
         3.2527521e-18, 3.0489793e-21, 3.7669194e-27, 2.5303746e-09,
         1.0000000e+00],
        [1.0000000e+00, 7.5717872e-01, 1.0000000e+00, 3.8773696e-13,
         3.2730530e-18, 2.8269608e-21, 3.8105953e-27, 2.4682392e-09,
         1.0000000e+00],
        [1.0000000e+00, 7.5717872e-01, 1.0000000e+00, 4.2746167e-13,
         3.1948921e-18, 3.1361450e-21, 3.8509932e-27, 2.5722819e-09,
         1.0000000e+00],
        [1.0000000e+00, 7.5717872e-01, 1.0000000e+00, 3.7514984e-13,
         3.3550839e-18, 2.7567955e-21, 3.5363379e-27, 2.4024964e-09,
         1.0000000e+00],
        [1.0000000e+00, 7.5717872e-01, 1.0000000e+00, 4.3220858e-13,
         3.1685058e-18, 3.1582634e-21, 3.8756051e-27, 2.5741125e-09,
         1.0000000e+00],
        [1.0000000e+00, 7.5717872e-01, 1.0000000e+00, 4.5952082e-13,
         3.2325277e-18, 3.2434646e-21, 3.9015886e-27, 2.6459339e-09,
         1.0000000e+00],
        [1.0000000e+00, 7.5717872e-01, 1.0000000e+00, 3.7017362e-13,
         3.3734359e-18, 2.6901919e-21, 3.6757444e-27, 2.4288931e-09,
         1.0000000e+00],
        [1.0000000e+00, 7.5717872e-01, 1.0000000e+00, 4.3987874e-13,
         3.1801790e-18, 3.1598550e-21, 3.8519231e-27, 2.5756695e-09,
         1.0000000e+00],
        [1.0000000e+00, 7.5717872e-01, 1.0000000e+00, 3.7754042e-13,
         3.3660446e-18, 2.6453577e-21, 3.7718036e-27, 2.4445463e-09,
         1.0000000e+00],
        [1.0000000e+00, 7.5717872e-01, 1.0000000e+00, 4.1852982e-13,
         3.1933568e-18, 3.0601737e-21, 3.7233403e-27, 2.5203990e-09,
         1.0000000e+00],
        [1.0000000e+00, 7.5717872e-01, 1.0000000e+00, 4.4053801e-13,
         3.1558400e-18, 3.1540035e-21, 3.8573738e-27, 2.5582296e-09,
         1.0000000e+00],
        [1.0000000e+00, 7.5717872e-01, 1.0000000e+00, 4.6154611e-13,
         3.2665170e-18, 3.1310311e-21, 3.8735798e-27, 2.5764655e-09,
         1.0000000e+00],
        [1.0000000e+00, 7.5717872e-01, 1.0000000e+00, 3.6797171e-13,
         3.4880035e-18, 2.5328089e-21, 3.5847997e-27, 2.4317346e-09,
         1.0000000e+00],
        [1.0000000e+00, 7.5717872e-01, 1.0000000e+00, 4.0735923e-13,
         3.1507878e-18, 2.9824112e-21, 3.8495761e-27, 2.4980440e-09,
         1.0000000e+00]]], dtype=float32), array([[[7.31058598e-01, 5.00000000e-01, 7.31058598e-01, 1.45040941e-11,
         2.40973151e-07, 2.07629447e-09, 6.06374048e-11, 5.81294298e-04,
         2.62734300e-12],
        [7.31168807e-01, 4.99946028e-01, 8.80784571e-01, 4.11523304e-09,
         2.36688003e-10, 2.81667334e-09, 2.97566249e-10, 6.52213572e-09,
         4.88876522e-01],
        [6.71436098e-08, 4.00410651e-12, 8.99386941e-06, 3.88304143e-05,
         3.29569762e-15, 2.56930779e-08, 1.28207525e-08, 3.35634944e-19,
         5.00039876e-01],
        [5.48087136e-14, 3.18614259e-15, 2.10759339e-07, 1.65417790e-04,
         3.75042896e-17, 3.52285401e-09, 8.29984970e-09, 5.24387827e-22,
         5.00039876e-01],
        [4.94668035e-16, 2.58555590e-16, 6.83174761e-08, 3.07470560e-04,
         6.79363396e-18, 1.26072019e-09, 4.80644369e-09, 7.89008832e-23,
         5.00039876e-01],
        [3.63544490e-17, 7.63123481e-17, 3.34267796e-08, 4.87044454e-04,
         2.62195823e-18, 9.16465348e-10, 3.99740196e-09, 2.48692550e-23,
         5.00039876e-01],
        [8.01888573e-18, 3.30373389e-17, 1.94756531e-08, 7.95900822e-04,
         2.38797592e-18, 9.95912020e-10, 5.30318722e-09, 1.72980078e-23,
         5.00039876e-01],
        [5.23849057e-18, 2.84788789e-17, 1.76489010e-08, 8.71777534e-04,
         2.45144074e-18, 1.02418785e-09, 5.72417935e-09, 1.71156658e-23,
         5.00039876e-01],
        [4.54050233e-18, 2.91852845e-17, 1.78744841e-08, 8.53195786e-04,
         2.48697931e-18, 1.02447462e-09, 5.71798120e-09, 1.79007670e-23,
         5.00039876e-01],
        [4.94803147e-18, 2.61346854e-17, 1.66942762e-08, 9.22843814e-04,
         2.46422026e-18, 1.12732246e-09, 5.92715654e-09, 1.65216867e-23,
         5.00039876e-01],
        [3.99245919e-18, 3.09286305e-17, 1.85043518e-08, 8.22261092e-04,
         2.52643252e-18, 1.04761966e-09, 5.58176483e-09, 1.87874135e-23,
         5.00039876e-01],
        [5.03991138e-18, 2.55174002e-17, 1.64576139e-08, 9.36985132e-04,
         2.45750810e-18, 1.20773536e-09, 5.97499961e-09, 1.62734242e-23,
         5.00039876e-01],
        [4.20624319e-18, 2.96079275e-17, 1.80264319e-08, 8.48978874e-04,
         2.50953694e-18, 1.13614118e-09, 5.65255043e-09, 1.80906458e-23,
         5.00039876e-01],
        [4.97763957e-18, 2.56569787e-17, 1.65045417e-08, 9.34347627e-04,
         2.45934610e-18, 1.26726618e-09, 5.96226046e-09, 1.63161900e-23,
         5.00039876e-01],
        [5.01362772e-18, 2.52802178e-17, 1.63395146e-08, 9.42483661e-04,
         2.45297495e-18, 1.30798505e-09, 6.00102856e-09, 1.61764369e-23,
         5.00039876e-01],
        [3.72397415e-18, 3.25590366e-17, 1.91111749e-08, 7.98702356e-04,
         2.53966079e-18, 1.15340082e-09, 5.43629497e-09, 1.92534252e-23,
         5.00039876e-01],
        [4.98385004e-18, 2.53519707e-17, 1.63790439e-08, 9.39950463e-04,
         2.45213309e-18, 1.35930622e-09, 5.98775429e-09, 1.62176486e-23,
         5.00039876e-01],
        [4.88312840e-18, 2.56625555e-17, 1.64858225e-08, 9.33587668e-04,
         2.45666459e-18, 1.37828349e-09, 5.96199889e-09, 1.63263379e-23,
         5.00039876e-01],
        [4.60975513e-18, 2.71206798e-17, 1.70904642e-08, 9.00894520e-04,
         2.47298734e-18, 1.35835188e-09, 5.81438853e-09, 1.69096153e-23,
         5.00039876e-01],
        [4.95663828e-18, 2.52850402e-17, 1.63481761e-08, 9.41023347e-04,
         2.44986103e-18, 1.43673506e-09, 5.99267880e-09, 1.61951456e-23,
         5.00039876e-01],
        [3.90991773e-18, 3.09329980e-17, 1.85233144e-08, 8.24168441e-04,
         2.51855155e-18, 1.29716016e-09, 5.54074653e-09, 1.86281299e-23,
         5.00039876e-01],
        [4.93596704e-18, 2.52330089e-17, 1.63234652e-08, 9.41872713e-04,
         2.44820729e-18, 1.48117252e-09, 5.99747008e-09, 1.61828567e-23,
         5.00039876e-01],
        [4.88692433e-18, 2.50663635e-17, 1.62138143e-08, 9.46492073e-04,
         2.44591103e-18, 1.50956225e-09, 6.02612493e-09, 1.61126954e-23,
         5.00039876e-01],
        [4.91612132e-18, 2.49990409e-17, 1.62299614e-08, 9.44629428e-04,
         2.43893252e-18, 1.52449620e-09, 6.01003158e-09, 1.61275149e-23,
         5.00039876e-01],
        [4.83649733e-18, 2.50039047e-17, 1.61845080e-08, 9.46268556e-04,
         2.44039374e-18, 1.54660784e-09, 6.02448136e-09, 1.61093759e-23,
         5.00039876e-01],
        [4.31067599e-18, 2.79530964e-17, 1.74071566e-08, 8.78840801e-04,
         2.47349668e-18, 1.46200207e-09, 5.73470293e-09, 1.73547837e-23,
         5.00039876e-01],
        [4.87440991e-18, 2.49480750e-17, 1.62076699e-08, 9.44689033e-04,
         2.43515810e-18, 1.57504265e-09, 6.00967631e-09, 1.61228402e-23,
         5.00039876e-01],
        [4.73040356e-18, 2.53326362e-17, 1.63185607e-08, 9.38475248e-04,
         2.44216308e-18, 1.58206714e-09, 5.98264016e-09, 1.62256934e-23,
         5.00039876e-01],
        [4.62941680e-18, 2.61151540e-17, 1.66990457e-08, 9.15408251e-04,
         2.44776847e-18, 1.55884339e-09, 5.89074167e-09, 1.66505692e-23,
         5.00039876e-01],
        [4.80938442e-18, 2.48976848e-17, 1.61572640e-08, 9.46596381e-04,
         2.43419216e-18, 1.62057823e-09, 6.02174710e-09, 1.60934062e-23,
         5.00039876e-01],
        [4.83045478e-18, 2.48009957e-17, 1.61436695e-08, 9.46417567e-04,
         2.42882169e-18, 1.63124270e-09, 6.01806160e-09, 1.60886793e-23,
         5.00039876e-01],
        [4.44809343e-18, 2.67716062e-17, 1.69525602e-08, 9.01684281e-04,
         2.45224517e-18, 1.57224400e-09, 5.81810511e-09, 1.68747555e-23,
         5.00039876e-01]]], dtype=float32)]