tf.Tensor(
[[[7.31058598e-01 5.00000000e-01 7.31058598e-01 1.19459755e-11
   2.46113672e-07 1.59427782e-09 4.71876288e-11 6.51583076e-04
   2.58127764e-12]
  [7.31133878e-01 4.99890745e-01 8.80791366e-01 1.75563342e-09
   2.05727990e-10 2.10096962e-09 1.50523649e-10 8.51281534e-09
   4.79366332e-01]
  [3.70954552e-07 1.52984812e-11 4.16893163e-05 6.02410546e-06
   1.37930199e-15 1.16459820e-08 2.19314211e-09 2.39335534e-19
   5.00077307e-01]
  [1.19337361e-13 7.06580019e-15 4.12738046e-07 6.76065683e-05
   2.90515790e-17 2.62628297e-09 4.05447009e-09 5.03687461e-22
   5.00077307e-01]
  [7.69871740e-16 5.33627051e-16 1.19938690e-07 1.59472227e-04
   5.09134217e-18 8.91749785e-10 2.93498359e-09 7.80322401e-23
   5.00077307e-01]
  [1.60885862e-16 2.49944785e-16 7.78237279e-08 2.21282244e-04
   1.68755702e-18 5.95317073e-10 2.11656337e-09 2.37840601e-23
   5.00077307e-01]
  [5.02665714e-17 1.18005216e-16 4.62038869e-08 3.78027558e-04
   1.62560925e-18 6.30877905e-10 2.97368929e-09 1.65245234e-23
   5.00077307e-01]
  [3.76051295e-17 8.11436388e-17 3.61046659e-08 5.09604812e-04
   1.76565279e-18 7.23338278e-10 3.75316356e-09 1.44687487e-23
   5.00077307e-01]
  [3.54464462e-17 7.60804001e-17 3.46132722e-08 5.37142158e-04
   1.79937860e-18 7.57913565e-10 3.91782029e-09 1.41946369e-23
   5.00077307e-01]
  [3.51827542e-17 7.52362126e-17 3.43639570e-08 5.42208611e-04
   1.80355669e-18 7.81628318e-10 3.94330968e-09 1.41195153e-23
   5.00077307e-01]
  [3.59651811e-17 7.37272764e-17 3.39474227e-08 5.50106226e-04
   1.79870590e-18 8.11558154e-10 3.97000255e-09 1.38930854e-23
   5.00077307e-01]
  [3.39399385e-17 7.68818388e-17 3.48097764e-08 5.34147082e-04
   1.81020123e-18 8.10527201e-10 3.91782029e-09 1.43722616e-23
   5.00077307e-01]
  [3.59862907e-17 7.33653551e-17 3.38461987e-08 5.52058278e-04
   1.79732058e-18 8.53804527e-10 3.97602706e-09 1.38371267e-23
   5.00077307e-01]
  [3.56129940e-17 7.37711633e-17 3.39537820e-08 5.49897610e-04
   1.79882253e-18 8.70411854e-10 3.96980582e-09 1.39009834e-23
   5.00077307e-01]
  [3.40683434e-17 7.62201274e-17 3.46324640e-08 5.37395536e-04
   1.80742748e-18 8.71719530e-10 3.92738198e-09 1.42686321e-23
   5.00077307e-01]
  [3.58151239e-17 7.31660839e-17 3.37890960e-08 5.53086458e-04
   1.79630604e-18 9.12463882e-10 3.97885680e-09 1.38045436e-23
   5.00077307e-01]
  [3.44247160e-17 7.52686513e-17 3.43666251e-08 5.42327820e-04
   1.80388694e-18 9.14936016e-10 3.94252764e-09 1.41165539e-23
   5.00077307e-01]
  [3.54862501e-17 7.30754316e-17 3.37028965e-08 5.56066690e-04
   1.79671032e-18 9.53276125e-10 3.97806765e-09 1.36947657e-23
   5.00077307e-01]
  [3.62910538e-17 7.17293043e-17 3.33652146e-08 5.61073481e-04
   1.79051826e-18 9.78032433e-10 4.00456779e-09 1.35783472e-23
   5.00077307e-01]
  [3.60110598e-17 7.19139641e-17 3.34184946e-08 5.59642969e-04
   1.79053190e-18 9.92851024e-10 4.00078104e-09 1.36203146e-23
   5.00077307e-01]
  [3.59757855e-17 7.15986296e-17 3.33181305e-08 5.61356603e-04
   1.78920056e-18 1.01213682e-09 4.00589695e-09 1.35724939e-23
   5.00077307e-01]
  [3.50702147e-17 7.23754912e-17 3.35302275e-08 5.57452498e-04
   1.79398456e-18 1.02126507e-09 3.98750988e-09 1.36947121e-23
   5.00077307e-01]
  [3.50900074e-17 7.08936335e-17 3.30912613e-08 5.63979207e-04
   1.79377921e-18 1.04624243e-09 4.02086986e-09 1.35966945e-23
   5.00077307e-01]
  [2.98674802e-17 6.70756921e-17 3.15502042e-08 5.84811030e-04
   1.83574332e-18 1.08877785e-09 4.14531831e-09 1.36640301e-23
   5.00077307e-01]
  [1.72199184e-17 5.07121901e-17 2.61585242e-08 6.71178161e-04
   2.01329516e-18 1.18574706e-09 4.60871075e-09 1.44366058e-23
   5.00077307e-01]
  [7.14342010e-18 3.21748013e-17 1.92289562e-08 8.42005131e-04
   2.33303231e-18 1.35857881e-09 5.50353541e-09 1.56764080e-23
   5.00077307e-01]
  [5.07650379e-18 2.73081685e-17 1.72403194e-08 9.10878298e-04
   2.46866098e-18 1.43294365e-09 5.84795501e-09 1.62919341e-23
   5.00077307e-01]
  [4.74965205e-18 2.64444712e-17 1.68438703e-08 9.26643726e-04
   2.49219303e-18 1.46906654e-09 5.92836624e-09 1.63462803e-23
   5.00077307e-01]
  [4.73523760e-18 2.62073681e-17 1.67764043e-08 9.28446767e-04
   2.48882992e-18 1.48922008e-09 5.93394311e-09 1.63510197e-23
   5.00077307e-01]
  [4.20173878e-18 2.61440607e-17 1.62747007e-08 9.51454160e-04
   2.51749504e-18 1.55771496e-09 6.11832629e-09 1.60915034e-23
   5.00077307e-01]
  [4.59110841e-18 2.59491174e-17 1.65813194e-08 9.34824464e-04
   2.48404944e-18 1.53756796e-09 5.98031269e-09 1.62681483e-23
   5.00077307e-01]
  [4.60990154e-18 2.55902169e-17 1.64489613e-08 9.39548132e-04
   2.47200651e-18 1.56011193e-09 6.00006711e-09 1.61781645e-23
   5.00077307e-01]]], shape=(1, 32, 9), dtype=float32)