[array([[[5.59303775e-33, 5.92525874e-04, 5.00000000e-01, 3.48238144e-32,
         6.66088272e-34, 3.29630916e-18, 1.79367067e-32, 4.06082799e-31,
         5.22681910e-34],
        [0.00000000e+00, 8.80797088e-01, 5.00000000e-01, 9.17215650e-29,
         0.00000000e+00, 2.70892662e-12, 4.30686495e-32, 3.27699015e-17,
         2.19021303e-33],
        [0.00000000e+00, 9.52574134e-01, 5.00000000e-01, 1.14388608e-35,
         0.00000000e+00, 2.41555197e-21, 5.06875270e-38, 3.47770676e-18,
         1.89492932e-36],
        [0.00000000e+00, 9.82013762e-01, 5.00000000e-01, 3.95392886e-36,
         0.00000000e+00, 2.94858970e-21, 0.00000000e+00, 2.64398185e-20,
         1.82421497e-38],
        [0.00000000e+00, 9.93307114e-01, 5.00000000e-01, 2.74792243e-27,
         0.00000000e+00, 2.45759706e-15, 1.54697913e-31, 1.92794793e-08,
         4.92429220e-35],
        [0.00000000e+00, 9.97527361e-01, 5.00000000e-01, 6.15684785e-25,
         3.93741389e-35, 1.02892650e-14, 2.36958544e-23, 9.71105237e-07,
         1.14270945e-33],
        [0.00000000e+00, 9.99089003e-01, 5.00000000e-01, 4.47567293e-28,
         0.00000000e+00, 6.90483267e-18, 7.66677913e-33, 2.78168664e-17,
         4.18880173e-37],
        [0.00000000e+00, 9.99664545e-01, 5.00000000e-01, 4.77320792e-28,
         0.00000000e+00, 8.13828726e-17, 3.28171868e-32, 3.25331379e-16,
         8.49406091e-36],
        [0.00000000e+00, 9.99876618e-01, 5.00000000e-01, 1.55515984e-29,
         0.00000000e+00, 3.75764216e-19, 1.94536096e-34, 7.23316144e-19,
         7.27904655e-38],
        [0.00000000e+00, 9.99954581e-01, 5.00000000e-01, 3.41169424e-30,
         0.00000000e+00, 1.27686041e-21, 1.26732553e-33, 4.57833515e-20,
         5.63466933e-38],
        [0.00000000e+00, 9.99983311e-01, 5.00000000e-01, 2.74428436e-29,
         0.00000000e+00, 2.81271652e-20, 1.55100749e-33, 5.32586418e-16,
         2.88370518e-35],
        [0.00000000e+00, 9.99993920e-01, 5.00000000e-01, 4.02602761e-36,
         0.00000000e+00, 2.01249410e-22, 3.85263359e-38, 2.89313711e-24,
         0.00000000e+00],
        [0.00000000e+00, 9.99997735e-01, 5.00000000e-01, 1.05885394e-32,
         0.00000000e+00, 4.03428112e-22, 1.75251973e-34, 2.51826219e-19,
         4.56689089e-37],
        [0.00000000e+00, 9.99999106e-01, 5.00000000e-01, 1.08829678e-34,
         0.00000000e+00, 4.94951093e-24, 6.14558342e-37, 3.52585168e-24,
         0.00000000e+00],
        [0.00000000e+00, 9.99999642e-01, 5.00000000e-01, 5.73311452e-28,
         0.00000000e+00, 2.64496546e-16, 2.59475755e-31, 2.74431119e-14,
         2.19478854e-37],
        [0.00000000e+00, 1.00000000e+00, 5.00000000e-01, 6.64136758e-27,
         0.00000000e+00, 1.00666128e-15, 7.98214384e-32, 1.59642197e-14,
         1.24492371e-35],
        [0.00000000e+00, 1.00000000e+00, 5.00000000e-01, 5.84136997e-31,
         0.00000000e+00, 1.43313500e-20, 9.73851887e-34, 4.42012646e-19,
         4.92968896e-38],
        [0.00000000e+00, 1.00000000e+00, 5.00000000e-01, 9.57576869e-35,
         0.00000000e+00, 4.38011976e-22, 6.42645005e-38, 2.38301172e-22,
         0.00000000e+00],
        [0.00000000e+00, 1.00000000e+00, 5.00000000e-01, 1.31121825e-32,
         0.00000000e+00, 6.39820417e-22, 7.35995943e-37, 7.83267145e-20,
         0.00000000e+00],
        [0.00000000e+00, 1.00000000e+00, 5.00000000e-01, 3.99994233e-34,
         0.00000000e+00, 5.49835814e-24, 1.21041537e-35, 8.62036905e-22,
         2.50139119e-38],
        [0.00000000e+00, 1.00000000e+00, 5.00000000e-01, 1.20540352e-33,
         0.00000000e+00, 1.09381169e-22, 6.46636508e-37, 4.43309032e-21,
         0.00000000e+00],
        [0.00000000e+00, 1.00000000e+00, 5.00000000e-01, 8.80199379e-35,
         0.00000000e+00, 3.34949675e-25, 3.36417457e-38, 9.17398059e-24,
         0.00000000e+00],
        [0.00000000e+00, 1.00000000e+00, 5.00000000e-01, 9.48321045e-37,
         0.00000000e+00, 1.85060861e-21, 1.47029350e-38, 3.93313362e-23,
         0.00000000e+00],
        [0.00000000e+00, 1.00000000e+00, 5.00000000e-01, 2.09135157e-33,
         0.00000000e+00, 9.81684562e-22, 1.01109303e-35, 8.36498719e-18,
         6.98007706e-37],
        [0.00000000e+00, 1.00000000e+00, 5.00000000e-01, 3.41688267e-34,
         0.00000000e+00, 2.01112811e-24, 6.29031401e-37, 3.29014478e-23,
         0.00000000e+00],
        [0.00000000e+00, 1.00000000e+00, 5.00000000e-01, 7.75410661e-33,
         0.00000000e+00, 6.77780707e-23, 2.32391427e-37, 1.24016992e-19,
         0.00000000e+00],
        [0.00000000e+00, 1.00000000e+00, 5.00000000e-01, 2.62061258e-33,
         0.00000000e+00, 2.07477052e-21, 1.51857168e-35, 5.73438162e-18,
         2.14721130e-36],
        [0.00000000e+00, 1.00000000e+00, 5.00000000e-01, 3.94933519e-33,
         0.00000000e+00, 1.78541090e-23, 2.97230198e-34, 2.51430874e-18,
         0.00000000e+00],
        [0.00000000e+00, 1.00000000e+00, 5.00000000e-01, 1.50462929e-30,
         0.00000000e+00, 7.96729509e-23, 6.36746482e-32, 8.12573275e-19,
         9.09207790e-38],
        [0.00000000e+00, 1.00000000e+00, 5.00000000e-01, 2.35033997e-35,
         0.00000000e+00, 4.39870153e-22, 1.83683128e-38, 3.00859464e-23,
         0.00000000e+00],
        [0.00000000e+00, 1.00000000e+00, 5.00000000e-01, 6.39961386e-33,
         0.00000000e+00, 1.12880679e-21, 3.78679478e-35, 4.25868200e-19,
         9.42615137e-38],
        [0.00000000e+00, 1.00000000e+00, 5.00000000e-01, 3.42687989e-32,
         0.00000000e+00, 3.83749362e-21, 8.11130040e-34, 4.32346989e-19,
         9.57792209e-38]]], dtype=float32), array([[[3.34853202e-32, 8.41084424e-11, 5.00000000e-01, 4.52277439e-33,
         1.98153142e-24, 1.60623353e-20, 8.29995978e-24, 6.11253669e-14,
         5.00000000e-01],
        [8.61587872e-29, 2.39813917e-21, 5.46992064e-01, 1.47994438e-30,
         2.72184739e-30, 3.34729260e-14, 4.68521682e-22, 2.57976873e-21,
         5.00000000e-01],
        [1.22303177e-21, 8.27943220e-23, 7.66456842e-01, 2.92681683e-31,
         6.90687002e-30, 7.66413223e-37, 1.01700490e-24, 4.59280153e-34,
         4.13866162e-01],
        [3.45169157e-20, 9.97693726e-28, 8.99203777e-01, 6.05105003e-35,
         1.21374728e-38, 1.12556597e-35, 3.11530724e-27, 8.55501849e-38,
         9.07210765e-11],
        [2.17608937e-24, 9.70177934e-23, 9.60395694e-01, 1.57320494e-32,
         1.07776063e-29, 1.00124876e-26, 3.87494143e-31, 2.23515126e-31,
         4.91827726e-04],
        [3.28133502e-21, 3.27120280e-25, 9.85056281e-01, 3.42675240e-20,
         4.45479055e-28, 2.30392720e-32, 1.02661857e-26, 2.28532889e-33,
         3.95387411e-04],
        [3.08700489e-23, 2.28622356e-19, 9.94450092e-01, 1.40933745e-29,
         8.80166235e-30, 6.76012504e-27, 1.39964947e-21, 6.14131969e-32,
         1.96148455e-03],
        [2.02032200e-21, 4.17610533e-21, 9.97951031e-01, 1.57066804e-25,
         1.33038599e-27, 9.97812611e-36, 5.99918203e-27, 1.94282768e-34,
         7.17581727e-08],
        [2.74335452e-24, 4.92019519e-18, 9.99245167e-01, 3.76142823e-27,
         6.49460122e-28, 5.02071955e-38, 4.40012900e-26, 1.33348396e-36,
         3.80768173e-09],
        [1.27065411e-19, 1.66743554e-18, 9.99722242e-01, 1.16859443e-31,
         1.56848782e-26, 3.04640869e-36, 1.01533939e-27, 1.10053513e-32,
         4.30276439e-11],
        [2.03341360e-17, 6.09556785e-21, 9.99897838e-01, 3.47392334e-28,
         1.37490259e-26, 2.07641067e-34, 2.55709752e-23, 5.17312823e-31,
         3.58005451e-07],
        [2.03468217e-22, 6.57467925e-26, 9.99962330e-01, 5.68350439e-27,
         1.69859639e-31, 1.11019849e-33, 1.95171645e-26, 4.54956354e-34,
         1.08798925e-09],
        [1.29886293e-25, 7.77362469e-23, 9.99986112e-01, 5.77887481e-32,
         5.85175006e-31, 0.00000000e+00, 1.69043235e-29, 0.00000000e+00,
         5.46605677e-11],
        [9.44493948e-22, 1.38341625e-25, 9.99994993e-01, 2.39119302e-26,
         8.97422069e-25, 0.00000000e+00, 1.75084752e-34, 1.29051528e-33,
         1.47603318e-09],
        [1.21159013e-22, 7.64082968e-21, 9.99998212e-01, 1.25014791e-29,
         9.25084338e-30, 1.05665819e-34, 3.54287025e-23, 1.04871281e-34,
         5.34398248e-10],
        [1.14661904e-21, 3.57106149e-22, 9.99999344e-01, 4.65551716e-32,
         5.75406189e-32, 2.89373372e-31, 6.02551927e-25, 2.39940825e-36,
         7.76844838e-11],
        [8.38726775e-25, 3.31384336e-22, 9.99999702e-01, 7.33028121e-31,
         2.46712096e-30, 2.28817389e-29, 3.83341218e-27, 1.55554425e-31,
         4.25715181e-13],
        [5.98801720e-23, 9.16224150e-20, 1.00000000e+00, 1.63075691e-27,
         8.79467199e-32, 9.79103138e-36, 8.19487525e-28, 9.04357395e-35,
         3.11212300e-09],
        [2.02376230e-18, 3.80307394e-21, 1.00000000e+00, 1.76643382e-26,
         2.70738830e-32, 1.64944314e-29, 9.98174670e-23, 4.48742948e-34,
         1.11741016e-08],
        [1.19269095e-23, 1.52392787e-18, 1.00000000e+00, 2.03246876e-35,
         1.24774667e-29, 1.48558140e-33, 3.78422869e-28, 4.50419202e-31,
         9.92492980e-12],
        [9.54935690e-22, 1.30902695e-16, 1.00000000e+00, 1.32370053e-32,
         1.95909205e-28, 7.43493820e-29, 1.54298343e-26, 2.11733075e-31,
         3.10592871e-11],
        [7.98180016e-22, 1.61537830e-13, 1.00000000e+00, 5.73368018e-26,
         2.52834541e-30, 2.72367047e-26, 8.29834247e-20, 1.42962697e-32,
         1.71795866e-14],
        [3.30001989e-21, 2.28861420e-16, 1.00000000e+00, 4.75107104e-32,
         4.85100345e-27, 8.13004881e-25, 1.43453662e-26, 1.35543360e-26,
         7.16702864e-10],
        [1.43802092e-19, 5.52167213e-18, 1.00000000e+00, 3.51772029e-26,
         1.62259783e-26, 4.93328998e-24, 6.56236269e-24, 8.64988078e-26,
         2.17757790e-09],
        [4.68893838e-26, 1.81409575e-13, 1.00000000e+00, 5.79485684e-32,
         2.93043276e-26, 2.38297947e-26, 2.78549906e-27, 5.27051421e-24,
         6.24278451e-09],
        [3.85883145e-23, 5.27242151e-18, 1.00000000e+00, 7.25542006e-23,
         1.13215106e-26, 1.10992975e-29, 2.39150484e-20, 1.38421405e-34,
         4.20155582e-13],
        [4.93683630e-24, 1.32173355e-19, 1.00000000e+00, 7.98571745e-22,
         1.25566758e-30, 5.40459242e-33, 2.12580631e-21, 0.00000000e+00,
         1.60522498e-10],
        [3.68814583e-27, 9.25447084e-19, 1.00000000e+00, 5.65101571e-33,
         3.33322351e-30, 1.13584737e-30, 4.60215569e-20, 1.88473280e-29,
         3.83576365e-11],
        [3.98719667e-20, 7.81584970e-19, 1.00000000e+00, 2.36263179e-26,
         6.67842991e-29, 6.75483191e-22, 3.57758676e-23, 2.36550107e-28,
         5.24588657e-08],
        [2.23615182e-22, 9.45185878e-13, 1.00000000e+00, 3.83174897e-30,
         3.97662733e-31, 3.21041756e-27, 2.97404525e-24, 3.11536949e-25,
         2.83346879e-09],
        [2.13998190e-19, 1.95074831e-18, 1.00000000e+00, 1.07478265e-24,
         7.51426990e-27, 3.64741395e-26, 3.80838710e-19, 3.04461087e-30,
         3.11166604e-09],
        [2.35564368e-25, 5.24697578e-18, 1.00000000e+00, 2.72725605e-27,
         5.01597591e-29, 3.64440042e-31, 2.41960600e-25, 2.05059755e-33,
         2.64074492e-06]]], dtype=float32), array([[[1.67445838e-03, 8.05367509e-29, 5.00000000e-01, 1.65695920e-38,
         2.74944814e-31, 1.04792660e-13, 2.86425272e-19, 6.98844612e-01,
         5.20023478e-32],
        [9.32225885e-06, 1.36034817e-30, 5.00000000e-01, 6.19035403e-31,
         1.16151168e-36, 5.00000000e-01, 2.72754073e-22, 7.31058598e-01,
         1.50045019e-29],
        [7.12942943e-13, 2.22520636e-36, 5.00000000e-01, 5.78600541e-15,
         3.21734677e-33, 1.05380818e-01, 2.14640611e-23, 7.31058598e-01,
         1.81622051e-33],
        [2.55493790e-17, 0.00000000e+00, 5.00000000e-01, 9.33402287e-26,
         1.11548574e-30, 5.00000000e-01, 1.37039208e-27, 7.31058598e-01,
         1.21029642e-35],
        [4.43766558e-18, 6.17253476e-38, 5.00000000e-01, 4.22599947e-38,
         1.82904614e-34, 7.15903938e-03, 6.67361282e-30, 7.31058598e-01,
         8.84800334e-31],
        [8.15962234e-19, 0.00000000e+00, 5.00000000e-01, 9.11039254e-34,
         3.33380185e-34, 3.08058441e-01, 1.51932145e-32, 7.31058598e-01,
         0.00000000e+00],
        [1.28849601e-19, 0.00000000e+00, 5.00000000e-01, 2.75436100e-31,
         1.23148163e-34, 4.80198741e-01, 4.89837253e-32, 7.31058598e-01,
         0.00000000e+00],
        [3.51071201e-17, 0.00000000e+00, 5.00000000e-01, 6.21947575e-36,
         0.00000000e+00, 1.19851530e-03, 1.13510995e-32, 7.31058598e-01,
         0.00000000e+00],
        [2.61361032e-18, 0.00000000e+00, 5.00000000e-01, 2.18341733e-35,
         6.07896558e-38, 4.91903007e-01, 9.66239826e-35, 7.31058598e-01,
         0.00000000e+00],
        [1.68151943e-15, 6.32603628e-32, 5.00000000e-01, 3.10850187e-33,
         1.40575386e-32, 4.99999940e-01, 3.16722165e-28, 7.31058598e-01,
         0.00000000e+00],
        [2.25119866e-19, 1.05287174e-33, 5.00000000e-01, 7.11593656e-36,
         2.10418210e-35, 4.99073148e-01, 2.69817910e-29, 7.31058598e-01,
         0.00000000e+00],
        [3.99887073e-22, 0.00000000e+00, 5.00000000e-01, 7.96682256e-37,
         4.40025332e-36, 3.25785577e-02, 3.36577639e-35, 7.31058598e-01,
         0.00000000e+00],
        [1.29274157e-24, 0.00000000e+00, 5.00000000e-01, 2.25784885e-32,
         1.84076934e-35, 4.40748274e-01, 2.38636517e-35, 7.31058598e-01,
         0.00000000e+00],
        [2.68461500e-20, 2.26802878e-36, 5.00000000e-01, 1.55887265e-33,
         0.00000000e+00, 4.40940857e-01, 1.83433235e-25, 7.31058598e-01,
         0.00000000e+00],
        [6.31794584e-22, 0.00000000e+00, 5.00000000e-01, 1.29231404e-29,
         4.40763058e-35, 4.99912858e-01, 1.01453560e-30, 7.31058598e-01,
         0.00000000e+00],
        [1.03682172e-19, 0.00000000e+00, 5.00000000e-01, 1.12252897e-37,
         0.00000000e+00, 1.58719718e-03, 1.99036517e-34, 7.31058598e-01,
         0.00000000e+00],
        [3.85948610e-17, 9.80394256e-38, 5.00000000e-01, 2.12886000e-31,
         0.00000000e+00, 4.13982570e-02, 2.07120929e-33, 7.31058598e-01,
         0.00000000e+00],
        [1.50793804e-21, 0.00000000e+00, 5.00000000e-01, 1.06287579e-34,
         0.00000000e+00, 4.26876247e-02, 4.06082554e-30, 7.31058598e-01,
         0.00000000e+00],
        [1.16520441e-13, 0.00000000e+00, 5.00000000e-01, 1.39560359e-37,
         0.00000000e+00, 4.21554744e-01, 2.99409226e-31, 7.31058598e-01,
         0.00000000e+00],
        [4.58170785e-20, 0.00000000e+00, 5.00000000e-01, 0.00000000e+00,
         6.08913116e-38, 7.90441036e-03, 6.88642381e-34, 7.31058598e-01,
         2.26827047e-38],
        [3.67325505e-21, 0.00000000e+00, 5.00000000e-01, 1.29106543e-32,
         0.00000000e+00, 4.25995886e-03, 4.68158323e-30, 7.31058598e-01,
         0.00000000e+00],
        [3.81653703e-21, 0.00000000e+00, 5.00000000e-01, 2.37901873e-34,
         0.00000000e+00, 2.57320404e-02, 4.93695590e-29, 7.31058598e-01,
         0.00000000e+00],
        [9.30775918e-16, 0.00000000e+00, 5.00000000e-01, 6.13205261e-28,
         2.12955902e-38, 5.00000000e-01, 6.19520600e-31, 7.31058598e-01,
         0.00000000e+00],
        [6.62700668e-24, 0.00000000e+00, 5.00000000e-01, 4.11041475e-36,
         5.29021865e-34, 5.00000000e-01, 2.49487203e-31, 7.31058598e-01,
         0.00000000e+00],
        [8.98794937e-20, 3.71107240e-33, 5.00000000e-01, 1.90212633e-32,
         8.75566967e-33, 1.19426608e-01, 4.01188875e-32, 7.31058598e-01,
         0.00000000e+00],
        [2.04184680e-22, 0.00000000e+00, 5.00000000e-01, 0.00000000e+00,
         0.00000000e+00, 4.99783933e-01, 1.05457536e-31, 7.31058598e-01,
         0.00000000e+00],
        [6.15596877e-25, 0.00000000e+00, 5.00000000e-01, 0.00000000e+00,
         0.00000000e+00, 4.95010436e-01, 1.05804072e-31, 7.31058598e-01,
         0.00000000e+00],
        [5.68788776e-19, 6.91672402e-38, 5.00000000e-01, 1.09154343e-28,
         1.09452077e-35, 3.32241267e-01, 7.89231315e-34, 7.31058598e-01,
         0.00000000e+00],
        [6.52638322e-23, 0.00000000e+00, 5.00000000e-01, 6.71321344e-38,
         3.50030443e-34, 4.99960780e-01, 8.73946960e-32, 7.31058598e-01,
         0.00000000e+00],
        [1.70079756e-20, 4.78442756e-37, 5.00000000e-01, 1.90656633e-38,
         0.00000000e+00, 5.59335202e-02, 3.99359237e-34, 7.31058598e-01,
         0.00000000e+00],
        [3.24481758e-20, 0.00000000e+00, 5.00000000e-01, 0.00000000e+00,
         0.00000000e+00, 5.00000000e-01, 4.94259889e-33, 7.31058598e-01,
         0.00000000e+00],
        [1.43069431e-24, 1.10718587e-37, 5.00000000e-01, 6.54119083e-37,
         2.85069762e-38, 1.76058471e-01, 2.06850878e-33, 7.31058598e-01,
         0.00000000e+00]]], dtype=float32), array([[[1.5164606e-35, 7.0117302e-02, 1.2153190e-10, 2.1955473e-25,
         4.0777513e-17, 5.0000000e-01, 3.3777141e-16, 7.3059809e-01,
         4.9716756e-01],
        [0.0000000e+00, 7.3094171e-01, 5.0000000e-01, 0.0000000e+00,
         0.0000000e+00, 5.0000000e-01, 4.9769572e-34, 7.3105860e-01,
         2.4629425e-23],
        [0.0000000e+00, 7.3105860e-01, 5.0000000e-01, 0.0000000e+00,
         0.0000000e+00, 5.0000000e-01, 0.0000000e+00, 7.3105860e-01,
         0.0000000e+00],
        [6.6710762e-35, 7.3105860e-01, 5.0000000e-01, 0.0000000e+00,
         0.0000000e+00, 5.0000000e-01, 0.0000000e+00, 7.3105860e-01,
         0.0000000e+00],
        [7.6782950e-37, 7.3105860e-01, 4.5815200e-01, 0.0000000e+00,
         0.0000000e+00, 5.0000000e-01, 0.0000000e+00, 7.3105860e-01,
         0.0000000e+00],
        [7.6184340e-35, 7.3105860e-01, 6.0885295e-02, 0.0000000e+00,
         0.0000000e+00, 5.0000000e-01, 4.9623532e-38, 7.3105860e-01,
         0.0000000e+00],
        [6.2232192e-38, 7.3105860e-01, 1.3360486e-09, 0.0000000e+00,
         0.0000000e+00, 5.0000000e-01, 0.0000000e+00, 7.3105860e-01,
         0.0000000e+00],
        [9.9721571e-35, 7.3105860e-01, 2.2510385e-05, 0.0000000e+00,
         0.0000000e+00, 5.0000000e-01, 2.1949383e-36, 7.3105860e-01,
         0.0000000e+00],
        [3.9921871e-33, 7.3105860e-01, 6.3977097e-08, 0.0000000e+00,
         0.0000000e+00, 5.0000000e-01, 0.0000000e+00, 7.3105860e-01,
         0.0000000e+00],
        [1.6471456e-32, 7.3105860e-01, 2.8313696e-04, 0.0000000e+00,
         0.0000000e+00, 5.0000000e-01, 0.0000000e+00, 7.3105860e-01,
         0.0000000e+00],
        [4.1275541e-30, 7.3105860e-01, 8.5730702e-03, 0.0000000e+00,
         0.0000000e+00, 5.0000000e-01, 3.2736047e-37, 7.3105860e-01,
         0.0000000e+00],
        [2.1438976e-37, 7.3105860e-01, 2.7416811e-09, 0.0000000e+00,
         0.0000000e+00, 5.0000000e-01, 0.0000000e+00, 7.3105860e-01,
         0.0000000e+00],
        [1.6946929e-32, 7.3105860e-01, 1.8365681e-04, 0.0000000e+00,
         0.0000000e+00, 5.0000000e-01, 0.0000000e+00, 7.3105860e-01,
         0.0000000e+00],
        [1.0748597e-33, 7.3105860e-01, 1.2104631e-10, 0.0000000e+00,
         0.0000000e+00, 5.0000000e-01, 0.0000000e+00, 7.3105860e-01,
         0.0000000e+00],
        [0.0000000e+00, 7.3105860e-01, 1.1083497e-06, 0.0000000e+00,
         0.0000000e+00, 5.0000000e-01, 0.0000000e+00, 7.3105860e-01,
         0.0000000e+00],
        [1.3727663e-38, 7.3105860e-01, 1.6853382e-06, 0.0000000e+00,
         0.0000000e+00, 5.0000000e-01, 0.0000000e+00, 7.3105860e-01,
         0.0000000e+00],
        [2.1319621e-33, 7.3105860e-01, 1.5955742e-16, 0.0000000e+00,
         0.0000000e+00, 5.0000000e-01, 2.2425176e-38, 7.3105860e-01,
         0.0000000e+00],
        [0.0000000e+00, 7.3105860e-01, 3.4411674e-13, 0.0000000e+00,
         0.0000000e+00, 5.0000000e-01, 6.0701563e-37, 7.3105860e-01,
         0.0000000e+00],
        [3.1353178e-35, 7.3105860e-01, 7.7469741e-12, 0.0000000e+00,
         0.0000000e+00, 5.0000000e-01, 0.0000000e+00, 7.3105860e-01,
         0.0000000e+00],
        [3.3926856e-36, 7.3105860e-01, 6.6159231e-11, 0.0000000e+00,
         0.0000000e+00, 5.0000000e-01, 0.0000000e+00, 7.3105860e-01,
         0.0000000e+00],
        [1.4960279e-26, 7.3105860e-01, 2.8082311e-12, 0.0000000e+00,
         0.0000000e+00, 5.0000000e-01, 0.0000000e+00, 7.3105860e-01,
         0.0000000e+00],
        [4.0808458e-33, 7.3105860e-01, 1.8338746e-14, 0.0000000e+00,
         0.0000000e+00, 5.0000000e-01, 0.0000000e+00, 7.3105860e-01,
         0.0000000e+00],
        [8.7357396e-36, 7.3105860e-01, 5.5774465e-12, 0.0000000e+00,
         0.0000000e+00, 5.0000000e-01, 1.2978808e-36, 7.3105860e-01,
         0.0000000e+00],
        [5.8880965e-37, 7.3105860e-01, 4.4547352e-11, 0.0000000e+00,
         0.0000000e+00, 5.0000000e-01, 0.0000000e+00, 7.3105860e-01,
         0.0000000e+00],
        [8.0667353e-36, 7.3105860e-01, 4.9444151e-09, 0.0000000e+00,
         0.0000000e+00, 5.0000000e-01, 0.0000000e+00, 7.3105860e-01,
         0.0000000e+00],
        [2.7586336e-36, 7.3105860e-01, 1.4758891e-06, 0.0000000e+00,
         0.0000000e+00, 5.0000000e-01, 0.0000000e+00, 7.3105860e-01,
         0.0000000e+00],
        [1.8584914e-37, 7.3105860e-01, 2.6062557e-08, 0.0000000e+00,
         0.0000000e+00, 5.0000000e-01, 0.0000000e+00, 7.3105860e-01,
         0.0000000e+00],
        [9.4662692e-33, 7.3105860e-01, 3.6295244e-01, 0.0000000e+00,
         0.0000000e+00, 5.0000000e-01, 0.0000000e+00, 7.3105860e-01,
         0.0000000e+00],
        [2.2172112e-33, 7.3105860e-01, 1.5404820e-04, 0.0000000e+00,
         0.0000000e+00, 5.0000000e-01, 1.1791300e-38, 7.3105860e-01,
         0.0000000e+00],
        [1.6782822e-31, 7.3105860e-01, 2.4054151e-07, 0.0000000e+00,
         0.0000000e+00, 5.0000000e-01, 1.1990215e-35, 7.3105860e-01,
         0.0000000e+00],
        [1.3007874e-35, 7.3105860e-01, 3.0644467e-09, 0.0000000e+00,
         0.0000000e+00, 5.0000000e-01, 1.5115515e-38, 7.3105860e-01,
         0.0000000e+00],
        [0.0000000e+00, 7.3105860e-01, 4.5110810e-06, 0.0000000e+00,
         0.0000000e+00, 5.0000000e-01, 5.6487776e-37, 7.3105860e-01,
         0.0000000e+00]]], dtype=float32), array([[[0.0000000e+00, 8.3152119e-22, 4.9998069e-01, 2.2283400e-23,
         0.0000000e+00, 5.0000000e-01, 6.7631352e-01, 1.4018265e-35,
         0.0000000e+00],
        [6.6789657e-10, 7.3105860e-01, 4.6864376e-22, 0.0000000e+00,
         0.0000000e+00, 1.4001100e-10, 0.0000000e+00, 7.3045814e-01,
         1.9667356e-37],
        [5.0000000e-01, 7.3105860e-01, 6.0825944e-03, 0.0000000e+00,
         0.0000000e+00, 5.0000000e-01, 0.0000000e+00, 7.3105860e-01,
         3.9449032e-33],
        [5.0000000e-01, 7.3105860e-01, 1.5090074e-37, 8.4638624e-35,
         0.0000000e+00, 2.0198452e-22, 0.0000000e+00, 7.3105860e-01,
         0.0000000e+00],
        [5.0000000e-01, 7.3105842e-01, 0.0000000e+00, 9.3115704e-32,
         0.0000000e+00, 1.4351237e-10, 0.0000000e+00, 7.3105860e-01,
         4.9391763e-38],
        [5.0000000e-01, 7.3105848e-01, 0.0000000e+00, 1.4166982e-27,
         0.0000000e+00, 8.7028099e-08, 0.0000000e+00, 7.3105860e-01,
         2.9884323e-32],
        [5.0000000e-01, 7.3105454e-01, 0.0000000e+00, 5.6488771e-35,
         0.0000000e+00, 3.7860658e-16, 0.0000000e+00, 7.3105860e-01,
         1.4890182e-35],
        [5.0000000e-01, 7.3105860e-01, 0.0000000e+00, 1.0289355e-32,
         0.0000000e+00, 1.0515653e-08, 0.0000000e+00, 7.3105860e-01,
         1.7356601e-30],
        [5.0000000e-01, 6.9861001e-01, 0.0000000e+00, 9.0738494e-34,
         0.0000000e+00, 4.8356330e-01, 0.0000000e+00, 7.3105860e-01,
         3.3149964e-29],
        [5.0000000e-01, 7.3105860e-01, 0.0000000e+00, 7.7137610e-35,
         0.0000000e+00, 4.9922529e-01, 0.0000000e+00, 7.3105860e-01,
         4.2980794e-30],
        [5.0000000e-01, 7.3104978e-01, 0.0000000e+00, 9.3838935e-33,
         0.0000000e+00, 4.9922675e-01, 0.0000000e+00, 7.3105860e-01,
         3.5882909e-34],
        [5.0000000e-01, 7.3098874e-01, 0.0000000e+00, 1.0795471e-32,
         0.0000000e+00, 4.9958888e-01, 0.0000000e+00, 7.3105860e-01,
         7.8751096e-35],
        [5.0000000e-01, 6.4802802e-01, 0.0000000e+00, 7.8475195e-34,
         0.0000000e+00, 1.1556888e-06, 0.0000000e+00, 7.3105860e-01,
         6.9405044e-34],
        [5.0000000e-01, 7.3105854e-01, 0.0000000e+00, 0.0000000e+00,
         0.0000000e+00, 4.9426299e-01, 0.0000000e+00, 7.3105860e-01,
         8.9827440e-32],
        [5.0000000e-01, 7.3105860e-01, 0.0000000e+00, 1.3549553e-36,
         0.0000000e+00, 4.9999219e-01, 0.0000000e+00, 7.3105860e-01,
         5.6792413e-38],
        [5.0000000e-01, 5.0478864e-01, 0.0000000e+00, 5.9619016e-36,
         0.0000000e+00, 3.0331391e-01, 0.0000000e+00, 7.3105860e-01,
         5.3193747e-37],
        [5.0000000e-01, 7.3105860e-01, 0.0000000e+00, 1.1889451e-35,
         0.0000000e+00, 5.0000000e-01, 0.0000000e+00, 7.3105860e-01,
         3.5407514e-38],
        [5.0000000e-01, 7.3092675e-01, 0.0000000e+00, 0.0000000e+00,
         0.0000000e+00, 2.1308185e-08, 0.0000000e+00, 7.3105860e-01,
         7.5169371e-37],
        [5.0000000e-01, 7.3105860e-01, 0.0000000e+00, 5.6881440e-38,
         0.0000000e+00, 9.3415380e-05, 0.0000000e+00, 7.3105860e-01,
         5.9051868e-34],
        [5.0000000e-01, 7.3105860e-01, 0.0000000e+00, 9.7813709e-37,
         0.0000000e+00, 4.9997503e-01, 0.0000000e+00, 7.3105860e-01,
         1.2219253e-38],
        [5.0000000e-01, 5.0000119e-01, 0.0000000e+00, 1.6226951e-31,
         0.0000000e+00, 1.8055278e-01, 0.0000000e+00, 7.3105860e-01,
         3.2759990e-37],
        [5.0000000e-01, 7.3095584e-01, 0.0000000e+00, 8.5279862e-36,
         0.0000000e+00, 1.6658768e-02, 0.0000000e+00, 7.3105860e-01,
         1.4383994e-34],
        [5.0000000e-01, 5.0661755e-01, 0.0000000e+00, 0.0000000e+00,
         0.0000000e+00, 3.8110148e-10, 0.0000000e+00, 7.3105860e-01,
         9.1203015e-37],
        [5.0000000e-01, 7.3105860e-01, 0.0000000e+00, 0.0000000e+00,
         0.0000000e+00, 5.4806915e-06, 0.0000000e+00, 7.3105860e-01,
         0.0000000e+00],
        [5.0000000e-01, 7.0166528e-01, 0.0000000e+00, 2.7834752e-31,
         0.0000000e+00, 3.7555838e-09, 0.0000000e+00, 7.3105860e-01,
         1.3265028e-32],
        [5.0000000e-01, 7.3087502e-01, 0.0000000e+00, 4.1856977e-33,
         0.0000000e+00, 1.8934019e-05, 0.0000000e+00, 7.3105860e-01,
         0.0000000e+00],
        [5.0000000e-01, 7.3105663e-01, 0.0000000e+00, 2.9772024e-38,
         0.0000000e+00, 4.9998635e-01, 0.0000000e+00, 7.3105860e-01,
         6.3903900e-34],
        [5.0000000e-01, 7.3080605e-01, 0.0000000e+00, 0.0000000e+00,
         0.0000000e+00, 8.5598413e-06, 0.0000000e+00, 7.3105860e-01,
         5.4055559e-38],
        [5.0000000e-01, 7.3095286e-01, 0.0000000e+00, 0.0000000e+00,
         0.0000000e+00, 1.3048947e-04, 0.0000000e+00, 7.3105860e-01,
         1.4908568e-34],
        [5.0000000e-01, 7.3084563e-01, 0.0000000e+00, 2.2479808e-29,
         0.0000000e+00, 2.3573324e-01, 0.0000000e+00, 7.3105860e-01,
         6.3218697e-34],
        [5.0000000e-01, 6.6637772e-01, 0.0000000e+00, 3.1034382e-31,
         0.0000000e+00, 4.9998778e-01, 0.0000000e+00, 7.3105860e-01,
         6.7139984e-36],
        [5.0000000e-01, 5.0000024e-01, 0.0000000e+00, 2.0576383e-35,
         0.0000000e+00, 8.2121491e-03, 0.0000000e+00, 7.3105860e-01,
         2.5079652e-30]]], dtype=float32), array([[[nan, nan, nan, nan, nan, nan, nan, nan, nan],
        [nan, nan, nan, nan, nan, nan, nan, nan, nan],
        [nan, nan, nan, nan, nan, nan, nan, nan, nan],
        [nan, nan, nan, nan, nan, nan, nan, nan, nan],
        [nan, nan, nan, nan, nan, nan, nan, nan, nan],
        [nan, nan, nan, nan, nan, nan, nan, nan, nan],
        [nan, nan, nan, nan, nan, nan, nan, nan, nan],
        [nan, nan, nan, nan, nan, nan, nan, nan, nan],
        [nan, nan, nan, nan, nan, nan, nan, nan, nan],
        [nan, nan, nan, nan, nan, nan, nan, nan, nan],
        [nan, nan, nan, nan, nan, nan, nan, nan, nan],
        [nan, nan, nan, nan, nan, nan, nan, nan, nan],
        [nan, nan, nan, nan, nan, nan, nan, nan, nan],
        [nan, nan, nan, nan, nan, nan, nan, nan, nan],
        [nan, nan, nan, nan, nan, nan, nan, nan, nan],
        [nan, nan, nan, nan, nan, nan, nan, nan, nan],
        [nan, nan, nan, nan, nan, nan, nan, nan, nan],
        [nan, nan, nan, nan, nan, nan, nan, nan, nan],
        [nan, nan, nan, nan, nan, nan, nan, nan, nan],
        [nan, nan, nan, nan, nan, nan, nan, nan, nan],
        [nan, nan, nan, nan, nan, nan, nan, nan, nan],
        [nan, nan, nan, nan, nan, nan, nan, nan, nan],
        [nan, nan, nan, nan, nan, nan, nan, nan, nan],
        [nan, nan, nan, nan, nan, nan, nan, nan, nan],
        [nan, nan, nan, nan, nan, nan, nan, nan, nan],
        [nan, nan, nan, nan, nan, nan, nan, nan, nan],
        [nan, nan, nan, nan, nan, nan, nan, nan, nan],
        [nan, nan, nan, nan, nan, nan, nan, nan, nan],
        [nan, nan, nan, nan, nan, nan, nan, nan, nan],
        [nan, nan, nan, nan, nan, nan, nan, nan, nan],
        [nan, nan, nan, nan, nan, nan, nan, nan, nan],
        [nan, nan, nan, nan, nan, nan, nan, nan, nan]]], dtype=float32), array([[[nan, nan, nan, nan, nan, nan, nan, nan, nan],
        [nan, nan, nan, nan, nan, nan, nan, nan, nan],
        [nan, nan, nan, nan, nan, nan, nan, nan, nan],
        [nan, nan, nan, nan, nan, nan, nan, nan, nan],
        [nan, nan, nan, nan, nan, nan, nan, nan, nan],
        [nan, nan, nan, nan, nan, nan, nan, nan, nan],
        [nan, nan, nan, nan, nan, nan, nan, nan, nan],
        [nan, nan, nan, nan, nan, nan, nan, nan, nan],
        [nan, nan, nan, nan, nan, nan, nan, nan, nan],
        [nan, nan, nan, nan, nan, nan, nan, nan, nan],
        [nan, nan, nan, nan, nan, nan, nan, nan, nan],
        [nan, nan, nan, nan, nan, nan, nan, nan, nan],
        [nan, nan, nan, nan, nan, nan, nan, nan, nan],
        [nan, nan, nan, nan, nan, nan, nan, nan, nan],
        [nan, nan, nan, nan, nan, nan, nan, nan, nan],
        [nan, nan, nan, nan, nan, nan, nan, nan, nan],
        [nan, nan, nan, nan, nan, nan, nan, nan, nan],
        [nan, nan, nan, nan, nan, nan, nan, nan, nan],
        [nan, nan, nan, nan, nan, nan, nan, nan, nan],
        [nan, nan, nan, nan, nan, nan, nan, nan, nan],
        [nan, nan, nan, nan, nan, nan, nan, nan, nan],
        [nan, nan, nan, nan, nan, nan, nan, nan, nan],
        [nan, nan, nan, nan, nan, nan, nan, nan, nan],
        [nan, nan, nan, nan, nan, nan, nan, nan, nan],
        [nan, nan, nan, nan, nan, nan, nan, nan, nan],
        [nan, nan, nan, nan, nan, nan, nan, nan, nan],
        [nan, nan, nan, nan, nan, nan, nan, nan, nan],
        [nan, nan, nan, nan, nan, nan, nan, nan, nan],
        [nan, nan, nan, nan, nan, nan, nan, nan, nan],
        [nan, nan, nan, nan, nan, nan, nan, nan, nan],
        [nan, nan, nan, nan, nan, nan, nan, nan, nan],
        [nan, nan, nan, nan, nan, nan, nan, nan, nan]]], dtype=float32), array([[[nan, nan, nan, nan, nan, nan, nan, nan, nan],
        [nan, nan, nan, nan, nan, nan, nan, nan, nan],
        [nan, nan, nan, nan, nan, nan, nan, nan, nan],
        [nan, nan, nan, nan, nan, nan, nan, nan, nan],
        [nan, nan, nan, nan, nan, nan, nan, nan, nan],
        [nan, nan, nan, nan, nan, nan, nan, nan, nan],
        [nan, nan, nan, nan, nan, nan, nan, nan, nan],
        [nan, nan, nan, nan, nan, nan, nan, nan, nan],
        [nan, nan, nan, nan, nan, nan, nan, nan, nan],
        [nan, nan, nan, nan, nan, nan, nan, nan, nan],
        [nan, nan, nan, nan, nan, nan, nan, nan, nan],
        [nan, nan, nan, nan, nan, nan, nan, nan, nan],
        [nan, nan, nan, nan, nan, nan, nan, nan, nan],
        [nan, nan, nan, nan, nan, nan, nan, nan, nan],
        [nan, nan, nan, nan, nan, nan, nan, nan, nan],
        [nan, nan, nan, nan, nan, nan, nan, nan, nan],
        [nan, nan, nan, nan, nan, nan, nan, nan, nan],
        [nan, nan, nan, nan, nan, nan, nan, nan, nan],
        [nan, nan, nan, nan, nan, nan, nan, nan, nan],
        [nan, nan, nan, nan, nan, nan, nan, nan, nan],
        [nan, nan, nan, nan, nan, nan, nan, nan, nan],
        [nan, nan, nan, nan, nan, nan, nan, nan, nan],
        [nan, nan, nan, nan, nan, nan, nan, nan, nan],
        [nan, nan, nan, nan, nan, nan, nan, nan, nan],
        [nan, nan, nan, nan, nan, nan, nan, nan, nan],
        [nan, nan, nan, nan, nan, nan, nan, nan, nan],
        [nan, nan, nan, nan, nan, nan, nan, nan, nan],
        [nan, nan, nan, nan, nan, nan, nan, nan, nan],
        [nan, nan, nan, nan, nan, nan, nan, nan, nan],
        [nan, nan, nan, nan, nan, nan, nan, nan, nan],
        [nan, nan, nan, nan, nan, nan, nan, nan, nan],
        [nan, nan, nan, nan, nan, nan, nan, nan, nan]]], dtype=float32), array([[[nan, nan, nan, nan, nan, nan, nan, nan, nan],
        [nan, nan, nan, nan, nan, nan, nan, nan, nan],
        [nan, nan, nan, nan, nan, nan, nan, nan, nan],
        [nan, nan, nan, nan, nan, nan, nan, nan, nan],
        [nan, nan, nan, nan, nan, nan, nan, nan, nan],
        [nan, nan, nan, nan, nan, nan, nan, nan, nan],
        [nan, nan, nan, nan, nan, nan, nan, nan, nan],
        [nan, nan, nan, nan, nan, nan, nan, nan, nan],
        [nan, nan, nan, nan, nan, nan, nan, nan, nan],
        [nan, nan, nan, nan, nan, nan, nan, nan, nan],
        [nan, nan, nan, nan, nan, nan, nan, nan, nan],
        [nan, nan, nan, nan, nan, nan, nan, nan, nan],
        [nan, nan, nan, nan, nan, nan, nan, nan, nan],
        [nan, nan, nan, nan, nan, nan, nan, nan, nan],
        [nan, nan, nan, nan, nan, nan, nan, nan, nan],
        [nan, nan, nan, nan, nan, nan, nan, nan, nan],
        [nan, nan, nan, nan, nan, nan, nan, nan, nan],
        [nan, nan, nan, nan, nan, nan, nan, nan, nan],
        [nan, nan, nan, nan, nan, nan, nan, nan, nan],
        [nan, nan, nan, nan, nan, nan, nan, nan, nan],
        [nan, nan, nan, nan, nan, nan, nan, nan, nan],
        [nan, nan, nan, nan, nan, nan, nan, nan, nan],
        [nan, nan, nan, nan, nan, nan, nan, nan, nan],
        [nan, nan, nan, nan, nan, nan, nan, nan, nan],
        [nan, nan, nan, nan, nan, nan, nan, nan, nan],
        [nan, nan, nan, nan, nan, nan, nan, nan, nan],
        [nan, nan, nan, nan, nan, nan, nan, nan, nan],
        [nan, nan, nan, nan, nan, nan, nan, nan, nan],
        [nan, nan, nan, nan, nan, nan, nan, nan, nan],
        [nan, nan, nan, nan, nan, nan, nan, nan, nan],
        [nan, nan, nan, nan, nan, nan, nan, nan, nan],
        [nan, nan, nan, nan, nan, nan, nan, nan, nan]]], dtype=float32), array([[[nan, nan, nan, nan, nan, nan, nan, nan, nan],
        [nan, nan, nan, nan, nan, nan, nan, nan, nan],
        [nan, nan, nan, nan, nan, nan, nan, nan, nan],
        [nan, nan, nan, nan, nan, nan, nan, nan, nan],
        [nan, nan, nan, nan, nan, nan, nan, nan, nan],
        [nan, nan, nan, nan, nan, nan, nan, nan, nan],
        [nan, nan, nan, nan, nan, nan, nan, nan, nan],
        [nan, nan, nan, nan, nan, nan, nan, nan, nan],
        [nan, nan, nan, nan, nan, nan, nan, nan, nan],
        [nan, nan, nan, nan, nan, nan, nan, nan, nan],
        [nan, nan, nan, nan, nan, nan, nan, nan, nan],
        [nan, nan, nan, nan, nan, nan, nan, nan, nan],
        [nan, nan, nan, nan, nan, nan, nan, nan, nan],
        [nan, nan, nan, nan, nan, nan, nan, nan, nan],
        [nan, nan, nan, nan, nan, nan, nan, nan, nan],
        [nan, nan, nan, nan, nan, nan, nan, nan, nan],
        [nan, nan, nan, nan, nan, nan, nan, nan, nan],
        [nan, nan, nan, nan, nan, nan, nan, nan, nan],
        [nan, nan, nan, nan, nan, nan, nan, nan, nan],
        [nan, nan, nan, nan, nan, nan, nan, nan, nan],
        [nan, nan, nan, nan, nan, nan, nan, nan, nan],
        [nan, nan, nan, nan, nan, nan, nan, nan, nan],
        [nan, nan, nan, nan, nan, nan, nan, nan, nan],
        [nan, nan, nan, nan, nan, nan, nan, nan, nan],
        [nan, nan, nan, nan, nan, nan, nan, nan, nan],
        [nan, nan, nan, nan, nan, nan, nan, nan, nan],
        [nan, nan, nan, nan, nan, nan, nan, nan, nan],
        [nan, nan, nan, nan, nan, nan, nan, nan, nan],
        [nan, nan, nan, nan, nan, nan, nan, nan, nan],
        [nan, nan, nan, nan, nan, nan, nan, nan, nan],
        [nan, nan, nan, nan, nan, nan, nan, nan, nan],
        [nan, nan, nan, nan, nan, nan, nan, nan, nan]]], dtype=float32)]