[array([[[2.54034698e-01, 3.77040476e-01, 3.71366829e-01, 1.77224934e-01,
         1.99682698e-01, 1.98405623e-01, 2.75633633e-01, 1.44322380e-01,
         3.49546850e-01],
        [2.46277303e-01, 6.38856828e-01, 6.12288892e-01, 4.11393419e-02,
         4.66700345e-02, 5.14243394e-02, 2.63456762e-01, 1.51940519e-02,
         4.99355078e-01],
        [1.60698324e-01, 8.23527098e-01, 7.96371579e-01, 5.98627841e-03,
         4.60187998e-03, 9.67675354e-03, 2.18976334e-01, 6.70689857e-04,
         5.63315690e-01],
        [1.12166725e-01, 9.14902866e-01, 8.90481055e-01, 2.43706885e-03,
         1.14880630e-03, 3.79081257e-03, 1.98361844e-01, 1.13824404e-04,
         5.63924432e-01],
        [9.72859338e-02, 9.60718572e-01, 9.41371441e-01, 1.98060274e-03,
         7.35453388e-04, 2.80804187e-03, 1.90371811e-01, 6.57227065e-05,
         5.52314222e-01],
        [9.28878337e-02, 9.82130110e-01, 9.68151867e-01, 1.92355725e-03,
         6.52214803e-04, 2.59949407e-03, 1.85424224e-01, 5.78918189e-05,
         5.41250587e-01],
        [9.22099948e-02, 9.91789699e-01, 9.82001543e-01, 1.90111750e-03,
         6.23279368e-04, 2.51024705e-03, 1.84211999e-01, 5.53454338e-05,
         5.32945335e-01],
        [9.19035524e-02, 9.96082366e-01, 9.89098251e-01, 1.90797541e-03,
         6.14481629e-04, 2.49865255e-03, 1.82925567e-01, 5.50748446e-05,
         5.26885569e-01],
        [9.21830535e-02, 9.97983634e-01, 9.92761135e-01, 1.90543965e-03,
         6.07247814e-04, 2.48384336e-03, 1.83021292e-01, 5.45744588e-05,
         5.22598624e-01],
        [9.23129171e-02, 9.98827934e-01, 9.94645059e-01, 1.90356805e-03,
         6.03401393e-04, 2.46906583e-03, 1.83130801e-01, 5.45139264e-05,
         5.19672275e-01],
        [9.23982561e-02, 9.99203026e-01, 9.95645821e-01, 1.89727114e-03,
         5.99701074e-04, 2.45695864e-03, 1.83483183e-01, 5.41730842e-05,
         5.17640948e-01],
        [9.27102938e-02, 9.99367177e-01, 9.96147275e-01, 1.90756458e-03,
         6.00568077e-04, 2.46480387e-03, 1.82824492e-01, 5.49393699e-05,
         5.16129792e-01],
        [9.25613269e-02, 9.99442637e-01, 9.96413231e-01, 1.91172992e-03,
         5.99002640e-04, 2.46352702e-03, 1.82943508e-01, 5.51476442e-05,
         5.15088737e-01],
        [9.28725153e-02, 9.99476552e-01, 9.96564507e-01, 1.91176822e-03,
         5.97646169e-04, 2.45263823e-03, 1.82857826e-01, 5.54421094e-05,
         5.14370203e-01],
        [9.30672809e-02, 9.99493003e-01, 9.96636033e-01, 1.90535176e-03,
         5.95096033e-04, 2.44571758e-03, 1.83492243e-01, 5.51034209e-05,
         5.13917148e-01],
        [9.33712944e-02, 9.99500155e-01, 9.96691108e-01, 1.91018486e-03,
         5.92590251e-04, 2.44257436e-03, 1.83609337e-01, 5.52770034e-05,
         5.13542056e-01],
        [9.35905799e-02, 9.99503851e-01, 9.96708095e-01, 1.90801942e-03,
         5.91918477e-04, 2.44051125e-03, 1.84066743e-01, 5.52266538e-05,
         5.13300896e-01],
        [9.38673317e-02, 9.99505877e-01, 9.96726811e-01, 1.89861632e-03,
         5.90143609e-04, 2.43323296e-03, 1.84344038e-01, 5.52520396e-05,
         5.13144314e-01],
        [9.37435925e-02, 9.99506354e-01, 9.96715844e-01, 1.90134265e-03,
         5.89831034e-04, 2.43023224e-03, 1.84574932e-01, 5.51520025e-05,
         5.13072729e-01],
        [9.41557884e-02, 9.99506235e-01, 9.96722341e-01, 1.90484256e-03,
         5.89130854e-04, 2.43860832e-03, 1.84480965e-01, 5.54015642e-05,
         5.12933016e-01],
        [9.38198119e-02, 9.99503732e-01, 9.96703446e-01, 1.91468559e-03,
         5.92994329e-04, 2.45245243e-03, 1.83960170e-01, 5.63227295e-05,
         5.12770355e-01],
        [9.38219652e-02, 9.99503970e-01, 9.96699274e-01, 1.91463274e-03,
         5.93576231e-04, 2.44919653e-03, 1.83960602e-01, 5.65231676e-05,
         5.12667179e-01],
        [9.43708047e-02, 9.99510407e-01, 9.96711135e-01, 1.90419413e-03,
         5.87446732e-04, 2.43028137e-03, 1.84892178e-01, 5.57693893e-05,
         5.12685716e-01],
        [9.47162509e-02, 9.99510288e-01, 9.96731937e-01, 1.90161250e-03,
         5.86415408e-04, 2.41123489e-03, 1.85309231e-01, 5.53200480e-05,
         5.12741327e-01],
        [9.46480110e-02, 9.99508262e-01, 9.96727347e-01, 1.89371640e-03,
         5.84686350e-04, 2.40601366e-03, 1.85375005e-01, 5.53666614e-05,
         5.12754738e-01],
        [9.47134867e-02, 9.99508619e-01, 9.96715486e-01, 1.89498044e-03,
         5.85805275e-04, 2.41360138e-03, 1.85563475e-01, 5.55740698e-05,
         5.12763143e-01],
        [9.49644521e-02, 9.99509692e-01, 9.96718466e-01, 1.89227553e-03,
         5.84223832e-04, 2.41468730e-03, 1.85765386e-01, 5.55659062e-05,
         5.12784302e-01],
        [9.53475758e-02, 9.99510050e-01, 9.96725023e-01, 1.88957201e-03,
         5.83567366e-04, 2.41506542e-03, 1.86313584e-01, 5.55274164e-05,
         5.12745380e-01],
        [9.48747769e-02, 9.99507189e-01, 9.96707439e-01, 1.90651044e-03,
         5.87922928e-04, 2.43090768e-03, 1.85163915e-01, 5.60194676e-05,
         5.12658477e-01],
        [9.48591754e-02, 9.99507666e-01, 9.96698022e-01, 1.90470112e-03,
         5.87043818e-04, 2.42633070e-03, 1.85213074e-01, 5.62621863e-05,
         5.12646616e-01],
        [9.49463621e-02, 9.99508977e-01, 9.96722400e-01, 1.90140645e-03,
         5.84462774e-04, 2.42002448e-03, 1.85591012e-01, 5.57946223e-05,
         5.12639761e-01],
        [9.53750908e-02, 9.99512136e-01, 9.96713936e-01, 1.88470446e-03,
         5.83372661e-04, 2.41005816e-03, 1.86313853e-01, 5.54711514e-05,
         5.12730956e-01]]], dtype=float32), array([[[4.60593365e-02, 6.45027161e-01, 5.91048539e-01, 1.42913600e-02,
         1.71346739e-02, 1.47803500e-02, 2.47018524e-02, 4.78893379e-03,
         1.51196182e-01],
        [1.91165286e-03, 8.36307466e-01, 7.58027315e-01, 5.94106037e-04,
         8.45344854e-04, 5.69675001e-04, 1.72989967e-04, 1.16135685e-04,
         1.66502465e-02],
        [8.34161998e-04, 9.27633286e-01, 8.43042552e-01, 3.64700798e-04,
         6.35600940e-04, 3.90460656e-04, 3.52747047e-05, 9.22349573e-05,
         3.21254786e-03],
        [9.22347594e-04, 9.69138443e-01, 8.95357072e-01, 4.02941223e-04,
         7.10913853e-04, 4.37061099e-04, 2.71672834e-05, 1.13705384e-04,
         1.56144402e-03],
        [1.03901478e-03, 9.86820459e-01, 9.28603768e-01, 4.34043672e-04,
         7.79097783e-04, 4.77991940e-04, 2.64734608e-05, 1.28797066e-04,
         1.15457887e-03],
        [1.13111059e-03, 9.94170249e-01, 9.49726701e-01, 4.58582042e-04,
         8.44823313e-04, 5.10161102e-04, 2.68152671e-05, 1.41224577e-04,
         9.78013617e-04],
        [1.16677175e-03, 9.97221649e-01, 9.63641584e-01, 4.63274337e-04,
         8.71147902e-04, 5.19240217e-04, 2.69256398e-05, 1.44693360e-04,
         9.22730018e-04],
        [1.19994429e-03, 9.98484254e-01, 9.72701669e-01, 4.69253078e-04,
         8.96585756e-04, 5.28290228e-04, 2.71091722e-05, 1.48576131e-04,
         8.85208545e-04],
        [1.22152304e-03, 9.99007404e-01, 9.78652358e-01, 4.72896296e-04,
         9.19796119e-04, 5.34806866e-04, 2.71667759e-05, 1.51618427e-04,
         8.63050402e-04],
        [1.24180526e-03, 9.99223948e-01, 9.82593715e-01, 4.78037080e-04,
         9.44306783e-04, 5.42514143e-04, 2.72311845e-05, 1.55049362e-04,
         8.42903915e-04],
        [1.24526233e-03, 9.99317110e-01, 9.85369146e-01, 4.75891284e-04,
         9.50507063e-04, 5.41207264e-04, 2.71573244e-05, 1.55453425e-04,
         8.44543043e-04],
        [1.25153607e-03, 9.99355257e-01, 9.87238526e-01, 4.76043206e-04,
         9.60422447e-04, 5.43899427e-04, 2.70885739e-05, 1.56381444e-04,
         8.40966648e-04],
        [1.24848075e-03, 9.99374270e-01, 9.88663018e-01, 4.69430292e-04,
         9.54715069e-04, 5.40490728e-04, 2.69628035e-05, 1.54567417e-04,
         8.50190525e-04],
        [1.24646875e-03, 9.99381542e-01, 9.89642680e-01, 4.66949627e-04,
         9.52830480e-04, 5.39022032e-04, 2.68645417e-05, 1.53922709e-04,
         8.55584745e-04],
        [1.25685567e-03, 9.99382734e-01, 9.90239918e-01, 4.70682513e-04,
         9.66059742e-04, 5.42781490e-04, 2.69694938e-05, 1.55764195e-04,
         8.44557828e-04],
        [1.26921001e-03, 9.99380171e-01, 9.90587771e-01, 4.76614048e-04,
         9.84477927e-04, 5.49291610e-04, 2.70439796e-05, 1.58730749e-04,
         8.30818899e-04],
        [1.27189234e-03, 9.99380231e-01, 9.90938425e-01, 4.75453242e-04,
         9.85408784e-04, 5.49326069e-04, 2.69810716e-05, 1.58551280e-04,
         8.31966288e-04],
        [1.27119187e-03, 9.99382079e-01, 9.91212487e-01, 4.74813336e-04,
         9.86779807e-04, 5.47872274e-04, 2.69443262e-05, 1.58416457e-04,
         8.32025893e-04],
        [1.28409755e-03, 9.99378681e-01, 9.91295278e-01, 4.79983137e-04,
         1.00276433e-03, 5.54340484e-04, 2.70326327e-05, 1.61068572e-04,
         8.21162888e-04],
        [1.27014844e-03, 9.99382555e-01, 9.91572082e-01, 4.72353742e-04,
         9.87453619e-04, 5.48361044e-04, 2.68503372e-05, 1.58087118e-04,
         8.36868829e-04],
        [1.27227954e-03, 9.99381900e-01, 9.91675317e-01, 4.72949789e-04,
         9.87991109e-04, 5.48825599e-04, 2.68400236e-05, 1.58534691e-04,
         8.35795887e-04],
        [1.26296526e-03, 9.99384522e-01, 9.91847992e-01, 4.68453742e-04,
         9.81324003e-04, 5.44929586e-04, 2.67872492e-05, 1.56646769e-04,
         8.45541304e-04],
        [1.27710775e-03, 9.99380589e-01, 9.91791964e-01, 4.74993925e-04,
         9.96394781e-04, 5.50929690e-04, 2.68861659e-05, 1.59402989e-04,
         8.31325422e-04],
        [1.28072919e-03, 9.99379039e-01, 9.91788626e-01, 4.77653521e-04,
         1.00265688e-03, 5.53546182e-04, 2.69336761e-05, 1.60347699e-04,
         8.26631556e-04],
        [1.28442515e-03, 9.99378204e-01, 9.91791487e-01, 4.78447502e-04,
         1.00737961e-03, 5.55167557e-04, 2.69467128e-05, 1.60962183e-04,
         8.23502371e-04],
        [1.28829980e-03, 9.99378085e-01, 9.91796613e-01, 4.79987997e-04,
         1.01195183e-03, 5.56344166e-04, 2.69929642e-05, 1.61846605e-04,
         8.19136214e-04],
        [1.27901544e-03, 9.99380052e-01, 9.91922081e-01, 4.75075329e-04,
         1.00103242e-03, 5.51740581e-04, 2.68738713e-05, 1.59884105e-04,
         8.30014120e-04],
        [1.27779320e-03, 9.99380887e-01, 9.91960287e-01, 4.74118191e-04,
         9.98072443e-04, 5.51470206e-04, 2.68596141e-05, 1.59343515e-04,
         8.32487713e-04],
        [1.27479783e-03, 9.99381781e-01, 9.92013276e-01, 4.72295389e-04,
         9.94964619e-04, 5.49938995e-04, 2.68305484e-05, 1.58908559e-04,
         8.35631916e-04],
        [1.27783790e-03, 9.99381065e-01, 9.91994977e-01, 4.75444715e-04,
         9.97803640e-04, 5.51414734e-04, 2.68497060e-05, 1.59718082e-04,
         8.31623445e-04],
        [1.29728601e-03, 9.99374747e-01, 9.91803885e-01, 4.84855671e-04,
         1.02451525e-03, 5.61154913e-04, 2.70667078e-05, 1.64123587e-04,
         8.09718622e-04],
        [1.30508037e-03, 9.99372184e-01, 9.91713762e-01, 4.88579681e-04,
         1.03718566e-03, 5.64373273e-04, 2.70952369e-05, 1.65803023e-04,
         8.03311123e-04]]], dtype=float32), array([[[1.83758233e-02, 6.21248603e-01, 4.50373948e-01, 1.13238981e-02,
         3.32269631e-03, 2.37535452e-03, 2.67735519e-03, 1.20393909e-03,
         1.65273845e-02],
        [2.07010703e-03, 7.47131705e-01, 4.04556394e-01, 3.68032325e-03,
         1.85107594e-04, 1.11218134e-04, 1.28467545e-05, 9.50637477e-05,
         8.88408831e-05],
        [1.26360022e-02, 7.17395306e-01, 3.48403715e-02, 2.54558533e-01,
         6.29888009e-03, 1.53859681e-03, 3.29870854e-05, 7.42522581e-03,
         3.59119062e-04],
        [5.86175025e-02, 4.10343468e-01, 1.00386068e-02, 6.87597513e-01,
         1.22641372e-02, 1.40421940e-02, 2.36055756e-04, 3.56611237e-02,
         1.08872028e-03],
        [3.11663210e-01, 8.50526541e-02, 5.44043304e-03, 8.38756740e-01,
         4.51014452e-02, 8.38731974e-02, 1.87474943e-03, 6.78319186e-02,
         7.00329524e-03],
        [6.56464875e-01, 2.64987219e-02, 5.03073307e-03, 9.06862855e-01,
         1.40308470e-01, 2.85716176e-01, 9.01678111e-03, 7.93490708e-02,
         3.73928845e-02],
        [8.10422301e-01, 2.12835837e-02, 6.07218081e-03, 9.42014933e-01,
         2.17298850e-01, 4.03478771e-01, 1.79516487e-02, 7.04096556e-02,
         6.52979761e-02],
        [8.94017994e-01, 2.28723027e-02, 6.85024308e-03, 9.60615933e-01,
         2.57402211e-01, 4.40162063e-01, 2.42056344e-02, 6.22985251e-02,
         7.49814659e-02],
        [9.38941300e-01, 2.40028575e-02, 7.70060299e-03, 9.69839573e-01,
         2.75640577e-01, 4.57302868e-01, 2.73546260e-02, 5.69859892e-02,
         7.82355890e-02],
        [9.62322891e-01, 2.41467562e-02, 8.29159003e-03, 9.74565268e-01,
         2.83847272e-01, 4.68900949e-01, 2.82647610e-02, 5.65176792e-02,
         8.03063139e-02],
        [9.74408507e-01, 2.40881350e-02, 8.74783657e-03, 9.76899743e-01,
         2.87681252e-01, 4.76372451e-01, 2.83687245e-02, 5.72395250e-02,
         8.17724764e-02],
        [9.80622590e-01, 2.39773337e-02, 9.17394832e-03, 9.77968991e-01,
         2.89438099e-01, 4.80928808e-01, 2.83485930e-02, 5.80443293e-02,
         8.29572752e-02],
        [9.83771145e-01, 2.37059910e-02, 9.56934877e-03, 9.78233278e-01,
         2.90180653e-01, 4.83839124e-01, 2.87894905e-02, 5.86235151e-02,
         8.49525183e-02],
        [9.85243261e-01, 2.31598690e-02, 1.00070871e-02, 9.77778554e-01,
         2.90581644e-01, 4.85027105e-01, 2.98308991e-02, 5.85244521e-02,
         8.81176591e-02],
        [9.85728383e-01, 2.24993397e-02, 1.05077401e-02, 9.76844251e-01,
         2.90562510e-01, 4.85672027e-01, 3.12147718e-02, 5.80784790e-02,
         9.14336219e-02],
        [9.85759556e-01, 2.18798257e-02, 1.10036703e-02, 9.75904703e-01,
         2.90986955e-01, 4.86002922e-01, 3.24634314e-02, 5.77896088e-02,
         9.46458578e-02],
        [9.85656023e-01, 2.14858204e-02, 1.13366591e-02, 9.75153208e-01,
         2.91504532e-01, 4.86979812e-01, 3.37461606e-02, 5.79151027e-02,
         9.73345861e-02],
        [9.85598445e-01, 2.11363491e-02, 1.15097323e-02, 9.74709749e-01,
         2.92778313e-01, 4.88136739e-01, 3.49300876e-02, 5.84070347e-02,
         9.96963456e-02],
        [9.85571802e-01, 2.10338775e-02, 1.15966834e-02, 9.74498570e-01,
         2.93491036e-01, 4.89268899e-01, 3.56485434e-02, 5.88893481e-02,
         1.00903578e-01],
        [9.85481441e-01, 2.11114883e-02, 1.16392467e-02, 9.74362493e-01,
         2.93939024e-01, 4.90458518e-01, 3.62078696e-02, 5.93196973e-02,
         1.01259090e-01],
        [9.85444784e-01, 2.11843941e-02, 1.16819348e-02, 9.74301994e-01,
         2.94402301e-01, 4.91343886e-01, 3.67366709e-02, 5.95520400e-02,
         1.01622984e-01],
        [9.85432088e-01, 2.12001801e-02, 1.16698593e-02, 9.74342644e-01,
         2.95394450e-01, 4.92418021e-01, 3.72674316e-02, 6.02153651e-02,
         1.02200083e-01],
        [9.85381424e-01, 2.13543568e-02, 1.16884364e-02, 9.74261820e-01,
         2.95948297e-01, 4.93322104e-01, 3.76503356e-02, 6.05788976e-02,
         1.02054782e-01],
        [9.85354483e-01, 2.14516465e-02, 1.16692819e-02, 9.74296689e-01,
         2.96679974e-01, 4.94488001e-01, 3.80878262e-02, 6.13305718e-02,
         1.02388903e-01],
        [9.85307634e-01, 2.15857960e-02, 1.17136110e-02, 9.74248648e-01,
         2.97354549e-01, 4.95449692e-01, 3.84114310e-02, 6.17988147e-02,
         1.02349326e-01],
        [9.85305488e-01, 2.16881838e-02, 1.17360335e-02, 9.74268913e-01,
         2.98134595e-01, 4.96537298e-01, 3.87781896e-02, 6.24309480e-02,
         1.02441572e-01],
        [9.85314131e-01, 2.18065232e-02, 1.17444573e-02, 9.74233747e-01,
         2.98509866e-01, 4.97167557e-01, 3.91674303e-02, 6.28500953e-02,
         1.02424592e-01],
        [9.85333323e-01, 2.18961183e-02, 1.17353015e-02, 9.74188805e-01,
         2.99636334e-01, 4.97964680e-01, 3.97060774e-02, 6.36042953e-02,
         1.02659158e-01],
        [9.85308051e-01, 2.21263021e-02, 1.17603038e-02, 9.74087179e-01,
         2.99976945e-01, 4.98801947e-01, 3.99037600e-02, 6.40967488e-02,
         1.02125652e-01],
        [9.85316038e-01, 2.22398024e-02, 1.17973899e-02, 9.73975956e-01,
         3.00648272e-01, 4.99546438e-01, 4.04535532e-02, 6.47766069e-02,
         1.02209225e-01],
        [9.85305369e-01, 2.23846883e-02, 1.17979338e-02, 9.73899186e-01,
         3.01272720e-01, 5.00552058e-01, 4.08568941e-02, 6.57450929e-02,
         1.02086484e-01],
        [9.85329568e-01, 2.25715898e-02, 1.17965909e-02, 9.73829329e-01,
         3.01854372e-01, 5.01356900e-01, 4.13868167e-02, 6.64856434e-02,
         1.02028459e-01]]], dtype=float32), array([[[1.83728322e-01, 3.51897210e-01, 2.73500741e-01, 1.74058750e-01,
         1.08152486e-01, 1.03701949e-01, 1.03434704e-01, 9.25901085e-02,
         1.47370204e-01],
        [4.30683456e-02, 4.26122338e-01, 5.20153232e-02, 1.56407565e-01,
         1.11255923e-03, 7.21888558e-04, 8.60102373e-05, 1.02221093e-03,
         6.88546163e-04],
        [6.94667935e-01, 6.43894915e-03, 2.31725769e-03, 7.89002657e-01,
         8.18888284e-03, 2.03149673e-02, 1.46063976e-03, 1.62403192e-02,
         1.41389715e-02],
        [8.51936758e-01, 4.30096034e-03, 5.08582266e-03, 8.83114457e-01,
         3.76851996e-03, 1.79077461e-02, 1.49415853e-03, 1.53477641e-03,
         3.62516753e-02],
        [9.25536394e-01, 5.80330193e-03, 5.33836521e-03, 9.29522932e-01,
         2.97302287e-03, 1.12535395e-02, 1.26729836e-03, 8.66159331e-04,
         3.89257371e-02],
        [9.59185362e-01, 7.05265487e-03, 4.94160084e-03, 9.51806903e-01,
         2.99858255e-03, 9.33072716e-03, 1.35705143e-03, 7.20985583e-04,
         3.87902185e-02],
        [9.72032070e-01, 7.59137329e-03, 4.74767946e-03, 9.60932374e-01,
         2.87649408e-03, 8.39737896e-03, 1.38484512e-03, 6.55825192e-04,
         3.74326445e-02],
        [9.76643145e-01, 7.83480890e-03, 4.67995135e-03, 9.64496613e-01,
         2.78509106e-03, 7.90987816e-03, 1.39787421e-03, 6.20117527e-04,
         3.64018045e-02],
        [9.78430212e-01, 7.95179699e-03, 4.62377770e-03, 9.66230035e-01,
         2.75706896e-03, 7.68238492e-03, 1.40288484e-03, 6.08533621e-04,
         3.60331424e-02],
        [9.79166329e-01, 8.04133993e-03, 4.58821747e-03, 9.67133880e-01,
         2.75071990e-03, 7.57406140e-03, 1.40325830e-03, 6.04746630e-04,
         3.58178914e-02],
        [9.79421854e-01, 8.12456384e-03, 4.57783137e-03, 9.67615008e-01,
         2.74960301e-03, 7.52419326e-03, 1.40153186e-03, 6.03807217e-04,
         3.56426723e-02],
        [9.79551136e-01, 8.15546792e-03, 4.55888873e-03, 9.67934310e-01,
         2.75487942e-03, 7.49732275e-03, 1.40255631e-03, 6.04462693e-04,
         3.56424078e-02],
        [9.79615390e-01, 8.16222560e-03, 4.54684114e-03, 9.68115151e-01,
         2.76477518e-03, 7.49123795e-03, 1.40353793e-03, 6.05476147e-04,
         3.56874354e-02],
        [9.79608774e-01, 8.18758085e-03, 4.54761600e-03, 9.68224883e-01,
         2.76349438e-03, 7.48285837e-03, 1.40329078e-03, 6.05252513e-04,
         3.56265232e-02],
        [9.79582012e-01, 8.19248240e-03, 4.54804441e-03, 9.68348622e-01,
         2.76157237e-03, 7.47197354e-03, 1.39958947e-03, 6.05133013e-04,
         3.55479643e-02],
        [9.79567826e-01, 8.20148177e-03, 4.55042114e-03, 9.68387008e-01,
         2.76432978e-03, 7.46946875e-03, 1.40026584e-03, 6.04939356e-04,
         3.55320685e-02],
        [9.79583502e-01, 8.20198841e-03, 4.55184141e-03, 9.68451440e-01,
         2.77027674e-03, 7.47255189e-03, 1.40170089e-03, 6.05117995e-04,
         3.55466194e-02],
        [9.79539752e-01, 8.21957830e-03, 4.55808779e-03, 9.68438566e-01,
         2.76483758e-03, 7.45922374e-03, 1.39670202e-03, 6.03850931e-04,
         3.53991911e-02],
        [9.79554355e-01, 8.21057241e-03, 4.55636019e-03, 9.68528807e-01,
         2.77140969e-03, 7.46096857e-03, 1.39968586e-03, 6.04849483e-04,
         3.54383178e-02],
        [9.79492128e-01, 8.22895486e-03, 4.56021959e-03, 9.68529999e-01,
         2.76412209e-03, 7.44899875e-03, 1.39559351e-03, 6.03686902e-04,
         3.53393741e-02],
        [9.79517817e-01, 8.21799133e-03, 4.55835322e-03, 9.68570352e-01,
         2.76644737e-03, 7.45432032e-03, 1.39708153e-03, 6.03806169e-04,
         3.54041979e-02],
        [9.79505301e-01, 8.21329746e-03, 4.55954904e-03, 9.68616724e-01,
         2.76659662e-03, 7.45147187e-03, 1.39595754e-03, 6.03657099e-04,
         3.53750959e-02],
        [9.79521692e-01, 8.21379386e-03, 4.55888640e-03, 9.68618453e-01,
         2.76926439e-03, 7.45138247e-03, 1.39900169e-03, 6.03418623e-04,
         3.54047976e-02],
        [9.79512215e-01, 8.22014082e-03, 4.56414465e-03, 9.68614638e-01,
         2.76826601e-03, 7.44953612e-03, 1.39819586e-03, 6.03448600e-04,
         3.53604592e-02],
        [9.79467034e-01, 8.23910534e-03, 4.57153842e-03, 9.68613148e-01,
         2.75999517e-03, 7.44449627e-03, 1.39630772e-03, 6.01868785e-04,
         3.52397114e-02],
        [9.79443789e-01, 8.24626535e-03, 4.57395287e-03, 9.68625844e-01,
         2.75686616e-03, 7.43814697e-03, 1.39365194e-03, 6.01123378e-04,
         3.51891145e-02],
        [9.79517817e-01, 8.20893608e-03, 4.56236349e-03, 9.68730032e-01,
         2.77167978e-03, 7.45043205e-03, 1.39901065e-03, 6.03925611e-04,
         3.53675894e-02],
        [9.79457915e-01, 8.23916588e-03, 4.57133073e-03, 9.68647003e-01,
         2.75962311e-03, 7.43981823e-03, 1.39599375e-03, 6.01555861e-04,
         3.52272391e-02],
        [9.79481101e-01, 8.22379999e-03, 4.56993328e-03, 9.68732476e-01,
         2.76546529e-03, 7.44271139e-03, 1.39745104e-03, 6.02301094e-04,
         3.52647267e-02],
        [9.79465842e-01, 8.22894555e-03, 4.57150675e-03, 9.68710661e-01,
         2.76354305e-03, 7.44040031e-03, 1.39721134e-03, 6.01347012e-04,
         3.52495238e-02],
        [9.79472697e-01, 8.22548941e-03, 4.57218708e-03, 9.68726218e-01,
         2.76321545e-03, 7.44437985e-03, 1.39749725e-03, 6.01749518e-04,
         3.52554098e-02],
        [9.79462028e-01, 8.23058281e-03, 4.57505789e-03, 9.68722582e-01,
         2.76267901e-03, 7.44020753e-03, 1.39716617e-03, 6.01704873e-04,
         3.52285318e-02]]], dtype=float32), array([[[2.0419872e-01, 1.3201745e-01, 2.9322902e-02, 1.6796030e-01,
         1.8853735e-03, 1.6113089e-03, 2.8945456e-04, 1.6302859e-03,
         3.5521544e-03],
        [7.7361745e-01, 1.4051843e-03, 3.6859671e-03, 6.6595089e-01,
         2.1408377e-03, 3.0569530e-03, 1.5335683e-03, 1.3682263e-03,
         1.4574076e-01],
        [8.9447218e-01, 4.0955767e-03, 4.9238699e-03, 4.0052134e-01,
         2.5083745e-04, 6.1649835e-04, 3.7252656e-04, 1.8149630e-04,
         1.2143000e-01],
        [9.5250833e-01, 4.2935987e-03, 5.2629174e-03, 3.6115190e-01,
         2.3080752e-04, 4.3319914e-04, 3.5262920e-04, 1.3992656e-04,
         1.3306105e-01],
        [9.7607976e-01, 4.2498908e-03, 5.4002744e-03, 3.4174207e-01,
         2.1602518e-04, 3.8171365e-04, 3.4726621e-04, 1.2930087e-04,
         1.3128339e-01],
        [9.8527157e-01, 4.2052390e-03, 5.4416414e-03, 3.3817092e-01,
         2.1086930e-04, 3.6621609e-04, 3.4429203e-04, 1.2721446e-04,
         1.2967648e-01],
        [9.8878437e-01, 4.1878312e-03, 5.4607429e-03, 3.3654267e-01,
         2.0784432e-04, 3.5921246e-04, 3.4128863e-04, 1.2633517e-04,
         1.2821108e-01],
        [9.9011195e-01, 4.1830186e-03, 5.4837600e-03, 3.3512756e-01,
         2.0584754e-04, 3.5536793e-04, 3.3949903e-04, 1.2593281e-04,
         1.2718679e-01],
        [9.9060154e-01, 4.1815392e-03, 5.4983995e-03, 3.3496022e-01,
         2.0499816e-04, 3.5335624e-04, 3.3867310e-04, 1.2569435e-04,
         1.2670314e-01],
        [9.9077964e-01, 4.1817538e-03, 5.4975175e-03, 3.3562696e-01,
         2.0517696e-04, 3.5265589e-04, 3.3876076e-04, 1.2570924e-04,
         1.2676711e-01],
        [9.9083889e-01, 4.1828663e-03, 5.5038133e-03, 3.3599514e-01,
         2.0498323e-04, 3.5201514e-04, 3.3834297e-04, 1.2569432e-04,
         1.2668046e-01],
        [9.9085420e-01, 4.1828491e-03, 5.5057211e-03, 3.3640522e-01,
         2.0498321e-04, 3.5180649e-04, 3.3814958e-04, 1.2570922e-04,
         1.2665902e-01],
        [9.9085939e-01, 4.1864254e-03, 5.5043106e-03, 3.3688515e-01,
         2.0513222e-04, 3.5147867e-04, 3.3820979e-04, 1.2572411e-04,
         1.2670965e-01],
        [9.9084830e-01, 4.1895360e-03, 5.5178413e-03, 3.3686751e-01,
         2.0496828e-04, 3.5176179e-04, 3.3831483e-04, 1.2564960e-04,
         1.2672402e-01],
        [9.9084723e-01, 4.1897795e-03, 5.5176383e-03, 3.3714864e-01,
         2.0523650e-04, 3.5167238e-04, 3.3833037e-04, 1.2569431e-04,
         1.2682191e-01],
        [9.9084246e-01, 4.1902657e-03, 5.5246237e-03, 3.3725959e-01,
         2.0526629e-04, 3.5165748e-04, 3.3889784e-04, 1.2581350e-04,
         1.2692669e-01],
        [9.9084127e-01, 4.1912687e-03, 5.5194334e-03, 3.3780059e-01,
         2.0592194e-04, 3.5150844e-04, 3.3904766e-04, 1.2585821e-04,
         1.2709515e-01],
        [9.9083376e-01, 4.1937819e-03, 5.5211494e-03, 3.3807048e-01,
         2.0595174e-04, 3.5141903e-04, 3.3882412e-04, 1.2584330e-04,
         1.2706015e-01],
        [9.9083549e-01, 4.1999533e-03, 5.5277874e-03, 3.3807772e-01,
         2.0596664e-04, 3.5118061e-04, 3.3877962e-04, 1.2581349e-04,
         1.2709638e-01],
        [9.9083346e-01, 4.1973246e-03, 5.5281790e-03, 3.3819357e-01,
         2.0632426e-04, 3.5124022e-04, 3.3930200e-04, 1.2590289e-04,
         1.2723970e-01],
        [9.9083531e-01, 4.2030159e-03, 5.5288649e-03, 3.3854401e-01,
         2.0663718e-04, 3.5104650e-04, 3.3912327e-04, 1.2596250e-04,
         1.2730907e-01],
        [9.9083948e-01, 4.2034043e-03, 5.5366526e-03, 3.3834243e-01,
         2.0657758e-04, 3.5088259e-04, 3.3952619e-04, 1.2594760e-04,
         1.2734486e-01],
        [9.9084878e-01, 4.2013498e-03, 5.5428450e-03, 3.3798164e-01,
         2.0660738e-04, 3.5079318e-04, 3.3973547e-04, 1.2593268e-04,
         1.2733802e-01],
        [9.9086100e-01, 4.2036837e-03, 5.5478667e-03, 3.3767140e-01,
         2.0690542e-04, 3.5062924e-04, 3.4043699e-04, 1.2600719e-04,
         1.2751871e-01],
        [9.9086583e-01, 4.2041442e-03, 5.5451002e-03, 3.3803689e-01,
         2.0765048e-04, 3.5061434e-04, 3.4109363e-04, 1.2612641e-04,
         1.2780273e-01],
        [9.9086970e-01, 4.2043268e-03, 5.5515193e-03, 3.3771610e-01,
         2.0751636e-04, 3.5052493e-04, 3.4116855e-04, 1.2606679e-04,
         1.2777787e-01],
        [9.9087024e-01, 4.2045517e-03, 5.5524302e-03, 3.3784932e-01,
         2.0776968e-04, 3.5034612e-04, 3.4140723e-04, 1.2605188e-04,
         1.2783401e-01],
        [9.9087703e-01, 4.2059091e-03, 5.5554989e-03, 3.3774608e-01,
         2.0773988e-04, 3.4997359e-04, 3.4139233e-04, 1.2605188e-04,
         1.2777880e-01],
        [9.9087131e-01, 4.2061568e-03, 5.5541554e-03, 3.3805948e-01,
         2.0790379e-04, 3.4976497e-04, 3.4110880e-04, 1.2597737e-04,
         1.2779611e-01],
        [9.9087405e-01, 4.2056805e-03, 5.5577392e-03, 3.3791959e-01,
         2.0773987e-04, 3.4969047e-04, 3.4101919e-04, 1.2588796e-04,
         1.2774758e-01],
        [9.9086839e-01, 4.2058546e-03, 5.5523473e-03, 3.3836728e-01,
         2.0823161e-04, 3.4949675e-04, 3.4112326e-04, 1.2587306e-04,
         1.2783039e-01],
        [9.9086958e-01, 4.2020245e-03, 5.5607758e-03, 3.3793867e-01,
         2.0771007e-04, 3.4928814e-04, 3.4095906e-04, 1.2576874e-04,
         1.2768275e-01]]], dtype=float32), array([[[7.14749098e-01, 1.17542669e-02, 4.50333990e-02, 4.88145724e-02,
         3.22306459e-03, 4.54592891e-03, 6.44144649e-03, 2.34645256e-03,
         3.84782404e-01],
        [8.65459919e-01, 1.54938148e-02, 4.58654277e-02, 3.38892359e-03,
         1.33994225e-04, 2.21627051e-04, 5.54613362e-04, 1.26010913e-04,
         4.49270874e-01],
        [9.38637435e-01, 1.50792543e-02, 4.35866006e-02, 2.12992472e-03,
         8.37003390e-05, 1.36718532e-04, 4.36337054e-04, 6.68323555e-05,
         4.56775874e-01],
        [9.68689203e-01, 1.50229279e-02, 4.29902375e-02, 2.06515822e-03,
         7.60112016e-05, 1.23262682e-04, 4.11643414e-04, 5.80716805e-05,
         4.56938237e-01],
        [9.80379462e-01, 1.49822021e-02, 4.27571684e-02, 2.13808846e-03,
         7.39548268e-05, 1.19790704e-04, 4.01978410e-04, 5.60466760e-05,
         4.56483513e-01],
        [9.84849393e-01, 1.49325728e-02, 4.26116064e-02, 2.21325154e-03,
         7.31501495e-05, 1.18434684e-04, 3.96872201e-04, 5.53956088e-05,
         4.56179231e-01],
        [9.86544311e-01, 1.48927933e-02, 4.25397977e-02, 2.27429322e-03,
         7.26584112e-05, 1.17779033e-04, 3.92967719e-04, 5.50121840e-05,
         4.55894291e-01],
        [9.87198710e-01, 1.48535129e-02, 4.24910188e-02, 2.31850473e-03,
         7.23454723e-05, 1.17391603e-04, 3.90040543e-04, 5.47909185e-05,
         4.55694288e-01],
        [9.87451255e-01, 1.48138534e-02, 4.24355119e-02, 2.35075084e-03,
         7.19878444e-05, 1.17019074e-04, 3.87384469e-04, 5.45508701e-05,
         4.55481142e-01],
        [9.87557054e-01, 1.47728361e-02, 4.23891805e-02, 2.37245392e-03,
         7.17345247e-05, 1.16750845e-04, 3.85266147e-04, 5.43912320e-05,
         4.55330968e-01],
        [9.87606704e-01, 1.47455893e-02, 4.23642173e-02, 2.38795462e-03,
         7.15110073e-05, 1.16497526e-04, 3.83312232e-04, 5.42596390e-05,
         4.55171466e-01],
        [9.87631559e-01, 1.47070680e-02, 4.23268676e-02, 2.39935634e-03,
         7.12725887e-05, 1.16229305e-04, 3.81477759e-04, 5.40980218e-05,
         4.55029279e-01],
        [9.87649024e-01, 1.46722719e-02, 4.22990583e-02, 2.40601297e-03,
         7.11086686e-05, 1.16065392e-04, 3.80016078e-04, 5.39935463e-05,
         4.54923570e-01],
        [9.87661004e-01, 1.46412337e-02, 4.22802083e-02, 2.41142279e-03,
         7.09149535e-05, 1.15826973e-04, 3.78509780e-04, 5.38610620e-05,
         4.54788923e-01],
        [9.87674594e-01, 1.46107981e-02, 4.22561355e-02, 2.41380092e-03,
         7.07659347e-05, 1.15707764e-04, 3.77376185e-04, 5.37827837e-05,
         4.54700708e-01],
        [9.87684131e-01, 1.45810796e-02, 4.22382765e-02, 2.41594203e-03,
         7.06318242e-05, 1.15469345e-04, 3.76153213e-04, 5.36881271e-05,
         4.54603463e-01],
        [9.87690806e-01, 1.45539111e-02, 4.22252566e-02, 2.41741375e-03,
         7.04232079e-05, 1.15394840e-04, 3.74974974e-04, 5.35796898e-05,
         4.54495996e-01],
        [9.87700403e-01, 1.45263728e-02, 4.22103032e-02, 2.41805986e-03,
         7.02890975e-05, 1.15260729e-04, 3.73990595e-04, 5.34945793e-05,
         4.54407454e-01],
        [9.87708569e-01, 1.45065337e-02, 4.22031656e-02, 2.41776765e-03,
         7.02294928e-05, 1.15141520e-04, 3.73051007e-04, 5.34322244e-05,
         4.54320669e-01],
        [9.87716138e-01, 1.44787757e-02, 4.21896167e-02, 2.41786032e-03,
         7.00953824e-05, 1.15007409e-04, 3.72215756e-04, 5.33463281e-05,
         4.54244316e-01],
        [9.87724781e-01, 1.44588631e-02, 4.21737805e-02, 2.41706450e-03,
         6.99314696e-05, 1.14858398e-04, 3.71455099e-04, 5.32842969e-05,
         4.54164654e-01],
        [9.87729371e-01, 1.44346999e-02, 4.21722829e-02, 2.41726614e-03,
         6.98718650e-05, 1.14768991e-04, 3.70575202e-04, 5.32016820e-05,
         4.54089046e-01],
        [9.87734318e-01, 1.44234542e-02, 4.21717167e-02, 2.41654972e-03,
         6.97377473e-05, 1.14664683e-04, 3.69844347e-04, 5.31427067e-05,
         4.54001278e-01],
        [9.87742603e-01, 1.43972505e-02, 4.21596840e-02, 2.41653062e-03,
         6.96483403e-05, 1.14560375e-04, 3.69173184e-04, 5.30660327e-05,
         4.53940749e-01],
        [9.87749159e-01, 1.43728442e-02, 4.21387479e-02, 2.41428660e-03,
         6.95738345e-05, 1.14470953e-04, 3.68740555e-04, 5.30373982e-05,
         4.53912765e-01],
        [9.87753630e-01, 1.43587785e-02, 4.21488322e-02, 2.41516996e-03,
         6.94844275e-05, 1.14411348e-04, 3.67979985e-04, 5.29518766e-05,
         4.53820169e-01],
        [9.87759471e-01, 1.43424356e-02, 4.21333276e-02, 2.41410150e-03,
         6.93652182e-05, 1.14277238e-04, 3.67457978e-04, 5.29009994e-05,
         4.53761816e-01],
        [9.87768054e-01, 1.43257082e-02, 4.21259217e-02, 2.41284980e-03,
         6.93056063e-05, 1.14262337e-04, 3.67055240e-04, 5.28771416e-05,
         4.53723848e-01],
        [9.87768710e-01, 1.43118864e-02, 4.21280153e-02, 2.41276319e-03,
         6.92460017e-05, 1.14158029e-04, 3.66443739e-04, 5.27966185e-05,
         4.53646809e-01],
        [9.87775445e-01, 1.42987520e-02, 4.21267003e-02, 2.41209031e-03,
         6.91714959e-05, 1.14083523e-04, 3.66011227e-04, 5.27666198e-05,
         4.53599989e-01],
        [9.87780035e-01, 1.42786670e-02, 4.21178117e-02, 2.41196831e-03,
         6.90969900e-05, 1.14023918e-04, 3.65504122e-04, 5.26941039e-05,
         4.53540534e-01],
        [9.87786293e-01, 1.42653277e-02, 4.21103388e-02, 2.41037388e-03,
         6.90373854e-05, 1.13979215e-04, 3.65205779e-04, 5.26702388e-05,
         4.53504980e-01]]], dtype=float32), array([[[6.67085528e-01, 1.29322022e-01, 3.50187153e-01, 3.46642220e-03,
         3.88176204e-03, 4.04195860e-03, 1.34347696e-02, 2.28174450e-03,
         4.84481692e-01],
        [7.75228918e-01, 2.52731919e-01, 4.60351288e-01, 1.52411885e-04,
         1.06650048e-04, 1.37135969e-04, 8.95773410e-04, 1.01272635e-04,
         4.97456849e-01],
        [8.44115734e-01, 2.57686079e-01, 4.68049377e-01, 9.33596966e-05,
         6.37177291e-05, 8.27164622e-05, 6.20020786e-04, 5.69786826e-05,
         4.97422516e-01],
        [8.71236205e-01, 2.57456452e-01, 4.68559444e-01, 8.76028207e-05,
         5.76192615e-05, 7.34777204e-05, 5.84724068e-04, 5.05613607e-05,
         4.97072130e-01],
        [8.81505370e-01, 2.56701916e-01, 4.68123347e-01, 8.80550069e-05,
         5.59686378e-05, 7.04527774e-05, 5.77781291e-04, 4.83648255e-05,
         4.96861815e-01],
        [8.85137737e-01, 2.56105810e-01, 4.67709601e-01, 8.96359561e-05,
         5.51929006e-05, 6.89030494e-05, 5.75693615e-04, 4.71016538e-05,
         4.96752679e-01],
        [8.86290908e-01, 2.55640656e-01, 4.67418969e-01, 9.13206968e-05,
         5.47097188e-05, 6.79046716e-05, 5.74678415e-04, 4.62286480e-05,
         4.96695250e-01],
        [8.86570930e-01, 2.55288452e-01, 4.67200547e-01, 9.30884707e-05,
         5.43469469e-05, 6.72192109e-05, 5.73837257e-04, 4.55728732e-05,
         4.96660501e-01],
        [8.86534274e-01, 2.55064607e-01, 4.67051715e-01, 9.47950393e-05,
         5.41046720e-05, 6.66976703e-05, 5.73104073e-04, 4.50956504e-05,
         4.96640056e-01],
        [8.86436224e-01, 2.54845977e-01, 4.66930151e-01, 9.64465580e-05,
         5.38982022e-05, 6.62804377e-05, 5.72252960e-04, 4.47204438e-05,
         4.96625602e-01],
        [8.86331201e-01, 2.54700929e-01, 4.66829985e-01, 9.80699042e-05,
         5.37453925e-05, 6.59824145e-05, 5.71476994e-04, 4.44324251e-05,
         4.96614248e-01],
        [8.86242986e-01, 2.54570425e-01, 4.66721773e-01, 9.96949966e-05,
         5.35727850e-05, 6.57290948e-05, 5.70671400e-04, 4.41918819e-05,
         4.96604890e-01],
        [8.86185706e-01, 2.54451096e-01, 4.66648966e-01, 1.01114412e-04,
         5.34724859e-05, 6.55651820e-05, 5.69880998e-04, 4.40163640e-05,
         4.96597916e-01],
        [8.86122942e-01, 2.54403114e-01, 4.66562927e-01, 1.02568636e-04,
         5.33560815e-05, 6.53565658e-05, 5.69090596e-04, 4.38570933e-05,
         4.96590972e-01],
        [8.86061847e-01, 2.54355401e-01, 4.66500014e-01, 1.03911945e-04,
         5.32835693e-05, 6.52373565e-05, 5.68419578e-04, 4.37423078e-05,
         4.96586502e-01],
        [8.86026144e-01, 2.54322678e-01, 4.66438323e-01, 1.05192885e-04,
         5.32148624e-05, 6.51479495e-05, 5.67718816e-04, 4.36490081e-05,
         4.96582329e-01],
        [8.86011779e-01, 2.54284352e-01, 4.66384023e-01, 1.06393883e-04,
         5.31571932e-05, 6.50436414e-05, 5.67003211e-04, 4.35743059e-05,
         4.96579021e-01],
        [8.85995984e-01, 2.54267097e-01, 4.66311842e-01, 1.07565320e-04,
         5.30791804e-05, 6.49840367e-05, 5.66421717e-04, 4.34832691e-05,
         4.96574342e-01],
        [8.86022925e-01, 2.54210532e-01, 4.66290027e-01, 1.08596039e-04,
         5.30711841e-05, 6.48946298e-05, 5.65691269e-04, 4.34484064e-05,
         4.96572524e-01],
        [8.86004329e-01, 2.54211754e-01, 4.66234058e-01, 1.09676723e-04,
         5.30043144e-05, 6.48499263e-05, 5.65169437e-04, 4.33778550e-05,
         4.96569365e-01],
        [8.86010170e-01, 2.54217952e-01, 4.66188222e-01, 1.10648289e-04,
         5.29682875e-05, 6.48052228e-05, 5.64617803e-04, 4.33343594e-05,
         4.96566713e-01],
        [8.86020422e-01, 2.54180729e-01, 4.66156334e-01, 1.11513196e-04,
         5.29328863e-05, 6.47456181e-05, 5.64066228e-04, 4.32942907e-05,
         4.96564806e-01],
        [8.86011660e-01, 2.54225880e-01, 4.66117263e-01, 1.12345879e-04,
         5.29095705e-05, 6.47158158e-05, 5.63529611e-04, 4.32634988e-05,
         4.96562302e-01],
        [8.86055171e-01, 2.54138589e-01, 4.66079533e-01, 1.13223869e-04,
         5.28585297e-05, 6.47158158e-05, 5.63037640e-04, 4.32201596e-05,
         4.96560574e-01],
        [8.86047959e-01, 2.54172146e-01, 4.66059238e-01, 1.13956346e-04,
         5.28479468e-05, 6.46711123e-05, 5.62545669e-04, 4.32025226e-05,
         4.96559620e-01],
        [8.86078477e-01, 2.54161745e-01, 4.66012061e-01, 1.14667404e-04,
         5.28063320e-05, 6.46115077e-05, 5.62128262e-04, 4.31543012e-05,
         4.96556699e-01],
        [8.86080146e-01, 2.54182190e-01, 4.65990752e-01, 1.15385075e-04,
         5.27920820e-05, 6.46115077e-05, 5.61666151e-04, 4.31456610e-05,
         4.96555299e-01],
        [8.86094570e-01, 2.54177868e-01, 4.65955496e-01, 1.16063209e-04,
         5.27610282e-05, 6.45668042e-05, 5.61338151e-04, 4.31103726e-05,
         4.96553570e-01],
        [8.86123598e-01, 2.54138023e-01, 4.65934336e-01, 1.16678966e-04,
         5.27350712e-05, 6.45519031e-05, 5.60920744e-04, 4.30847249e-05,
         4.96551692e-01],
        [8.86166036e-01, 2.54118830e-01, 4.65915382e-01, 1.17234340e-04,
         5.27158118e-05, 6.45221007e-05, 5.60503395e-04, 4.30673899e-05,
         4.96550292e-01],
        [8.86142492e-01, 2.54151881e-01, 4.65881526e-01, 1.17832824e-04,
         5.26702861e-05, 6.44922984e-05, 5.60205197e-04, 4.30299879e-05,
         4.96548384e-01],
        [8.86172771e-01, 2.54131377e-01, 4.65846926e-01, 1.18400945e-04,
         5.26408512e-05, 6.44922984e-05, 5.59892098e-04, 4.30038999e-05,
         4.96546805e-01]]], dtype=float32), array([[[2.13033006e-01, 5.58697939e-01, 6.91581130e-01, 2.20101036e-04,
         1.23841024e-03, 1.32845435e-03, 1.42157096e-02, 9.59870347e-04,
         4.98770535e-01],
        [1.15494236e-01, 5.98457277e-01, 8.38939965e-01, 2.29999823e-05,
         1.18138276e-04, 1.43707119e-04, 2.58433050e-03, 1.07723798e-04,
         4.99004662e-01],
        [1.15558960e-01, 6.02153301e-01, 9.18436229e-01, 1.54118970e-05,
         8.98993603e-05, 1.01372731e-04, 2.04735924e-03, 7.44029021e-05,
         4.98995095e-01],
        [1.20121181e-01, 6.02588236e-01, 9.57769811e-01, 1.43483203e-05,
         8.63229798e-05, 9.31323666e-05, 1.95325539e-03, 6.86806670e-05,
         4.98984456e-01],
        [1.22921579e-01, 6.02619827e-01, 9.76851642e-01, 1.41526971e-05,
         8.56822153e-05, 9.05991692e-05, 1.92827557e-03, 6.70861918e-05,
         4.98980135e-01],
        [1.24348491e-01, 6.02618277e-01, 9.86243725e-01, 1.41286055e-05,
         8.53543825e-05, 8.95113699e-05, 1.91718258e-03, 6.63411192e-05,
         4.98978883e-01],
        [1.25029445e-01, 6.02622330e-01, 9.91000295e-01, 1.41460987e-05,
         8.51010627e-05, 8.89749281e-05, 1.91046204e-03, 6.59834841e-05,
         4.98978108e-01],
        [1.25398457e-01, 6.02639198e-01, 9.93491530e-01, 1.41822538e-05,
         8.49073404e-05, 8.86620037e-05, 1.90476514e-03, 6.57599521e-05,
         4.98977751e-01],
        [1.25555113e-01, 6.02663100e-01, 9.94842052e-01, 1.42157587e-05,
         8.46987241e-05, 8.84533874e-05, 1.90091156e-03, 6.55662370e-05,
         4.98977035e-01],
        [1.25662923e-01, 6.02688909e-01, 9.95599210e-01, 1.42531035e-05,
         8.45497125e-05, 8.82894747e-05, 1.89719605e-03, 6.54768228e-05,
         4.98976678e-01],
        [1.25698611e-01, 6.02707446e-01, 9.96038139e-01, 1.42875897e-05,
         8.44007009e-05, 8.81851665e-05, 1.89400418e-03, 6.53874158e-05,
         4.98976022e-01],
        [1.25779361e-01, 6.02733076e-01, 9.96299148e-01, 1.43234538e-05,
         8.42367881e-05, 8.81106607e-05, 1.89134979e-03, 6.53129027e-05,
         4.98976111e-01],
        [1.25818387e-01, 6.02754533e-01, 9.96459782e-01, 1.43568996e-05,
         8.41771835e-05, 8.80361549e-05, 1.88880018e-03, 6.52234958e-05,
         4.98975903e-01],
        [1.25840515e-01, 6.02771640e-01, 9.96561050e-01, 1.43861989e-05,
         8.40579596e-05, 8.80063526e-05, 1.88663846e-03, 6.51936934e-05,
         4.98975664e-01],
        [1.25855103e-01, 6.02786183e-01, 9.96626496e-01, 1.44134456e-05,
         8.39834538e-05, 8.79616491e-05, 1.88490900e-03, 6.51191876e-05,
         4.98975366e-01],
        [1.25877902e-01, 6.02801919e-01, 9.96669948e-01, 1.44385558e-05,
         8.39238492e-05, 8.79020445e-05, 1.88325439e-03, 6.50893780e-05,
         4.98975247e-01],
        [1.25912100e-01, 6.02817059e-01, 9.96699095e-01, 1.44633677e-05,
         8.38791457e-05, 8.79020445e-05, 1.88161456e-03, 6.50595757e-05,
         4.98975307e-01],
        [1.25932336e-01, 6.02823973e-01, 9.96718764e-01, 1.44861961e-05,
         8.38046399e-05, 8.78424398e-05, 1.88024330e-03, 6.50446746e-05,
         4.98975307e-01],
        [1.25954926e-01, 6.02834940e-01, 9.96732950e-01, 1.45063977e-05,
         8.37897387e-05, 8.78573410e-05, 1.87912537e-03, 6.50148722e-05,
         4.98975217e-01],
        [1.25966489e-01, 6.02841675e-01, 9.96742964e-01, 1.45266367e-05,
         8.36854306e-05, 8.78275387e-05, 1.87773898e-03, 6.50148722e-05,
         4.98975068e-01],
        [1.25967383e-01, 6.02847219e-01, 9.96750474e-01, 1.45432632e-05,
         8.36705294e-05, 8.77679340e-05, 1.87675527e-03, 6.49850699e-05,
         4.98974890e-01],
        [1.25980735e-01, 6.02856278e-01, 9.96755779e-01, 1.45579588e-05,
         8.36705294e-05, 8.77977363e-05, 1.87603978e-03, 6.49701688e-05,
         4.98974830e-01],
        [1.26001984e-01, 6.02862477e-01, 9.96759772e-01, 1.45746508e-05,
         8.36109248e-05, 8.77828352e-05, 1.87505595e-03, 6.49254580e-05,
         4.98974860e-01],
        [1.26008213e-01, 6.02865517e-01, 9.96762931e-01, 1.45887761e-05,
         8.35811225e-05, 8.77530329e-05, 1.87410205e-03, 6.48956557e-05,
         4.98974770e-01],
        [1.26028806e-01, 6.02870584e-01, 9.96764839e-01, 1.46021421e-05,
         8.35513201e-05, 8.77232305e-05, 1.87344616e-03, 6.49403592e-05,
         4.98974830e-01],
        [1.26030236e-01, 6.02873683e-01, 9.96766984e-01, 1.46136863e-05,
         8.35364190e-05, 8.77232305e-05, 1.87268585e-03, 6.48956557e-05,
         4.98974741e-01],
        [1.26031369e-01, 6.02873206e-01, 9.96768355e-01, 1.46244174e-05,
         8.35066166e-05, 8.76934282e-05, 1.87213451e-03, 6.48658533e-05,
         4.98974591e-01],
        [1.26044929e-01, 6.02879584e-01, 9.96769428e-01, 1.46339626e-05,
         8.35066166e-05, 8.77083294e-05, 1.87165756e-03, 6.48658533e-05,
         4.98974621e-01],
        [1.26060635e-01, 6.02880776e-01, 9.96769965e-01, 1.46435978e-05,
         8.34768143e-05, 8.77083294e-05, 1.87125499e-03, 6.48360510e-05,
         4.98974681e-01],
        [1.26066595e-01, 6.02885127e-01, 9.96770620e-01, 1.46525408e-05,
         8.34768143e-05, 8.76785271e-05, 1.87067362e-03, 6.48360510e-05,
         4.98974532e-01],
        [1.26080751e-01, 6.02887213e-01, 9.96771216e-01, 1.46614630e-05,
         8.34470120e-05, 8.76785271e-05, 1.87009247e-03, 6.48509522e-05,
         4.98974651e-01],
        [1.26085550e-01, 6.02890253e-01, 9.96771753e-01, 1.46684206e-05,
         8.34470120e-05, 8.76934282e-05, 1.86973473e-03, 6.48062487e-05,
         4.98974591e-01]]], dtype=float32), array([[[1.63266398e-02, 7.14549363e-01, 7.25797236e-01, 9.25910863e-05,
         1.00577576e-03, 1.12565327e-03, 2.13831048e-02, 8.82375811e-04,
         4.98773843e-01],
        [5.02139796e-03, 8.64610970e-01, 8.76568317e-01, 1.06233110e-05,
         1.12267022e-04, 1.52290217e-04, 4.96202847e-03, 1.11061701e-04,
         4.99252111e-01],
        [4.80396533e-03, 9.39730406e-01, 9.49670374e-01, 7.41221766e-06,
         8.27020558e-05, 1.13248985e-04, 4.05334076e-03, 7.94992302e-05,
         4.99342233e-01],
        [4.98254783e-03, 9.73350763e-01, 9.80220795e-01, 6.96573534e-06,
         7.81273120e-05, 1.06811676e-04, 3.88258789e-03, 7.41346303e-05,
         4.99347448e-01],
        [5.09146973e-03, 9.87845540e-01, 9.92222607e-01, 6.86669455e-06,
         7.69500912e-05, 1.05008636e-04, 3.83075653e-03, 7.26742728e-05,
         4.99345124e-01],
        [5.14133228e-03, 9.94105577e-01, 9.96840715e-01, 6.82953078e-06,
         7.63987482e-05, 1.04099658e-04, 3.80539638e-03, 7.21080069e-05,
         4.99343276e-01],
        [5.16335154e-03, 9.96857345e-01, 9.98610437e-01, 6.80925359e-06,
         7.59815011e-05, 1.03488710e-04, 3.78754176e-03, 7.18099764e-05,
         4.99341816e-01],
        [5.17492089e-03, 9.98095989e-01, 9.99290228e-01, 6.79321784e-06,
         7.56983791e-05, 1.02922466e-04, 3.77258775e-03, 7.16162540e-05,
         4.99340832e-01],
        [5.18127391e-03, 9.98668194e-01, 9.99552906e-01, 6.77870867e-06,
         7.54301509e-05, 1.02415826e-04, 3.75879579e-03, 7.14225243e-05,
         4.99339879e-01],
        [5.18578338e-03, 9.98939335e-01, 9.99655187e-01, 6.76306900e-06,
         7.51172192e-05, 1.01953890e-04, 3.74615868e-03, 7.12735055e-05,
         4.99339283e-01],
        [5.18844184e-03, 9.99071240e-01, 9.99695480e-01, 6.74846160e-06,
         7.48788007e-05, 1.01447251e-04, 3.73409013e-03, 7.11095854e-05,
         4.99338686e-01],
        [5.19092567e-03, 9.99137163e-01, 9.99711573e-01, 6.73393333e-06,
         7.46105798e-05, 1.01030018e-04, 3.72275361e-03, 7.09456654e-05,
         4.99338180e-01],
        [5.19279996e-03, 9.99171078e-01, 9.99718308e-01, 6.71985663e-06,
         7.43572527e-05, 1.00582969e-04, 3.71196982e-03, 7.08562438e-05,
         4.99337733e-01],
        [5.19489590e-03, 9.99188781e-01, 9.99721289e-01, 6.70584723e-06,
         7.41337353e-05, 1.00225341e-04, 3.70166334e-03, 7.07519357e-05,
         4.99337435e-01],
        [5.19680744e-03, 9.99198437e-01, 9.99722719e-01, 6.69206247e-06,
         7.38804156e-05, 9.98826144e-05, 3.69173009e-03, 7.06029168e-05,
         4.99337137e-01],
        [5.19797113e-03, 9.99203920e-01, 9.99723554e-01, 6.67920813e-06,
         7.36717921e-05, 9.95100854e-05, 3.68216936e-03, 7.04985941e-05,
         4.99336779e-01],
        [5.19958138e-03, 9.99207079e-01, 9.99724150e-01, 6.66670985e-06,
         7.34631685e-05, 9.91524576e-05, 3.67308664e-03, 7.03793849e-05,
         4.99336481e-01],
        [5.20005822e-03, 9.99209046e-01, 9.99724627e-01, 6.65535345e-06,
         7.32843546e-05, 9.88544343e-05, 3.66433198e-03, 7.02452598e-05,
         4.99336123e-01],
        [5.20139933e-03, 9.99210238e-01, 9.99725044e-01, 6.64396066e-06,
         7.30459360e-05, 9.85266088e-05, 3.65623343e-03, 7.01707468e-05,
         4.99335945e-01],
        [5.20253181e-03, 9.99211073e-01, 9.99725401e-01, 6.63306628e-06,
         7.28820232e-05, 9.82583879e-05, 3.64841823e-03, 7.01260433e-05,
         4.99335736e-01],
        [5.20339608e-03, 9.99211669e-01, 9.99725699e-01, 6.62300090e-06,
         7.26436047e-05, 9.79752658e-05, 3.64085659e-03, 6.99770244e-05,
         4.99335468e-01],
        [5.20375371e-03, 9.99212027e-01, 9.99725997e-01, 6.61341483e-06,
         7.24945930e-05, 9.77219461e-05, 3.63369775e-03, 6.98876102e-05,
         4.99335289e-01],
        [5.20461798e-03, 9.99212384e-01, 9.99726295e-01, 6.60377646e-06,
         7.23306657e-05, 9.74686263e-05, 3.62698641e-03, 6.97534924e-05,
         4.99335170e-01],
        [5.20521402e-03, 9.99212742e-01, 9.99726474e-01, 6.59508487e-06,
         7.21518518e-05, 9.72302078e-05, 3.62045434e-03, 6.97236901e-05,
         4.99334931e-01],
        [5.20518422e-03, 9.99212921e-01, 9.99726832e-01, 6.58690533e-06,
         7.20028402e-05, 9.70364854e-05, 3.61423544e-03, 6.96044663e-05,
         4.99334693e-01],
        [5.20634651e-03, 9.99213219e-01, 9.99727070e-01, 6.57802457e-06,
         7.18538286e-05, 9.67980668e-05, 3.60870198e-03, 6.95448616e-05,
         4.99334663e-01],
        [5.20637631e-03, 9.99213338e-01, 9.99727249e-01, 6.57076589e-06,
         7.17197181e-05, 9.66341540e-05, 3.60294548e-03, 6.94554546e-05,
         4.99334514e-01],
        [5.20679355e-03, 9.99213398e-01, 9.99727547e-01, 6.56294287e-06,
         7.15558053e-05, 9.64255378e-05, 3.59768094e-03, 6.93809416e-05,
         4.99334395e-01],
        [5.20709157e-03, 9.99213517e-01, 9.99727726e-01, 6.55568965e-06,
         7.14365960e-05, 9.62467238e-05, 3.59271490e-03, 6.93362381e-05,
         4.99334276e-01],
        [5.20718098e-03, 9.99213576e-01, 9.99727905e-01, 6.54895803e-06,
         7.13322806e-05, 9.61424157e-05, 3.58794257e-03, 6.92617250e-05,
         4.99334157e-01],
        [5.20688295e-03, 9.99213636e-01, 9.99728084e-01, 6.54126734e-06,
         7.12279725e-05, 9.59487006e-05, 3.58381169e-03, 6.92319154e-05,
         4.99334216e-01],
        [5.20634651e-03, 9.99213576e-01, 9.99728203e-01, 6.53416100e-06,
         7.11087632e-05, 9.57847878e-05, 3.57982982e-03, 6.91425084e-05,
         4.99334216e-01]]], dtype=float32), array([[[1.4428744e-01, 5.7811546e-01, 6.4171910e-01, 2.7245052e-02,
         6.8030722e-02, 6.1920781e-02, 1.7639159e-01, 5.0679650e-02,
         4.7476465e-01],
        [3.4274650e-01, 6.2154871e-01, 7.7644986e-01, 1.0587569e-01,
         1.5457886e-01, 7.5279459e-02, 1.5424503e-01, 1.4223829e-01,
         4.4214192e-01],
        [7.7351618e-01, 3.1843349e-01, 7.2850847e-01, 4.7431037e-01,
         5.4069865e-01, 2.5364351e-01, 3.4481201e-01, 4.3753028e-01,
         2.5561199e-01],
        [8.7058222e-01, 3.0930808e-01, 7.3982245e-01, 7.0013100e-01,
         7.0518678e-01, 5.2873665e-01, 6.6570950e-01, 5.8457649e-01,
         1.5163432e-01],
        [7.2545636e-01, 8.0294538e-01, 9.5728177e-01, 1.4108278e-01,
         7.5464416e-01, 3.4375355e-01, 6.4360058e-01, 6.4331794e-01,
         1.0244060e-01],
        [6.6745341e-02, 8.8109273e-01, 8.1446153e-01, 2.6584419e-03,
         9.1493288e-03, 3.9839116e-03, 3.4258864e-03, 1.6502978e-02,
         9.1838967e-03],
        [3.3751195e-03, 9.8110867e-01, 9.8497075e-01, 3.7852686e-05,
         7.5719407e-04, 5.2710873e-04, 3.2019075e-02, 4.7187434e-04,
         5.0021213e-01],
        [4.4596684e-04, 9.9348164e-01, 9.9442542e-01, 6.0582156e-06,
         1.0130027e-04, 1.0734444e-04, 8.5765589e-03, 8.0335514e-05,
         4.9950051e-01],
        [3.6949530e-04, 9.9750692e-01, 9.9789035e-01, 3.9442625e-06,
         8.3626241e-05, 8.7052824e-05, 7.4144537e-03, 5.8923004e-05,
         4.9960265e-01],
        [3.6411380e-04, 9.9899805e-01, 9.9917531e-01, 3.6399626e-06,
         8.1360813e-05, 8.3893690e-05, 7.1346466e-03, 5.5735687e-05,
         4.9961722e-01],
        [3.6540724e-04, 9.9955374e-01, 9.9965233e-01, 3.5519649e-06,
         8.0913771e-05, 8.3148618e-05, 7.0451414e-03, 5.5153883e-05,
         4.9961960e-01],
        [3.6634781e-04, 9.9976146e-01, 9.9982971e-01, 3.5029925e-06,
         8.0749858e-05, 8.2820792e-05, 7.0097265e-03, 5.4997461e-05,
         4.9962020e-01],
        [3.6670209e-04, 9.9983943e-01, 9.9989569e-01, 3.4673938e-06,
         8.0630642e-05, 8.2686682e-05, 6.9953338e-03, 5.4952427e-05,
         4.9962056e-01],
        [3.6685928e-04, 9.9986863e-01, 9.9992037e-01, 3.4393311e-06,
         8.0541235e-05, 8.2552571e-05, 6.9873063e-03, 5.4926597e-05,
         4.9962062e-01],
        [3.6691906e-04, 9.9987972e-01, 9.9992961e-01, 3.4174607e-06,
         8.0511432e-05, 8.2478065e-05, 6.9850213e-03, 5.4943048e-05,
         4.9962088e-01],
        [3.6694191e-04, 9.9988389e-01, 9.9993300e-01, 3.3982851e-06,
         8.0466729e-05, 8.2418461e-05, 6.9825803e-03, 5.4941527e-05,
         4.9962097e-01],
        [3.6692081e-04, 9.9988544e-01, 9.9993432e-01, 3.3820393e-06,
         8.0496531e-05, 8.2388658e-05, 6.9803861e-03, 5.4933720e-05,
         4.9962097e-01],
        [3.6701353e-04, 9.9988621e-01, 9.9993485e-01, 3.3699584e-06,
         8.0407124e-05, 8.2314153e-05, 6.9784028e-03, 5.4948810e-05,
         4.9962109e-01],
        [3.6695521e-04, 9.9988663e-01, 9.9993521e-01, 3.3584529e-06,
         8.0436927e-05, 8.2239647e-05, 6.9772126e-03, 5.4949964e-05,
         4.9962118e-01],
        [3.6701528e-04, 9.9988651e-01, 9.9993527e-01, 3.3494621e-06,
         8.0407124e-05, 8.2194943e-05, 6.9758827e-03, 5.4960026e-05,
         4.9962121e-01],
        [3.6695591e-04, 9.9988663e-01, 9.9993527e-01, 3.3411202e-06,
         8.0422025e-05, 8.2135339e-05, 6.9742049e-03, 5.4956097e-05,
         4.9962121e-01],
        [3.6698580e-04, 9.9988675e-01, 9.9993527e-01, 3.3351898e-06,
         8.0392223e-05, 8.2075734e-05, 6.9735306e-03, 5.4975699e-05,
         4.9962139e-01],
        [3.6713481e-04, 9.9988669e-01, 9.9993539e-01, 3.3301321e-06,
         8.0347520e-05, 8.2016129e-05, 6.9722305e-03, 5.4992113e-05,
         4.9962148e-01],
        [3.6704540e-04, 9.9988675e-01, 9.9993545e-01, 3.3242018e-06,
         8.0377322e-05, 8.1956525e-05, 6.9701122e-03, 5.4978060e-05,
         4.9962133e-01],
        [3.6722422e-04, 9.9988681e-01, 9.9993551e-01, 3.3206882e-06,
         8.0332618e-05, 8.1911821e-05, 6.9686049e-03, 5.4998407e-05,
         4.9962145e-01],
        [3.6716461e-04, 9.9988687e-01, 9.9993551e-01, 3.3168988e-06,
         8.0362421e-05, 8.1867118e-05, 6.9679036e-03, 5.5000713e-05,
         4.9962148e-01],
        [3.6719441e-04, 9.9988687e-01, 9.9993551e-01, 3.3127858e-06,
         8.0347520e-05, 8.1777711e-05, 6.9651892e-03, 5.4985085e-05,
         4.9962139e-01],
        [3.6731362e-04, 9.9988699e-01, 9.9993557e-01, 3.3117906e-06,
         8.0302816e-05, 8.1762810e-05, 6.9644121e-03, 5.5015822e-05,
         4.9962151e-01],
        [3.6731362e-04, 9.9988699e-01, 9.9993563e-01, 3.3081558e-06,
         8.0347520e-05, 8.1688304e-05, 6.9617573e-03, 5.5000084e-05,
         4.9962142e-01],
        [3.6728382e-04, 9.9988699e-01, 9.9993563e-01, 3.3047766e-06,
         8.0332618e-05, 8.1628699e-05, 6.9593112e-03, 5.4983040e-05,
         4.9962133e-01],
        [3.6722422e-04, 9.9988699e-01, 9.9993563e-01, 3.3021670e-06,
         8.0347520e-05, 8.1583996e-05, 6.9570136e-03, 5.4969933e-05,
         4.9962127e-01],
        [3.6722422e-04, 9.9988699e-01, 9.9993575e-01, 3.3000172e-06,
         8.0377322e-05, 8.1509490e-05, 6.9543738e-03, 5.4957825e-05,
         4.9962115e-01]]], dtype=float32)]