tf.Tensor(
[[[7.5105559e-03 7.2599316e-01 7.2866255e-01 1.4092965e-04 2.1858001e-03
   2.0969410e-03 4.8104599e-02 1.5285620e-03 4.9877912e-01]
  [5.0346303e-04 8.7873536e-01 8.7949145e-01 5.9623521e-06 9.6859141e-05
   1.1961186e-04 6.8671349e-03 8.9409143e-05 4.9948335e-01]
  [3.9673501e-04 9.5132184e-01 9.5181125e-01 3.5988564e-06 6.5848602e-05
   8.0913393e-05 5.4463604e-03 5.7840556e-05 4.9958038e-01]
  [3.9793781e-04 9.8129654e-01 9.8159122e-01 3.2984101e-06 6.1548926e-05
   7.5325450e-05 5.1861205e-03 5.2993018e-05 4.9958870e-01]
  [4.0319981e-04 9.9289292e-01 9.9306893e-01 3.2324397e-06 6.0549461e-05
   7.3999247e-05 5.1166723e-03 5.1854073e-05 4.9958897e-01]
  [4.0521965e-04 9.9727154e-01 9.9738240e-01 3.2092637e-06 6.0201863e-05
   7.3507508e-05 5.0902879e-03 5.1453779e-05 4.9958858e-01]
  [4.0562899e-04 9.9891204e-01 9.9898928e-01 3.1975819e-06 5.9969781e-05
   7.3269090e-05 5.0759101e-03 5.1279334e-05 4.9958843e-01]
  [4.0535908e-04 9.9952585e-01 9.9958646e-01 3.1896591e-06 5.9839236e-05
   7.3090276e-05 5.0672730e-03 5.1169958e-05 4.9958834e-01]
  [4.0489313e-04 9.9975562e-01 9.9980825e-01 3.1836557e-06 5.9739112e-05
   7.2926363e-05 5.0607896e-03 5.1100124e-05 4.9958831e-01]
  [4.0472232e-04 9.9984199e-01 9.9989080e-01 3.1797110e-06 5.9614133e-05
   7.2851857e-05 5.0549991e-03 5.1070943e-05 4.9958843e-01]
  [4.0425977e-04 9.9987429e-01 9.9992150e-01 3.1754221e-06 5.9583159e-05
   7.2747549e-05 5.0515668e-03 5.1022645e-05 4.9958837e-01]
  [4.0420561e-04 9.9988663e-01 9.9993294e-01 3.1728430e-06 5.9505135e-05
   7.2658142e-05 5.0477786e-03 5.1013209e-05 4.9958843e-01]
  [4.0396923e-04 9.9989128e-01 9.9993730e-01 3.1701516e-06 5.9483289e-05
   7.2613439e-05 5.0452133e-03 5.0984803e-05 4.9958837e-01]
  [4.0388058e-04 9.9989313e-01 9.9993908e-01 3.1677841e-06 5.9455273e-05
   7.2509130e-05 5.0427821e-03 5.0971095e-05 4.9958837e-01]
  [4.0382129e-04 9.9989384e-01 9.9993950e-01 3.1660913e-06 5.9419901e-05
   7.2464427e-05 5.0403662e-03 5.0964143e-05 4.9958837e-01]
  [4.0376181e-04 9.9989432e-01 9.9993998e-01 3.1643551e-06 5.9393387e-05
   7.2389921e-05 5.0383084e-03 5.0958119e-05 4.9958831e-01]
  [4.0358305e-04 9.9989426e-01 9.9993980e-01 3.1624083e-06 5.9407153e-05
   7.2360119e-05 5.0369208e-03 5.0936738e-05 4.9958819e-01]
  [4.0364265e-04 9.9989426e-01 9.9993992e-01 3.1607724e-06 5.9393104e-05
   7.2285613e-05 5.0351317e-03 5.0933435e-05 4.9958825e-01]
  [4.0367246e-04 9.9989438e-01 9.9993992e-01 3.1593538e-06 5.9374019e-05
   7.2240910e-05 5.0334018e-03 5.0931201e-05 4.9958825e-01]
  [4.0376186e-04 9.9989444e-01 9.9994004e-01 3.1585564e-06 5.9348320e-05
   7.2166404e-05 5.0316565e-03 5.0933970e-05 4.9958822e-01]
  [4.0391088e-04 9.9989450e-01 9.9994004e-01 3.1576540e-06 5.9310692e-05
   7.2166404e-05 5.0298520e-03 5.0945531e-05 4.9958828e-01]
  [4.0382147e-04 9.9989450e-01 9.9994004e-01 3.1563002e-06 5.9319405e-05
   7.2136601e-05 5.0285249e-03 5.0928142e-05 4.9958816e-01]
  [4.0382147e-04 9.9989450e-01 9.9994004e-01 3.1550219e-06 5.9323647e-05
   7.2047194e-05 5.0273021e-03 5.0924304e-05 4.9958813e-01]
  [4.0376186e-04 9.9989450e-01 9.9994010e-01 3.1534944e-06 5.9340906e-05
   7.2032293e-05 5.0261836e-03 5.0908620e-05 4.9958801e-01]
  [4.0385127e-04 9.9989450e-01 9.9994004e-01 3.1526674e-06 5.9314134e-05
   7.1942886e-05 5.0245132e-03 5.0913623e-05 4.9958807e-01]
  [4.0385127e-04 9.9989450e-01 9.9994016e-01 3.1517829e-06 5.9304464e-05
   7.1942886e-05 5.0231563e-03 5.0911145e-05 4.9958801e-01]
  [4.0400028e-04 9.9989462e-01 9.9994016e-01 3.1510083e-06 5.9273367e-05
   7.1898183e-05 5.0214855e-03 5.0919836e-05 4.9958801e-01]
  [4.0391088e-04 9.9989462e-01 9.9994016e-01 3.1497336e-06 5.9307236e-05
   7.1838578e-05 5.0205761e-03 5.0894447e-05 4.9958783e-01]
  [4.0405989e-04 9.9989474e-01 9.9994022e-01 3.1486452e-06 5.9268335e-05
   7.1793875e-05 5.0189053e-03 5.0911243e-05 4.9958795e-01]
  [4.0405989e-04 9.9989474e-01 9.9994022e-01 3.1474658e-06 5.9284444e-05
   7.1764072e-05 5.0177868e-03 5.0897019e-05 4.9958789e-01]
  [4.0417910e-04 9.9989474e-01 9.9994028e-01 3.1466398e-06 5.9253809e-05
   7.1749157e-05 5.0161909e-03 5.0907795e-05 4.9958789e-01]
  [4.0417910e-04 9.9989474e-01 9.9994028e-01 3.1458219e-06 5.9252285e-05
   7.1704453e-05 5.0148638e-03 5.0901388e-05 4.9958780e-01]]], shape=(1, 32, 9), dtype=float32)