[array([[[0.28131697, 0.28025714, 0.28035653, 0.28115642, 0.2808335 ,
         0.2806321 , 0.28095475, 0.27917606, 0.281666  ],
        [0.30967495, 0.31288502, 0.31524813, 0.3040106 , 0.28033704,
         0.3078539 , 0.3345373 , 0.3068822 , 0.31501234],
        [0.32404384, 0.32996982, 0.33360595, 0.31898576, 0.2882875 ,
         0.32087258, 0.35339195, 0.32164037, 0.33270922],
        [0.33505982, 0.34209743, 0.34642875, 0.32769486, 0.29496273,
         0.33015275, 0.3671734 , 0.33187038, 0.34428716],
        [0.3448811 , 0.34947172, 0.3546834 , 0.33457705, 0.29900366,
         0.33522314, 0.37576324, 0.3373156 , 0.35279986],
        [0.35188004, 0.35480905, 0.35985434, 0.33932638, 0.30267212,
         0.3374006 , 0.38251132, 0.34103405, 0.3572167 ],
        [0.35877675, 0.35930198, 0.3635753 , 0.34188244, 0.30519247,
         0.3386485 , 0.38826907, 0.34435636, 0.36170498],
        [0.36426467, 0.3634022 , 0.36749983, 0.3434118 , 0.3065952 ,
         0.33920658, 0.39332107, 0.34702167, 0.36487812],
        [0.36874774, 0.36521414, 0.3701304 , 0.34557226, 0.30696732,
         0.33960977, 0.3971164 , 0.34906754, 0.36728725],
        [0.3709598 , 0.36777058, 0.3724508 , 0.34613886, 0.30647054,
         0.33946326, 0.39975318, 0.34973377, 0.36754513],
        [0.37157944, 0.37047592, 0.37385902, 0.34639144, 0.3065771 ,
         0.33932042, 0.40183857, 0.34976158, 0.3669591 ],
        [0.37258533, 0.3715137 , 0.37518886, 0.34687838, 0.30680916,
         0.33889914, 0.40321526, 0.3509067 , 0.366349  ],
        [0.37511244, 0.37428597, 0.3755793 , 0.34823307, 0.30712783,
         0.3389414 , 0.4041217 , 0.3507761 , 0.36695668],
        [0.37584805, 0.3767499 , 0.37697732, 0.35031605, 0.30778885,
         0.3383877 , 0.40491465, 0.34964788, 0.3680408 ],
        [0.37683758, 0.37787384, 0.37797597, 0.35151437, 0.30831185,
         0.33721164, 0.40477562, 0.34949967, 0.37004173],
        [0.37541947, 0.38058907, 0.3775052 , 0.3532271 , 0.30798647,
         0.33641872, 0.40558618, 0.34773952, 0.37011907],
        [0.372645  , 0.38414893, 0.37595534, 0.35422418, 0.30787298,
         0.33677155, 0.40619   , 0.34581825, 0.36881098],
        [0.3718785 , 0.3862168 , 0.3761876 , 0.3544427 , 0.30836836,
         0.33602783, 0.40528008, 0.34642154, 0.36859947],
        [0.3703332 , 0.38687423, 0.37698156, 0.35320604, 0.30911446,
         0.33513752, 0.40455732, 0.34737444, 0.36854973],
        [0.36945713, 0.38635477, 0.3780605 , 0.35112187, 0.3092828 ,
         0.33390117, 0.40359506, 0.34948832, 0.36880523],
        [0.37048668, 0.38658285, 0.37916532, 0.3495741 , 0.3099079 ,
         0.334372  , 0.40328765, 0.35015488, 0.3688883 ],
        [0.3718844 , 0.3861461 , 0.37977418, 0.34845603, 0.30986875,
         0.33543837, 0.40323398, 0.35041708, 0.37071308],
        [0.37462482, 0.3854552 , 0.38048846, 0.34961542, 0.30987778,
         0.3366038 , 0.404904  , 0.3501377 , 0.3708995 ],
        [0.37748882, 0.3831305 , 0.37983862, 0.34971204, 0.30858594,
         0.33642992, 0.4053218 , 0.3492187 , 0.37186158],
        [0.37762386, 0.3820822 , 0.37961373, 0.34882793, 0.3075149 ,
         0.33714548, 0.40596667, 0.34840253, 0.37311718],
        [0.376979  , 0.3818282 , 0.38049546, 0.3487959 , 0.30770198,
         0.33802605, 0.4069637 , 0.34814844, 0.37478253],
        [0.37599882, 0.38194576, 0.38095337, 0.35022914, 0.30908018,
         0.3382449 , 0.40733474, 0.3466881 , 0.37520412],
        [0.37506944, 0.38101393, 0.38069806, 0.3508623 , 0.31048805,
         0.33812535, 0.40825084, 0.3463448 , 0.37549698],
        [0.37602785, 0.3807664 , 0.379163  , 0.35114968, 0.31030855,
         0.33880204, 0.40808693, 0.34643152, 0.37505174],
        [0.37658095, 0.38190266, 0.37796554, 0.35185936, 0.31001136,
         0.3398601 , 0.40821782, 0.34802043, 0.375042  ],
        [0.37619844, 0.38276586, 0.37692952, 0.3527837 , 0.3096108 ,
         0.34087476, 0.40870664, 0.34976193, 0.37512204],
        [0.37629652, 0.38307136, 0.37642974, 0.3521437 , 0.30931804,
         0.34054834, 0.4102496 , 0.35191926, 0.37443924]]], dtype=float32), array([[[0.28140652, 0.2799104 , 0.28013355, 0.2818049 , 0.28035426,
         0.28137198, 0.280993  , 0.28048164, 0.27997214],
        [0.30869454, 0.31272984, 0.31426045, 0.30492762, 0.2805645 ,
         0.30784962, 0.33433   , 0.30808353, 0.31140032],
        [0.32453814, 0.32961044, 0.3306152 , 0.3198104 , 0.28872272,
         0.32139242, 0.35416266, 0.32237342, 0.32752877],
        [0.33724073, 0.34211197, 0.34233373, 0.3282775 , 0.2940614 ,
         0.3295824 , 0.36818695, 0.3314276 , 0.34004512],
        [0.3460018 , 0.351714  , 0.35062093, 0.33394584, 0.29728752,
         0.33465585, 0.37903947, 0.33664677, 0.348244  ],
        [0.35259905, 0.36005   , 0.35661098, 0.33735275, 0.30003086,
         0.33792776, 0.385804  , 0.33994645, 0.35378322],
        [0.35737917, 0.3653163 , 0.36107293, 0.3400412 , 0.3025053 ,
         0.33900067, 0.3915909 , 0.34218547, 0.35756943],
        [0.3603391 , 0.36927614, 0.36493742, 0.34165633, 0.30509642,
         0.33873662, 0.39577782, 0.34391478, 0.3589812 ],
        [0.36289933, 0.37200156, 0.36744094, 0.3420863 , 0.30644265,
         0.33807078, 0.39857095, 0.345258  , 0.36138788],
        [0.36519244, 0.37337235, 0.36926505, 0.34236535, 0.3073241 ,
         0.33777422, 0.39971033, 0.34532595, 0.3633304 ],
        [0.3664104 , 0.37467715, 0.37174985, 0.34286165, 0.30784968,
         0.3385307 , 0.39980984, 0.34556422, 0.3659497 ],
        [0.36751452, 0.37629816, 0.37320617, 0.3445241 , 0.3092344 ,
         0.34087557, 0.40054038, 0.34522653, 0.36848047],
        [0.3677363 , 0.37708354, 0.37384212, 0.34613758, 0.30992123,
         0.3432146 , 0.40145126, 0.3444575 , 0.37127998],
        [0.36700353, 0.3775073 , 0.374234  , 0.34786254, 0.3101404 ,
         0.34498143, 0.40282542, 0.34408468, 0.3725861 ],
        [0.36677676, 0.37783775, 0.3739165 , 0.35041448, 0.30997306,
         0.34575948, 0.4031836 , 0.3430418 , 0.37476224],
        [0.36745644, 0.37846634, 0.37582847, 0.3521533 , 0.3093071 ,
         0.34579825, 0.40328777, 0.34350684, 0.3774252 ],
        [0.36899662, 0.37764907, 0.37710002, 0.35297513, 0.30858693,
         0.34480754, 0.40202895, 0.34475777, 0.37963685],
        [0.36930928, 0.3774574 , 0.37745777, 0.35243943, 0.30845666,
         0.3442012 , 0.4003187 , 0.34629187, 0.38063636],
        [0.37120682, 0.37733856, 0.37763783, 0.3524357 , 0.30795202,
         0.3426919 , 0.40046498, 0.3471163 , 0.38048047],
        [0.37239394, 0.3773994 , 0.37776446, 0.35079202, 0.30844805,
         0.34172454, 0.4001671 , 0.34901267, 0.3795378 ],
        [0.37236604, 0.3770293 , 0.37836826, 0.34871173, 0.30810687,
         0.34022543, 0.40103382, 0.3510413 , 0.3784192 ],
        [0.37165663, 0.3776031 , 0.37905842, 0.34658542, 0.309844  ,
         0.3406847 , 0.40042472, 0.35312384, 0.3772318 ],
        [0.37109956, 0.37884948, 0.3793807 , 0.34618396, 0.31064564,
         0.34151295, 0.39917812, 0.35335946, 0.37717792],
        [0.36995417, 0.38080555, 0.37917647, 0.34767297, 0.3111289 ,
         0.34323186, 0.3987392 , 0.35236877, 0.37839702],
        [0.36816478, 0.3824838 , 0.37963754, 0.34988233, 0.3120014 ,
         0.34419906, 0.39997786, 0.3517916 , 0.3780492 ],
        [0.36723748, 0.38260898, 0.38025102, 0.35120237, 0.31205797,
         0.34253034, 0.40168354, 0.35296652, 0.37818334],
        [0.3683743 , 0.38239095, 0.3812312 , 0.3523854 , 0.31124336,
         0.3412879 , 0.4031463 , 0.3546198 , 0.3790717 ],
        [0.36882666, 0.38220575, 0.3818941 , 0.35361022, 0.31150737,
         0.33999684, 0.4051259 , 0.35584328, 0.37742093],
        [0.37015244, 0.38180566, 0.38228136, 0.3536958 , 0.3104279 ,
         0.33933607, 0.40571332, 0.35599914, 0.3769352 ],
        [0.37267306, 0.3801583 , 0.38131243, 0.35361925, 0.30974773,
         0.34060395, 0.40638146, 0.35608748, 0.37654725],
        [0.37457535, 0.37869355, 0.38062444, 0.35402554, 0.3091576 ,
         0.34131104, 0.40691656, 0.35547438, 0.37571943],
        [0.376207  , 0.3781745 , 0.3805496 , 0.35371   , 0.30855083,
         0.34234008, 0.40791404, 0.35484266, 0.37546834]]], dtype=float32), array([[[0.2823799 , 0.280213  , 0.2801799 , 0.28067398, 0.27985555,
         0.28025287, 0.28085384, 0.28110868, 0.28268123],
        [0.31092408, 0.31283808, 0.31672433, 0.30366284, 0.2810834 ,
         0.30669832, 0.33470044, 0.31044495, 0.31610936],
        [0.32675067, 0.3293112 , 0.3356374 , 0.31887108, 0.28930598,
         0.31908518, 0.35526893, 0.32686046, 0.33409306],
        [0.33792046, 0.3396149 , 0.3495407 , 0.3272093 , 0.29649022,
         0.32670715, 0.36892715, 0.3382164 , 0.3463002 ],
        [0.34694046, 0.34850267, 0.35956407, 0.33341804, 0.30097577,
         0.33137807, 0.37892008, 0.34653082, 0.35423627],
        [0.35323173, 0.35629937, 0.36676487, 0.3398133 , 0.30463225,
         0.33447787, 0.38706326, 0.35036367, 0.3589805 ],
        [0.35747445, 0.36238652, 0.37219548, 0.3444703 , 0.30636847,
         0.33850047, 0.3933882 , 0.3510004 , 0.36092377],
        [0.35993508, 0.36598283, 0.37446535, 0.34710008, 0.307128  ,
         0.3409393 , 0.39877185, 0.35080504, 0.36168984],
        [0.363707  , 0.3675739 , 0.37650535, 0.34874144, 0.30695838,
         0.34142995, 0.40240026, 0.35119554, 0.36326256],
        [0.3665194 , 0.3705189 , 0.3773691 , 0.34959775, 0.30714825,
         0.34141496, 0.4036347 , 0.3498859 , 0.3661055 ],
        [0.3696684 , 0.3721269 , 0.37630525, 0.34997973, 0.30686393,
         0.34184685, 0.40357813, 0.34855047, 0.36800516],
        [0.37048966, 0.37393755, 0.37622613, 0.34932667, 0.3065397 ,
         0.34215197, 0.403705  , 0.34775072, 0.3691623 ],
        [0.37065256, 0.37630692, 0.3758509 , 0.34943044, 0.3064048 ,
         0.34275174, 0.4036918 , 0.34712783, 0.3692098 ],
        [0.37126467, 0.37865627, 0.37501234, 0.3493756 , 0.3073363 ,
         0.34264958, 0.40369794, 0.3475459 , 0.36913377],
        [0.37203184, 0.3811776 , 0.37382084, 0.3484721 , 0.3080029 ,
         0.3422673 , 0.40374   , 0.3483477 , 0.3694653 ],
        [0.37296754, 0.38146195, 0.37229133, 0.34620965, 0.30864087,
         0.34335697, 0.40356115, 0.35027343, 0.3712398 ],
        [0.3740099 , 0.3816059 , 0.3720482 , 0.3462883 , 0.30910006,
         0.3438294 , 0.4042727 , 0.351331  , 0.3737982 ],
        [0.37265384, 0.38167158, 0.3717029 , 0.34572235, 0.31016928,
         0.34413514, 0.40492105, 0.35146084, 0.37403134],
        [0.3724562 , 0.38140163, 0.3706101 , 0.34654525, 0.3111396 ,
         0.3446408 , 0.4056028 , 0.35065034, 0.37285453],
        [0.37165707, 0.38092318, 0.37063944, 0.34892654, 0.3116398 ,
         0.34233573, 0.4053203 , 0.3475083 , 0.3726877 ],
        [0.37150723, 0.3809864 , 0.37159416, 0.3501925 , 0.31238198,
         0.34162003, 0.40549025, 0.34622505, 0.37399822],
        [0.37241656, 0.38138863, 0.37255123, 0.35134652, 0.31307957,
         0.34052983, 0.40573868, 0.3467386 , 0.375093  ],
        [0.37322655, 0.38201433, 0.37420708, 0.35210705, 0.31354576,
         0.3401821 , 0.40541923, 0.34693256, 0.37647864],
        [0.37355602, 0.3834147 , 0.37677628, 0.35221526, 0.3132604 ,
         0.34013814, 0.40631554, 0.34750918, 0.37791613],
        [0.3730914 , 0.383972  , 0.37891555, 0.3532133 , 0.31284922,
         0.34037587, 0.40791053, 0.34806275, 0.37792057],
        [0.37368065, 0.38318345, 0.38020477, 0.35429147, 0.3121789 ,
         0.34000558, 0.40907604, 0.34922934, 0.37791938],
        [0.37323734, 0.38243857, 0.38011834, 0.35410693, 0.3110881 ,
         0.3396106 , 0.40843308, 0.34875348, 0.3768778 ],
        [0.37317   , 0.38257962, 0.379001  , 0.35448542, 0.3105146 ,
         0.34055197, 0.4082    , 0.3476238 , 0.37503594],
        [0.3738065 , 0.38124847, 0.37687817, 0.3541983 , 0.31071493,
         0.33919126, 0.40747672, 0.34752175, 0.37386096],
        [0.37447533, 0.3796365 , 0.37563735, 0.354947  , 0.311937  ,
         0.33859685, 0.40549096, 0.34592927, 0.37409154],
        [0.37462515, 0.37893206, 0.37421733, 0.35443935, 0.31274205,
         0.34007338, 0.40517467, 0.34423426, 0.3726643 ],
        [0.37586775, 0.3781236 , 0.3739192 , 0.35506937, 0.3128425 ,
         0.3415689 , 0.404966  , 0.34233925, 0.37287778]]], dtype=float32), array([[[0.28113022, 0.28011653, 0.2809461 , 0.28064507, 0.280782  ,
         0.28130814, 0.28053713, 0.2813191 , 0.2817921 ],
        [0.30838555, 0.31294075, 0.31665477, 0.30444252, 0.2816725 ,
         0.30809107, 0.33441338, 0.31053963, 0.31451592],
        [0.32383186, 0.32880434, 0.33640927, 0.32060102, 0.2892165 ,
         0.3208915 , 0.35400414, 0.32503664, 0.33278587],
        [0.33636528, 0.3393435 , 0.3502363 , 0.33055875, 0.29506645,
         0.3290332 , 0.3675025 , 0.33537787, 0.34689185],
        [0.3462765 , 0.34811166, 0.35920542, 0.3379895 , 0.29875055,
         0.33510315, 0.3775911 , 0.34250575, 0.35808748],
        [0.3546907 , 0.35494235, 0.36509383, 0.34316707, 0.30086294,
         0.33942807, 0.38459665, 0.34715146, 0.36578578],
        [0.3600591 , 0.36097264, 0.36816794, 0.34537086, 0.30310446,
         0.34349012, 0.3888374 , 0.35045072, 0.37111187],
        [0.36479416, 0.36504808, 0.36988416, 0.34635648, 0.30403095,
         0.34577397, 0.39223945, 0.35356784, 0.37603447],
        [0.3685747 , 0.36800167, 0.37096742, 0.34710377, 0.30460533,
         0.34700724, 0.39529034, 0.35631436, 0.37813923],
        [0.3698646 , 0.3701582 , 0.3715912 , 0.35004348, 0.30519906,
         0.34735593, 0.39785287, 0.35494083, 0.37783208],
        [0.370747  , 0.37152743, 0.3712192 , 0.3523703 , 0.3059347 ,
         0.34652847, 0.39760834, 0.35236686, 0.3782364 ],
        [0.3717224 , 0.37300822, 0.37052724, 0.3543991 , 0.30640292,
         0.3457656 , 0.39755514, 0.3512146 , 0.37834567],
        [0.3722301 , 0.37364155, 0.37084007, 0.35529578, 0.307468  ,
         0.34512565, 0.39776418, 0.35149205, 0.378281  ],
        [0.37186113, 0.3742245 , 0.37131095, 0.35557884, 0.30846888,
         0.34349295, 0.397098  , 0.35089064, 0.378301  ],
        [0.37165442, 0.37601867, 0.3717243 , 0.3553004 , 0.30945772,
         0.34416255, 0.39715222, 0.35080704, 0.37846902],
        [0.371745  , 0.37632543, 0.37222758, 0.35452348, 0.31032145,
         0.3451199 , 0.39655903, 0.35002932, 0.37917516],
        [0.37159747, 0.37738752, 0.3727634 , 0.35416183, 0.30979848,
         0.34491855, 0.39704263, 0.34951216, 0.37955695],
        [0.37041274, 0.37782305, 0.37394172, 0.35430568, 0.3094243 ,
         0.34359795, 0.39639837, 0.3475869 , 0.38079724],
        [0.3696227 , 0.37752965, 0.37389407, 0.35313246, 0.31091407,
         0.34434277, 0.39511824, 0.34581053, 0.3814236 ],
        [0.36947685, 0.37640128, 0.37451398, 0.35248378, 0.31057128,
         0.34482327, 0.39424357, 0.34529793, 0.38288608],
        [0.36870262, 0.3754386 , 0.37551582, 0.3525065 , 0.3104346 ,
         0.3454239 , 0.39410707, 0.34467733, 0.3833001 ],
        [0.36777446, 0.37483066, 0.3767734 , 0.3515184 , 0.3095962 ,
         0.3452565 , 0.3950171 , 0.34550372, 0.38385892],
        [0.36864978, 0.37446856, 0.37746757, 0.35080191, 0.30893117,
         0.34499988, 0.39609987, 0.34769967, 0.38395885],
        [0.37040868, 0.37382236, 0.37813136, 0.35079026, 0.3075418 ,
         0.34392124, 0.39725217, 0.34892783, 0.38379312],
        [0.36990723, 0.37491667, 0.37937057, 0.35009754, 0.3079873 ,
         0.3423945 , 0.3971672 , 0.34922495, 0.38230363],
        [0.3712224 , 0.37611976, 0.3799514 , 0.34989575, 0.3082893 ,
         0.3423587 , 0.39695492, 0.34911475, 0.3800384 ],
        [0.37197042, 0.37705177, 0.37988424, 0.34899682, 0.30821073,
         0.34265184, 0.3971363 , 0.34978995, 0.37804404],
        [0.3725627 , 0.3785736 , 0.37931752, 0.34846342, 0.3069348 ,
         0.34278437, 0.3983225 , 0.35000506, 0.37695622],
        [0.37304622, 0.37915888, 0.378619  , 0.34841594, 0.30556607,
         0.3421574 , 0.39904755, 0.34854048, 0.3757081 ],
        [0.3733684 , 0.3795978 , 0.37865233, 0.34949145, 0.30482697,
         0.34173137, 0.39906147, 0.347212  , 0.37569398],
        [0.37432483, 0.37955767, 0.37908214, 0.3513611 , 0.30458108,
         0.3402777 , 0.40048566, 0.346126  , 0.37566242],
        [0.37461877, 0.37859836, 0.3796079 , 0.35239327, 0.304606  ,
         0.34060654, 0.40055227, 0.34498903, 0.3769845 ]]], dtype=float32), array([[[0.2816837 , 0.27959237, 0.2811641 , 0.28069597, 0.28087986,
         0.28207675, 0.28031227, 0.2809773 , 0.28112435],
        [0.30930537, 0.31074044, 0.31699553, 0.30408445, 0.28047118,
         0.31096005, 0.3334628 , 0.30946353, 0.31404784],
        [0.3241399 , 0.32577497, 0.33620596, 0.32016513, 0.2878416 ,
         0.324791  , 0.3528892 , 0.32379305, 0.33144134],
        [0.33604163, 0.33564788, 0.34931535, 0.3306561 , 0.29307497,
         0.33306488, 0.36606455, 0.33237287, 0.34395593],
        [0.34473822, 0.34317124, 0.35852158, 0.3372083 , 0.2973387 ,
         0.3398792 , 0.37614983, 0.33709875, 0.35227236],
        [0.35249916, 0.34921518, 0.36481974, 0.3426736 , 0.3002447 ,
         0.3433359 , 0.38382748, 0.339551  , 0.35828552],
        [0.35740405, 0.35358444, 0.36960956, 0.34792566, 0.30174065,
         0.3453984 , 0.38981032, 0.33920902, 0.36320707],
        [0.36115295, 0.35740373, 0.3734757 , 0.35140246, 0.30290017,
         0.34614795, 0.39475212, 0.34009728, 0.36724302],
        [0.36321014, 0.35972098, 0.37559104, 0.3531928 , 0.30507642,
         0.34698048, 0.3987809 , 0.34041676, 0.368293  ],
        [0.36498633, 0.36187547, 0.37670863, 0.3534784 , 0.3068141 ,
         0.3473482 , 0.40102753, 0.34163412, 0.3685052 ],
        [0.366311  , 0.363346  , 0.3785644 , 0.35406956, 0.3090272 ,
         0.34644157, 0.40298253, 0.34330136, 0.3680914 ],
        [0.36756805, 0.36470956, 0.37862578, 0.3534149 , 0.3101215 ,
         0.345781  , 0.40489873, 0.34486428, 0.36810336],
        [0.36862668, 0.36662045, 0.37877905, 0.35280314, 0.31021354,
         0.34449887, 0.4059659 , 0.3453548 , 0.3673454 ],
        [0.36955085, 0.368431  , 0.37898123, 0.3523421 , 0.3096693 ,
         0.34242675, 0.40724146, 0.3459378 , 0.36661002],
        [0.37034044, 0.36911398, 0.3790008 , 0.35192078, 0.30994967,
         0.34147722, 0.40792167, 0.3475481 , 0.36619887],
        [0.37105483, 0.36976135, 0.3794184 , 0.3505363 , 0.3101584 ,
         0.3407274 , 0.40799466, 0.34925306, 0.3658774 ],
        [0.37138787, 0.37011975, 0.37998757, 0.35054418, 0.30945146,
         0.3403329 , 0.4071814 , 0.34828332, 0.36613768],
        [0.37093198, 0.37102544, 0.380123  , 0.35010177, 0.3094302 ,
         0.3413767 , 0.4073112 , 0.34762543, 0.3667017 ],
        [0.37208536, 0.37206212, 0.3804212 , 0.35028693, 0.309942  ,
         0.3416134 , 0.4072538 , 0.34806693, 0.36769575],
        [0.3719039 , 0.37323022, 0.3804845 , 0.3509585 , 0.3106027 ,
         0.34230646, 0.40725726, 0.34803033, 0.36728323],
        [0.37042347, 0.37398073, 0.37992883, 0.3511192 , 0.3115431 ,
         0.34428152, 0.40589923, 0.34683418, 0.36708438],
        [0.37101933, 0.37472764, 0.37757546, 0.35067996, 0.3116102 ,
         0.34637356, 0.40504783, 0.34592292, 0.36797166],
        [0.36967707, 0.37613723, 0.37563545, 0.35030752, 0.3116595 ,
         0.34671557, 0.405805  , 0.3451321 , 0.36791256],
        [0.36812246, 0.37690222, 0.3753737 , 0.34976053, 0.31205136,
         0.34670815, 0.40562838, 0.3454211 , 0.36740872],
        [0.36661434, 0.37799174, 0.3749202 , 0.3492173 , 0.31298172,
         0.3466796 , 0.4064417 , 0.34601852, 0.36611754],
        [0.36765364, 0.37715393, 0.37437305, 0.34951246, 0.3121155 ,
         0.34517387, 0.40496814, 0.3454261 , 0.36657402],
        [0.3685139 , 0.3773044 , 0.37413633, 0.350031  , 0.3104767 ,
         0.34520036, 0.40461817, 0.34428734, 0.366726  ],
        [0.3707114 , 0.37571764, 0.37412408, 0.3500439 , 0.3106837 ,
         0.34439412, 0.40373224, 0.3450393 , 0.36692193],
        [0.37287912, 0.3742411 , 0.37426078, 0.34915012, 0.31042573,
         0.34391755, 0.40302432, 0.34737468, 0.36739814],
        [0.37496912, 0.37266454, 0.3739191 , 0.34864497, 0.31016415,
         0.3434032 , 0.40294826, 0.3497014 , 0.36890656],
        [0.37531486, 0.37185657, 0.37520275, 0.34865224, 0.30977738,
         0.34252247, 0.40332535, 0.3516128 , 0.36956063],
        [0.3754762 , 0.37242118, 0.37632874, 0.34847993, 0.3093524 ,
         0.34194842, 0.40257624, 0.35319108, 0.36974666]]], dtype=float32), array([[[0.28199786, 0.27993983, 0.27980912, 0.28094262, 0.27995   ,
         0.28099087, 0.2807098 , 0.28103253, 0.28026292],
        [0.3098551 , 0.3126952 , 0.3148495 , 0.30394062, 0.27970734,
         0.30924973, 0.33466524, 0.31001523, 0.31149632],
        [0.32628873, 0.3293484 , 0.3338522 , 0.3192283 , 0.2883533 ,
         0.32220754, 0.3548282 , 0.3270804 , 0.3277357 ],
        [0.33834973, 0.34205067, 0.34671605, 0.32763   , 0.29433352,
         0.3301193 , 0.36819655, 0.33821034, 0.34057686],
        [0.34815654, 0.351717  , 0.3557328 , 0.33326653, 0.29868242,
         0.33595103, 0.37725368, 0.34595147, 0.34996635],
        [0.35544482, 0.35821643, 0.36106014, 0.3376439 , 0.30229515,
         0.34036422, 0.3834251 , 0.35026133, 0.35702482],
        [0.3613476 , 0.3630747 , 0.3657092 , 0.3410153 , 0.30505532,
         0.3425846 , 0.38762832, 0.3535623 , 0.36283237],
        [0.36514536, 0.36613533, 0.3677412 , 0.3423691 , 0.30715075,
         0.34456557, 0.39083412, 0.3556141 , 0.36556664],
        [0.3683041 , 0.36806324, 0.36931708, 0.34411508, 0.30860934,
         0.34780896, 0.39310703, 0.3566826 , 0.36722893],
        [0.37106952, 0.36921498, 0.37149212, 0.3467684 , 0.30752394,
         0.3493348 , 0.39565203, 0.3550915 , 0.368921  ],
        [0.37489027, 0.36988083, 0.37357676, 0.34914243, 0.30577856,
         0.34981668, 0.39601564, 0.35399103, 0.37053388],
        [0.37562945, 0.37048802, 0.37474424, 0.34999087, 0.30489838,
         0.35062638, 0.39616403, 0.35232648, 0.3715714 ],
        [0.3753492 , 0.37027308, 0.37634078, 0.35084063, 0.30484757,
         0.35109785, 0.39652014, 0.35152015, 0.3718097 ],
        [0.37495777, 0.37162834, 0.37740368, 0.34996364, 0.30493674,
         0.35128096, 0.39648345, 0.35156506, 0.37229124],
        [0.37407035, 0.37433484, 0.37738928, 0.34847996, 0.30584738,
         0.35150433, 0.39748433, 0.35161063, 0.37273642],
        [0.37377125, 0.3760058 , 0.37753645, 0.34841046, 0.30716944,
         0.35218215, 0.39832872, 0.35191292, 0.37296766],
        [0.37231883, 0.37715828, 0.37843275, 0.34862134, 0.30779108,
         0.3518707 , 0.3997201 , 0.3523189 , 0.37363675],
        [0.372239  , 0.37785307, 0.38066697, 0.34948543, 0.3081707 ,
         0.35005403, 0.4010179 , 0.35217038, 0.37451026],
        [0.3726841 , 0.37725344, 0.38194904, 0.3492341 , 0.30861735,
         0.34792814, 0.40121293, 0.3531818 , 0.37489888],
        [0.3733668 , 0.37667462, 0.382375  , 0.34847343, 0.30884272,
         0.3466058 , 0.40073743, 0.35439226, 0.37494794],
        [0.37344104, 0.3774394 , 0.38245863, 0.34746647, 0.3095429 ,
         0.34750864, 0.40159112, 0.3552634 , 0.37441733],
        [0.3725916 , 0.37650618, 0.38254893, 0.34637046, 0.31020802,
         0.3478842 , 0.40233606, 0.35588986, 0.37255743],
        [0.3735844 , 0.37595606, 0.38275522, 0.3464994 , 0.31026137,
         0.34758583, 0.4021401 , 0.35554993, 0.37234762],
        [0.37364572, 0.37742287, 0.3835059 , 0.34679165, 0.3114395 ,
         0.3478522 , 0.4008769 , 0.3538198 , 0.37280214],
        [0.37362608, 0.37872076, 0.3842358 , 0.34692702, 0.31200176,
         0.34814677, 0.40048116, 0.3531272 , 0.3728728 ],
        [0.37347946, 0.3799071 , 0.38454556, 0.34718424, 0.31227782,
         0.34925655, 0.4004412 , 0.35241848, 0.37310365],
        [0.37224177, 0.38105115, 0.38455644, 0.34894514, 0.31207553,
         0.35132375, 0.40073168, 0.35036987, 0.37379304],
        [0.37110677, 0.38187626, 0.38515028, 0.34992146, 0.3121348 ,
         0.35312048, 0.40086743, 0.35049084, 0.37449545],
        [0.37070033, 0.38331196, 0.38524336, 0.3510932 , 0.3109216 ,
         0.3548776 , 0.40278295, 0.34924585, 0.374541  ],
        [0.37023476, 0.38339713, 0.38587633, 0.3525141 , 0.30969182,
         0.35517943, 0.4043656 , 0.34902513, 0.37526062],
        [0.37056857, 0.38203874, 0.38497066, 0.3528212 , 0.30913386,
         0.35396713, 0.4054445 , 0.35094646, 0.3756449 ],
        [0.3704386 , 0.38094848, 0.38522643, 0.352726  , 0.30811512,
         0.35303932, 0.40555653, 0.35195866, 0.3763971 ]]], dtype=float32), array([[[0.2809319 , 0.28054282, 0.28086382, 0.28080776, 0.28071207,
         0.28164917, 0.28041378, 0.2802411 , 0.27942818],
        [0.30853027, 0.31169856, 0.31693384, 0.30348715, 0.2809836 ,
         0.3096438 , 0.3326657 , 0.30889684, 0.31154552],
        [0.32425302, 0.32826373, 0.33493847, 0.3189974 , 0.2880602 ,
         0.3230151 , 0.35124633, 0.3233096 , 0.32891902],
        [0.33481437, 0.33960804, 0.34769934, 0.3284358 , 0.29232362,
         0.3309139 , 0.36405143, 0.3317244 , 0.3418135 ],
        [0.3419575 , 0.3491707 , 0.35674506, 0.33433685, 0.29630786,
         0.33743554, 0.37320986, 0.33691403, 0.35079157],
        [0.34750214, 0.35677224, 0.3634098 , 0.338282  , 0.29921997,
         0.34218332, 0.38049883, 0.34092006, 0.35681883],
        [0.3526743 , 0.36233872, 0.36792597, 0.34206128, 0.30072317,
         0.3457616 , 0.38688216, 0.342567  , 0.36107677],
        [0.356689  , 0.36685887, 0.37072515, 0.34528655, 0.30236858,
         0.3487635 , 0.3916438 , 0.34321347, 0.3643161 ],
        [0.36045754, 0.36758012, 0.37341374, 0.3473807 , 0.30459973,
         0.3481618 , 0.39474756, 0.3442859 , 0.36580157],
        [0.36188814, 0.3677653 , 0.37493294, 0.34863165, 0.30639043,
         0.34707367, 0.39632958, 0.34441897, 0.366981  ],
        [0.36386454, 0.3676397 , 0.3766216 , 0.34919944, 0.30677643,
         0.34558618, 0.3975535 , 0.3458141 , 0.3672933 ],
        [0.36477432, 0.36853316, 0.37795216, 0.3485981 , 0.30720383,
         0.3442561 , 0.39814478, 0.34707218, 0.36835286],
        [0.36630458, 0.3707315 , 0.37794116, 0.34695885, 0.3073396 ,
         0.34427753, 0.39904985, 0.34862238, 0.3684712 ],
        [0.36777845, 0.37236118, 0.37770465, 0.34604967, 0.30716118,
         0.34427536, 0.39974302, 0.3503874 , 0.3690341 ],
        [0.36921126, 0.3734784 , 0.37843266, 0.34477952, 0.30789313,
         0.34463176, 0.39944628, 0.3518835 , 0.36943716],
        [0.370474  , 0.3752955 , 0.37900293, 0.34420606, 0.30827564,
         0.3441818 , 0.40022707, 0.35349426, 0.3699381 ],
        [0.37092692, 0.37662888, 0.3796291 , 0.3441038 , 0.30856106,
         0.34448072, 0.4008951 , 0.3541281 , 0.36977684],
        [0.3705932 , 0.37740263, 0.38064688, 0.343502  , 0.30791864,
         0.3454051 , 0.40234596, 0.3543406 , 0.36983553],
        [0.36991996, 0.37803945, 0.38136142, 0.34310228, 0.30827853,
         0.34567598, 0.4026743 , 0.3544251 , 0.3711748 ],
        [0.36998835, 0.37901047, 0.3807746 , 0.34316683, 0.30818805,
         0.3455239 , 0.40301618, 0.35440996, 0.3720547 ],
        [0.36920884, 0.37825567, 0.37977308, 0.34280863, 0.30816987,
         0.34630674, 0.40327498, 0.35557604, 0.37238252],
        [0.3690749 , 0.3787967 , 0.37851042, 0.34259248, 0.30986363,
         0.34787288, 0.40343803, 0.35738873, 0.37219983],
        [0.36887267, 0.37842128, 0.3777616 , 0.34245512, 0.31138048,
         0.34917703, 0.40259582, 0.35871848, 0.37203673],
        [0.368747  , 0.37707138, 0.37719598, 0.3419452 , 0.31255803,
         0.3492771 , 0.40178972, 0.36043262, 0.37164515],
        [0.3691706 , 0.37521857, 0.37751922, 0.34406394, 0.31268993,
         0.34696263, 0.4019104 , 0.3607439 , 0.37282598],
        [0.37057495, 0.37261674, 0.37725323, 0.34537244, 0.31174213,
         0.34450203, 0.4018128 , 0.36122686, 0.3734678 ],
        [0.37089482, 0.3718606 , 0.3772445 , 0.34553745, 0.3106506 ,
         0.34343597, 0.40164742, 0.3617028 , 0.3740806 ],
        [0.37114862, 0.3716312 , 0.37791988, 0.34551564, 0.3093138 ,
         0.3427766 , 0.4009146 , 0.36203733, 0.37394175],
        [0.37070873, 0.37223372, 0.37942827, 0.34506398, 0.30930305,
         0.3444062 , 0.4009398 , 0.36211762, 0.37253404],
        [0.3705409 , 0.37308076, 0.38050237, 0.3442555 , 0.3099619 ,
         0.3453447 , 0.40043235, 0.36279932, 0.37166947],
        [0.3697111 , 0.37507674, 0.38067886, 0.34371042, 0.3100363 ,
         0.34670323, 0.3999354 , 0.3612569 , 0.37133408],
        [0.3699833 , 0.37649867, 0.3814767 , 0.34323296, 0.3090067 ,
         0.34724072, 0.40027633, 0.36114025, 0.37210956]]], dtype=float32), array([[[0.28121656, 0.28047335, 0.28028086, 0.281124  , 0.2801669 ,
         0.28127402, 0.2807522 , 0.28047723, 0.27978817],
        [0.30937597, 0.31161767, 0.31612018, 0.3039531 , 0.28011423,
         0.30896023, 0.33368164, 0.30970633, 0.31130973],
        [0.3257563 , 0.32759747, 0.3351135 , 0.31954175, 0.28710926,
         0.3206002 , 0.3527031 , 0.3246067 , 0.3290795 ],
        [0.3374406 , 0.33934343, 0.34820977, 0.32956895, 0.29166588,
         0.3271119 , 0.3653006 , 0.33322358, 0.3417014 ],
        [0.34703532, 0.34803453, 0.35805786, 0.3365552 , 0.29545262,
         0.33213994, 0.37495273, 0.33982593, 0.35161752],
        [0.3539245 , 0.3551129 , 0.36458358, 0.34005988, 0.29803   ,
         0.33556205, 0.38105273, 0.34466773, 0.35810918],
        [0.35994765, 0.36085695, 0.36865738, 0.34235314, 0.29957524,
         0.33801168, 0.38548556, 0.34837264, 0.36219606],
        [0.364196  , 0.3650083 , 0.3713863 , 0.34465003, 0.30051118,
         0.34056595, 0.38871372, 0.3499062 , 0.364864  ],
        [0.36838225, 0.36750576, 0.37302506, 0.34631383, 0.3010339 ,
         0.3416015 , 0.3901803 , 0.352013  , 0.36666194],
        [0.37060413, 0.3712838 , 0.37393078, 0.34773126, 0.30173877,
         0.34248984, 0.390415  , 0.3536684 , 0.3668578 ],
        [0.37104493, 0.37416583, 0.37381423, 0.34767175, 0.30330357,
         0.34331885, 0.39099297, 0.35497913, 0.36745414],
        [0.3716239 , 0.3765395 , 0.37504953, 0.34806216, 0.30585137,
         0.34461355, 0.39245865, 0.35527107, 0.36750183],
        [0.37199166, 0.3768866 , 0.3745324 , 0.3481133 , 0.30796432,
         0.34566638, 0.392982  , 0.35446936, 0.36704633],
        [0.37284106, 0.37742478, 0.37390253, 0.34891424, 0.3087338 ,
         0.34555483, 0.39386502, 0.3535327 , 0.36661938],
        [0.3740742 , 0.3772618 , 0.37364772, 0.34820485, 0.3091817 ,
         0.3461274 , 0.39341545, 0.35440874, 0.36583316],
        [0.37416896, 0.37751865, 0.3737025 , 0.34687185, 0.3079472 ,
         0.34689674, 0.39360213, 0.35395834, 0.36651313],
        [0.37207803, 0.3787166 , 0.3734908 , 0.3458015 , 0.30719468,
         0.34732252, 0.39410016, 0.352716  , 0.36769283],
        [0.36929125, 0.3795839 , 0.3745926 , 0.34516302, 0.30594793,
         0.34800383, 0.3941751 , 0.35184523, 0.36987737],
        [0.36860332, 0.37919518, 0.3746758 , 0.34490386, 0.30626744,
         0.34786472, 0.3930938 , 0.35072353, 0.37212178],
        [0.36817098, 0.37865087, 0.3751369 , 0.3456064 , 0.307037  ,
         0.347158  , 0.39294857, 0.34997144, 0.37306225],
        [0.36900696, 0.377639  , 0.37422863, 0.34553474, 0.30858618,
         0.34749654, 0.39204812, 0.35123888, 0.37352827],
        [0.370471  , 0.3758113 , 0.37306756, 0.3460676 , 0.3099267 ,
         0.3476967 , 0.39171305, 0.35340986, 0.37382707],
        [0.37162358, 0.37390485, 0.37274796, 0.3476443 , 0.30972332,
         0.3477387 , 0.39055687, 0.3530943 , 0.374558  ],
        [0.3720713 , 0.37259647, 0.3726243 , 0.3483673 , 0.30981335,
         0.34723598, 0.38962704, 0.35330704, 0.3757629 ],
        [0.3722259 , 0.3718643 , 0.37333006, 0.34894848, 0.3097569 ,
         0.34549537, 0.38997853, 0.35422692, 0.37711194],
        [0.37199044, 0.37223956, 0.37354016, 0.34861857, 0.31044587,
         0.3443546 , 0.38942257, 0.3562639 , 0.37782633],
        [0.3721064 , 0.37269133, 0.37492695, 0.34825623, 0.3109089 ,
         0.34392297, 0.38913575, 0.358615  , 0.37855908],
        [0.37279326, 0.37306035, 0.37538666, 0.3482515 , 0.31001878,
         0.34513187, 0.38953698, 0.35975435, 0.3796233 ],
        [0.37214687, 0.3741545 , 0.37586692, 0.34763134, 0.31063014,
         0.34664908, 0.38895884, 0.36029655, 0.38009137],
        [0.3725447 , 0.3749888 , 0.37580007, 0.34778348, 0.31106293,
         0.3480177 , 0.38928738, 0.35991362, 0.37930256],
        [0.3724657 , 0.37555134, 0.37569168, 0.34763804, 0.31095004,
         0.34921104, 0.39071065, 0.35974485, 0.37716606],
        [0.37203678, 0.37356433, 0.3763746 , 0.34603786, 0.31045866,
         0.34980318, 0.39169657, 0.3594361 , 0.37550157]]], dtype=float32), array([[[0.28039765, 0.27946165, 0.27992925, 0.28125513, 0.27958792,
         0.28275153, 0.27975088, 0.27925998, 0.27956954],
        [0.3074983 , 0.3113314 , 0.31398132, 0.3032436 , 0.27890593,
         0.3122418 , 0.33192372, 0.30614263, 0.3104521 ],
        [0.3230837 , 0.32676396, 0.3316606 , 0.31959182, 0.28624767,
         0.3248249 , 0.35185406, 0.32016444, 0.3266153 ],
        [0.33497226, 0.33926558, 0.3436993 , 0.32935163, 0.29171455,
         0.33331934, 0.36534247, 0.32954937, 0.3382947 ],
        [0.34412026, 0.34833023, 0.35218406, 0.33556396, 0.29529664,
         0.33858097, 0.37549707, 0.3358796 , 0.34755328],
        [0.3510518 , 0.35458216, 0.3581182 , 0.33968058, 0.29821908,
         0.3417356 , 0.3837704 , 0.3409263 , 0.3536725 ],
        [0.35567364, 0.35870722, 0.36320347, 0.34266204, 0.30080408,
         0.34410638, 0.39013723, 0.34472936, 0.35709757],
        [0.35971567, 0.35982773, 0.36651394, 0.34450635, 0.30270752,
         0.34506387, 0.39399812, 0.34677967, 0.3578932 ],
        [0.36321455, 0.3599122 , 0.36974806, 0.34552655, 0.3044611 ,
         0.34506872, 0.3968488 , 0.3476822 , 0.35801333],
        [0.36575815, 0.36139113, 0.37191322, 0.34606722, 0.30576733,
         0.34580904, 0.39818543, 0.34849095, 0.35823497],
        [0.3670684 , 0.3624781 , 0.3739548 , 0.34512904, 0.3064454 ,
         0.34426314, 0.3995171 , 0.34980336, 0.35733005],
        [0.366723  , 0.36449248, 0.37502307, 0.34512642, 0.30788052,
         0.34358612, 0.3993777 , 0.34986982, 0.35682735],
        [0.3680938 , 0.36613715, 0.3760029 , 0.34583443, 0.30846325,
         0.34321234, 0.39789733, 0.34865248, 0.3559154 ],
        [0.36796314, 0.36661378, 0.37801895, 0.34641632, 0.3077748 ,
         0.3420681 , 0.39860854, 0.34838334, 0.35522345],
        [0.36863807, 0.36759418, 0.37962326, 0.3470213 , 0.30698898,
         0.33954033, 0.39911592, 0.3489815 , 0.35626614],
        [0.36911625, 0.36964718, 0.38046387, 0.3476097 , 0.3060135 ,
         0.33696166, 0.39911264, 0.34945858, 0.35731483],
        [0.3687881 , 0.37160105, 0.38137797, 0.3484091 , 0.30569747,
         0.33457884, 0.39905545, 0.34927475, 0.35869783],
        [0.36851057, 0.37461373, 0.38264844, 0.34815338, 0.30585897,
         0.33329028, 0.39754087, 0.34964404, 0.36097094],
        [0.3691409 , 0.37706748, 0.38336697, 0.3471387 , 0.3059203 ,
         0.3330704 , 0.39640164, 0.35089228, 0.3625142 ],
        [0.3712451 , 0.3775715 , 0.38300207, 0.34690547, 0.3064001 ,
         0.3345199 , 0.39558393, 0.35148814, 0.36293936],
        [0.3731494 , 0.37612653, 0.38116756, 0.34618452, 0.30763462,
         0.33590922, 0.3951877 , 0.35241246, 0.36264503],
        [0.37403595, 0.3753513 , 0.3789551 , 0.34562472, 0.3090341 ,
         0.3366764 , 0.39319035, 0.35114068, 0.36300385],
        [0.37320685, 0.3750996 , 0.37827995, 0.3454286 , 0.31070432,
         0.33758143, 0.39089155, 0.35112256, 0.36410013],
        [0.37334102, 0.37439352, 0.37727723, 0.34553367, 0.3115199 ,
         0.3387911 , 0.38940632, 0.35173655, 0.36529356],
        [0.37293258, 0.37429145, 0.3765185 , 0.34691334, 0.31263298,
         0.34041807, 0.38934448, 0.3519746 , 0.3665368 ],
        [0.37235045, 0.37493226, 0.375712  , 0.3465362 , 0.3123672 ,
         0.34201038, 0.38907024, 0.35315588, 0.36759058],
        [0.37308022, 0.3743214 , 0.37470275, 0.346511  , 0.31175533,
         0.34133446, 0.38824272, 0.35431033, 0.36847314],
        [0.37435067, 0.37454453, 0.3722115 , 0.3472955 , 0.30998942,
         0.341211  , 0.38909006, 0.35315272, 0.36807922],
        [0.37373495, 0.37373862, 0.37094235, 0.34692276, 0.309946  ,
         0.34068108, 0.38990077, 0.35289606, 0.36749187],
        [0.37312105, 0.37324342, 0.36984834, 0.3457038 , 0.31031376,
         0.34019578, 0.38956252, 0.35320202, 0.36710033],
        [0.37182638, 0.37269807, 0.36983645, 0.34322268, 0.31005216,
         0.3398127 , 0.38974324, 0.35402262, 0.36616674],
        [0.36991978, 0.3728312 , 0.3707393 , 0.34140638, 0.31026694,
         0.34046915, 0.3893106 , 0.35473475, 0.3664524 ]]], dtype=float32), array([[[0.2811892 , 0.2795697 , 0.28034896, 0.28017855, 0.27962247,
         0.2823019 , 0.28023282, 0.28108937, 0.28045908],
        [0.30854186, 0.31148967, 0.31576636, 0.30255547, 0.28005987,
         0.31078562, 0.3325715 , 0.30951664, 0.3122566 ],
        [0.323482  , 0.32746732, 0.33378714, 0.31766194, 0.28822026,
         0.3238927 , 0.3517212 , 0.3248742 , 0.32794487],
        [0.33484924, 0.33801743, 0.34644544, 0.32685468, 0.29410398,
         0.3310383 , 0.36430946, 0.33442825, 0.33820394],
        [0.34388855, 0.34628245, 0.35555398, 0.33321345, 0.29711342,
         0.33652762, 0.37298226, 0.33923504, 0.3466495 ],
        [0.35064182, 0.3530892 , 0.36241266, 0.33798558, 0.29931888,
         0.33953434, 0.37941203, 0.34253305, 0.35291907],
        [0.35446534, 0.35871077, 0.3674497 , 0.34029183, 0.3005843 ,
         0.34249783, 0.3837132 , 0.34422696, 0.35749748],
        [0.35769895, 0.36330196, 0.37041783, 0.3427532 , 0.30028045,
         0.34399307, 0.38721636, 0.34473997, 0.3608654 ],
        [0.36078006, 0.36591715, 0.37312776, 0.3437968 , 0.30039218,
         0.34451446, 0.39010364, 0.34578466, 0.36379042],
        [0.3636545 , 0.3673771 , 0.37572798, 0.34428817, 0.3009683 ,
         0.34475893, 0.39133394, 0.34714577, 0.36576006],
        [0.3655097 , 0.3668319 , 0.37692875, 0.34325796, 0.3011944 ,
         0.3451595 , 0.3922562 , 0.3480526 , 0.36682075],
        [0.36685395, 0.36729175, 0.3766267 , 0.34221542, 0.299901  ,
         0.34649745, 0.39319986, 0.34798557, 0.3684996 ],
        [0.36806676, 0.36717844, 0.37736154, 0.34175506, 0.3000261 ,
         0.34736967, 0.39342043, 0.3490782 , 0.36952522],
        [0.36891776, 0.36889344, 0.37792856, 0.34117067, 0.30089867,
         0.34724712, 0.39269042, 0.3498352 , 0.37071872],
        [0.36875826, 0.3698275 , 0.37974006, 0.34157237, 0.3013819 ,
         0.34572494, 0.39248708, 0.34993383, 0.37210673],
        [0.36839244, 0.37039837, 0.38040966, 0.34069982, 0.30169037,
         0.34506136, 0.3919842 , 0.35184827, 0.37405148],
        [0.36781064, 0.37112418, 0.3813312 , 0.33981797, 0.30269933,
         0.34468025, 0.3908866 , 0.3530818 , 0.37560087],
        [0.3672985 , 0.37217152, 0.38215128, 0.33940384, 0.30310294,
         0.34476367, 0.3898918 , 0.35386154, 0.37710088],
        [0.3674419 , 0.37271485, 0.38367432, 0.33990002, 0.30391344,
         0.3433834 , 0.3901859 , 0.3554758 , 0.37783307],
        [0.36838055, 0.37206906, 0.384557  , 0.34108955, 0.30357882,
         0.3433144 , 0.38999346, 0.35605833, 0.37768897],
        [0.36997768, 0.3707779 , 0.38528332, 0.34120288, 0.30259365,
         0.3427056 , 0.39021266, 0.35661972, 0.37768015],
        [0.37123087, 0.3720614 , 0.38656116, 0.3413398 , 0.30241534,
         0.34329093, 0.3898523 , 0.35582903, 0.377243  ],
        [0.37113115, 0.37317374, 0.3877089 , 0.34159738, 0.30177402,
         0.3450282 , 0.39060357, 0.35500258, 0.3766669 ],
        [0.3708544 , 0.37406224, 0.38835952, 0.34161302, 0.30149335,
         0.34577623, 0.39069605, 0.35589954, 0.37638018],
        [0.37074542, 0.37564874, 0.38839358, 0.34083444, 0.30161682,
         0.34647006, 0.39054084, 0.3559174 , 0.3762725 ],
        [0.37181422, 0.37694207, 0.38818327, 0.3407143 , 0.30193555,
         0.34735823, 0.39054203, 0.35625684, 0.3763979 ],
        [0.37355784, 0.3772631 , 0.38800532, 0.34125188, 0.30163643,
         0.34764737, 0.390766  , 0.35653746, 0.37696543],
        [0.37267217, 0.37748286, 0.38788462, 0.33996385, 0.30214533,
         0.34796628, 0.39145684, 0.3566463 , 0.37702766],
        [0.37221834, 0.3786077 , 0.38729578, 0.3386185 , 0.30283442,
         0.34881404, 0.3926499 , 0.3573512 , 0.37722182],
        [0.37192047, 0.38053185, 0.3859135 , 0.33872956, 0.3035816 ,
         0.34949452, 0.39410844, 0.3574532 , 0.37706882],
        [0.37169924, 0.38180044, 0.38369554, 0.3393908 , 0.3034834 ,
         0.3492616 , 0.39486554, 0.35823968, 0.3759633 ],
        [0.3703964 , 0.38289782, 0.3822811 , 0.34036264, 0.30327258,
         0.3497834 , 0.39588797, 0.35778815, 0.3746351 ]]], dtype=float32)]