tf.Tensor(
[[[0.27918792 0.2809084  0.28111818 0.28064367 0.27902004 0.28336108
   0.28061914 0.28057534 0.2801925 ]
  [0.30545762 0.31399068 0.31777927 0.30215746 0.2784216  0.3135474
   0.33275694 0.31021312 0.31270418]
  [0.3209806  0.33085796 0.3364824  0.31596965 0.28508246 0.32845876
   0.35268056 0.3267013  0.32981262]
  [0.33236885 0.34271574 0.34895554 0.3242565  0.29012302 0.33660847
   0.36479846 0.336337   0.34175822]
  [0.3409573  0.350492   0.35784855 0.3288216  0.29405627 0.3425122
   0.37320942 0.34271646 0.35048854]
  [0.34524003 0.35798118 0.3637634  0.33142686 0.2965878  0.3463404
   0.37994274 0.3458877  0.35621285]
  [0.34939623 0.3632834  0.36904877 0.33423638 0.29835978 0.34811428
   0.38437155 0.34757125 0.36196238]
  [0.35360566 0.36614755 0.37221232 0.33592469 0.2992187  0.34900206
   0.38727662 0.34910083 0.36560288]
  [0.35641482 0.37017053 0.3746991  0.33822843 0.29908952 0.34956512
   0.38892838 0.34823295 0.36845437]
  [0.35812217 0.37248945 0.37789726 0.33987203 0.2989833  0.34809947
   0.39006436 0.34804815 0.37132016]
  [0.36008063 0.37362477 0.3794945  0.34203735 0.298563   0.34627742
   0.3913428  0.3482249  0.3716012 ]
  [0.36273295 0.37475052 0.37992743 0.34388468 0.2981377  0.34555402
   0.39117706 0.34843212 0.37248448]
  [0.3641138  0.37560093 0.38025144 0.344504   0.29853314 0.34557033
   0.39087787 0.34916672 0.3717443 ]
  [0.36568633 0.37671924 0.38035825 0.34405538 0.2996258  0.34583798
   0.3901221  0.34974393 0.3707396 ]
  [0.3667075  0.3779193  0.37861255 0.34295332 0.3003132  0.34614673
   0.38913634 0.34939712 0.36903796]
  [0.36620218 0.37744474 0.37692    0.34211072 0.30021706 0.34631866
   0.38892254 0.34889427 0.36898807]
  [0.36596766 0.37637296 0.37554237 0.3411539  0.3013187  0.34809548
   0.38910103 0.34971365 0.36869845]
  [0.36513054 0.37432262 0.375307   0.3406659  0.3016009  0.34969038
   0.3903038  0.35094452 0.3687762 ]
  [0.3653712  0.3727514  0.37615108 0.3409993  0.30172038 0.34922832
   0.3906108  0.35112098 0.36971   ]
  [0.3661678  0.37166804 0.3768599  0.34158486 0.30174673 0.3497653
   0.39064395 0.35114092 0.37073255]
  [0.36825636 0.3715736  0.37766927 0.34357035 0.30214244 0.35055864
   0.3913466  0.35179302 0.3712728 ]
  [0.3695093  0.37207684 0.378198   0.34399664 0.3030724  0.3506676
   0.392099   0.35273406 0.37175873]
  [0.37051076 0.37180522 0.37918434 0.34423587 0.3038045  0.35083142
   0.39243367 0.3533633  0.37145528]
  [0.37070066 0.37189114 0.37952605 0.34347337 0.30450547 0.3508071
   0.39241946 0.35432285 0.3711793 ]
  [0.3713121  0.3717152  0.37851188 0.3434689  0.30519885 0.35091826
   0.39190328 0.3542289  0.37062055]
  [0.3707859  0.37255883 0.3779074  0.34325147 0.30591792 0.34947106
   0.39119625 0.35574144 0.36934143]
  [0.37025928 0.37386152 0.37738022 0.34437317 0.306486   0.34892395
   0.38987637 0.35591212 0.36862215]
  [0.3696711  0.37590134 0.3769892  0.34470204 0.30676314 0.35010585
   0.38973537 0.35587794 0.36852542]
  [0.36955884 0.3765796  0.37665915 0.344593   0.3070502  0.35046723
   0.3899347  0.35657483 0.369162  ]
  [0.37049896 0.3762627  0.37483123 0.34446505 0.30768552 0.35112154
   0.39030117 0.3568798  0.3688956 ]
  [0.37062022 0.3758536  0.37374216 0.3455457  0.30774742 0.35131285
   0.3913081  0.35631898 0.36714   ]
  [0.3702987  0.37525076 0.37364584 0.34675455 0.30708322 0.35213178
   0.39207712 0.3552626  0.36608168]]], shape=(1, 32, 9), dtype=float32)