[array([[[6.37776824e-03, 7.23879516e-01, 1.82430409e-02, 5.96414916e-02,
         6.64871097e-01, 4.22176532e-02, 6.46137414e-05, 6.75549963e-05,
         1.36360899e-03],
        [5.16833412e-03, 8.49125862e-01, 4.57312167e-03, 3.17494408e-03,
         2.60205120e-01, 1.66873459e-03, 1.89646312e-06, 8.88626710e-06,
         6.23309170e-04],
        [1.41229099e-02, 8.61604571e-01, 4.25216602e-03, 4.38379531e-04,
         5.74807189e-02, 4.93005209e-04, 5.14109104e-07, 3.61275056e-06,
         4.85451368e-04],
        [5.65521605e-02, 7.44906723e-01, 6.57516811e-03, 1.21286437e-04,
         1.40640428e-02, 3.07604758e-04, 3.09445340e-07, 2.54672068e-06,
         6.84084313e-04],
        [9.09767225e-02, 6.16498411e-01, 9.60265193e-03, 9.38502126e-05,
         9.15436819e-03, 2.80618726e-04, 2.86579620e-07, 2.66966731e-06,
         1.08491012e-03],
        [1.27609834e-01, 4.33813214e-01, 1.44048668e-02, 9.69930552e-05,
         7.52333179e-03, 4.03896120e-04, 3.63024071e-07, 3.81771497e-06,
         1.73373648e-03],
        [1.30167753e-01, 4.02292013e-01, 1.46296807e-02, 1.09643501e-04,
         6.39349129e-03, 3.74093797e-04, 4.11022938e-07, 4.06286881e-06,
         1.96481030e-03],
        [1.17841281e-01, 4.46526378e-01, 1.32435439e-02, 1.16676492e-04,
         5.62266633e-03, 2.97248422e-04, 4.25309793e-07, 3.91125332e-06,
         1.72646681e-03],
        [9.81658995e-02, 5.01078725e-01, 1.11670522e-02, 1.48177453e-04,
         6.00192975e-03, 2.63243972e-04, 4.46426071e-07, 3.65804067e-06,
         1.40009634e-03],
        [1.17065541e-01, 4.47868526e-01, 1.28698079e-02, 1.53064917e-04,
         4.69696010e-03, 2.88650452e-04, 4.85494468e-07, 4.18530817e-06,
         1.48288033e-03],
        [9.30109695e-02, 5.06812513e-01, 1.12446276e-02, 1.84983190e-04,
         5.88478055e-03, 2.59995519e-04, 5.00461510e-07, 4.12139207e-06,
         1.30594266e-03],
        [8.75075683e-02, 5.26414871e-01, 1.15458844e-02, 1.92850988e-04,
         6.15904853e-03, 2.65225826e-04, 4.76964715e-07, 4.48901483e-06,
         1.18156674e-03],
        [1.31119758e-01, 4.06999499e-01, 1.45412125e-02, 1.65060279e-04,
         4.24201228e-03, 3.21313826e-04, 5.21052357e-07, 4.86698309e-06,
         1.53104914e-03],
        [1.60029694e-01, 3.21283042e-01, 1.80088915e-02, 1.56670896e-04,
         4.50567808e-03, 4.30956628e-04, 6.24733389e-07, 5.91701701e-06,
         1.85634859e-03],
        [1.78447053e-01, 2.67597497e-01, 2.07291003e-02, 1.59502102e-04,
         4.53284010e-03, 4.72143467e-04, 6.77217827e-07, 6.27941972e-06,
         1.95289415e-03],
        [1.50845975e-01, 3.29881728e-01, 1.69906355e-02, 1.69724313e-04,
         4.14460758e-03, 3.78355471e-04, 6.14214684e-07, 5.64861557e-06,
         1.91081315e-03],
        [1.40287966e-01, 3.64804208e-01, 1.57776661e-02, 1.78083879e-04,
         4.02694382e-03, 3.17052094e-04, 5.89014746e-07, 5.49700280e-06,
         1.79326488e-03],
        [9.79610309e-02, 4.53535438e-01, 1.27131073e-02, 2.66045565e-04,
         5.07851038e-03, 2.65181094e-04, 5.35181414e-07, 5.75729428e-06,
         1.76311401e-03],
        [1.33088529e-01, 3.87117445e-01, 1.53591223e-02, 2.16961067e-04,
         3.72437108e-03, 3.04862915e-04, 5.59013529e-07, 5.58305192e-06,
         1.76447630e-03],
        [1.13923617e-01, 4.25300956e-01, 1.38819106e-02, 2.37271393e-04,
         4.42845467e-03, 2.82481342e-04, 5.56574946e-07, 5.82677194e-06,
         1.77039474e-03],
        [9.25973952e-02, 4.83389288e-01, 1.30849360e-02, 3.06725793e-04,
         5.31916926e-03, 2.75135069e-04, 5.16949058e-07, 6.31244302e-06,
         1.58799242e-03],
        [8.35007355e-02, 5.34620881e-01, 1.29689174e-02, 3.46467306e-04,
         5.85855544e-03, 2.72259145e-04, 4.99885743e-07, 5.90976924e-06,
         1.13757816e-03],
        [1.00761041e-01, 5.05607486e-01, 1.36987306e-02, 2.56225729e-04,
         5.08235162e-03, 2.81542569e-04, 4.78654840e-07, 5.97988446e-06,
         1.31072302e-03],
        [1.28127292e-01, 4.46504921e-01, 1.53363682e-02, 1.80930045e-04,
         4.08614147e-03, 2.86549388e-04, 4.95685072e-07, 5.32933063e-06,
         1.36934919e-03],
        [1.41809911e-01, 4.00183588e-01, 1.60351433e-02, 1.61409494e-04,
         4.02323762e-03, 3.06934206e-04, 5.51624169e-07, 5.18069555e-06,
         1.38580042e-03],
        [1.56896546e-01, 3.48395139e-01, 1.74216218e-02, 1.59904463e-04,
         4.01682779e-03, 3.64571897e-04, 6.14460760e-07, 5.50311506e-06,
         1.53844955e-03],
        [1.80540875e-01, 2.76841819e-01, 2.02859845e-02, 1.68442828e-04,
         4.12982982e-03, 4.49434097e-04, 7.00636804e-07, 6.24796940e-06,
         1.79477618e-03],
        [1.90937325e-01, 2.52882332e-01, 2.16270890e-02, 1.60977317e-04,
         4.24676761e-03, 4.63456090e-04, 7.25701966e-07, 6.58201498e-06,
         1.87449472e-03],
        [1.05012096e-01, 4.29722697e-01, 1.35203032e-02, 2.44781550e-04,
         4.98144701e-03, 2.55614548e-04, 5.82535108e-07, 5.79525476e-06,
         1.79387094e-03],
        [8.71241242e-02, 5.18170714e-01, 1.34961652e-02, 3.51310155e-04,
         5.56031661e-03, 2.68295436e-04, 5.16983960e-07, 6.26441215e-06,
         1.28298509e-03],
        [8.18338618e-02, 5.57824969e-01, 1.41634988e-02, 3.24920256e-04,
         6.09663082e-03, 2.74062186e-04, 4.85246630e-07, 5.99052737e-06,
         9.16446093e-04],
        [7.81579465e-02, 5.87539434e-01, 1.45387985e-02, 2.84701964e-04,
         6.53652241e-03, 2.69025622e-04, 4.60316897e-07, 5.65838036e-06,
         7.33516761e-04]]], dtype=float32), array([[[3.52367340e-03, 7.30838835e-01, 7.27138400e-01, 7.29565680e-01,
         3.21840355e-03, 1.22144574e-03, 1.63780438e-04, 4.32860943e-05,
         2.94536538e-03],
        [1.15592091e-04, 8.20909321e-01, 8.55974574e-03, 7.21420825e-01,
         3.83228209e-04, 4.17216070e-04, 1.68435690e-05, 1.04715946e-06,
         1.87553203e-04],
        [8.75369906e-01, 4.49355430e-04, 3.53029091e-03, 1.78353337e-03,
         4.69322295e-05, 1.66267455e-05, 1.22010264e-04, 9.48493926e-06,
         6.06649462e-03],
        [5.92568563e-03, 1.54727735e-04, 7.24490310e-05, 2.85595674e-02,
         1.86681747e-04, 3.44881046e-05, 3.05856811e-04, 6.37459834e-06,
         7.08735490e-04],
        [3.62123579e-01, 3.55886550e-05, 4.29283082e-03, 3.53369699e-03,
         4.47531165e-05, 4.52308223e-06, 1.46381542e-04, 8.91519358e-06,
         6.56782836e-03],
        [4.58542083e-04, 9.71714973e-01, 9.84699309e-01, 7.09442702e-06,
         4.09868360e-03, 9.34600830e-05, 5.39095490e-04, 5.29982280e-08,
         3.67064262e-03],
        [3.41351620e-06, 4.52885730e-03, 3.81446007e-04, 2.82653314e-08,
         2.11447477e-04, 5.73291582e-05, 3.28440146e-05, 2.63161204e-09,
         3.84797313e-05],
        [9.86047326e-06, 8.73596311e-01, 1.25354648e-01, 1.93266825e-08,
         1.25555694e-03, 8.74102116e-05, 3.08654591e-04, 9.22527921e-09,
         6.46852932e-05],
        [1.31318765e-03, 9.99820232e-01, 9.96183097e-01, 6.49555929e-08,
         2.74923444e-03, 9.45925713e-05, 4.93452884e-04, 1.22377148e-08,
         2.56719009e-04],
        [4.90601269e-06, 2.43933424e-02, 1.55225967e-03, 1.38581502e-08,
         3.56405973e-04, 8.46236944e-05, 1.44163178e-05, 1.47467816e-09,
         8.19522938e-06],
        [5.62493624e-05, 8.59056652e-01, 5.42856380e-03, 1.53968585e-07,
         6.76080585e-04, 8.20681453e-04, 4.01832163e-04, 1.48043981e-07,
         3.97706863e-05],
        [9.99898791e-01, 9.99910116e-01, 9.97701824e-01, 1.80931318e-06,
         5.22255898e-04, 1.12682581e-04, 4.24341619e-04, 2.77393883e-06,
         2.23603216e-03],
        [1.46688471e-05, 3.65671590e-02, 8.15839230e-05, 3.86379185e-07,
         1.33290887e-04, 1.17510557e-04, 6.32817591e-06, 5.37512035e-09,
         2.09137829e-06],
        [9.27649677e-01, 9.76824641e-01, 9.68928099e-01, 4.38353908e-07,
         6.67884946e-04, 7.15553761e-05, 4.50228079e-04, 3.14806215e-07,
         5.78531006e-04],
        [7.58816486e-06, 4.80807284e-05, 4.24462633e-05, 5.18594959e-07,
         6.43432140e-05, 3.10299547e-05, 1.65027668e-05, 4.24123003e-09,
         5.80493361e-06],
        [4.98218542e-05, 9.25449371e-01, 9.39280808e-01, 9.50958245e-09,
         6.64353371e-04, 2.69353150e-05, 1.65210789e-04, 1.70308667e-09,
         6.17750848e-05],
        [6.85908526e-06, 2.11110413e-02, 1.90933049e-02, 1.18358372e-08,
         2.45660543e-04, 6.48051500e-05, 2.78068292e-05, 1.23167265e-09,
         7.40825135e-06],
        [5.21889342e-06, 1.67985499e-01, 9.28243995e-03, 1.57964077e-08,
         5.13523817e-04, 2.51755118e-04, 1.11419598e-04, 2.94045854e-09,
         1.19737297e-05],
        [4.60927606e-01, 9.99958515e-01, 6.96279883e-01, 5.56482337e-06,
         6.41907752e-03, 9.25407920e-04, 1.84335886e-03, 5.00508520e-07,
         5.98060251e-05],
        [9.99911189e-01, 5.55706024e-03, 1.48601800e-01, 3.06168499e-06,
         1.60966556e-05, 3.05526373e-05, 1.01672478e-04, 7.67917300e-06,
         1.23336939e-02],
        [3.81865902e-05, 7.66307116e-04, 2.00301409e-04, 4.38785122e-07,
         1.11833215e-04, 3.25346846e-05, 3.20065628e-05, 6.10556095e-09,
         1.88315207e-05],
        [9.71071495e-05, 8.51960838e-01, 9.43937302e-01, 1.87090663e-08,
         5.77837229e-04, 4.11946639e-05, 1.14158909e-04, 8.36330893e-10,
         7.08313237e-05],
        [2.84944076e-06, 3.20583582e-04, 3.04102898e-04, 1.27873436e-08,
         1.83880329e-04, 1.00031495e-04, 5.47007767e-05, 1.05470366e-09,
         1.66541918e-06],
        [5.60581684e-03, 9.99720216e-01, 7.81568646e-01, 8.13017778e-07,
         7.82732666e-03, 1.41437503e-03, 6.91337697e-03, 2.56146990e-07,
         3.93912487e-05],
        [2.02137679e-01, 9.99678314e-01, 9.99676049e-01, 4.60038692e-08,
         3.74175608e-03, 1.13397837e-04, 1.33678535e-04, 9.16791265e-09,
         9.86665545e-05],
        [3.59264777e-06, 1.65432692e-04, 1.04867868e-04, 1.34637910e-08,
         8.63671303e-05, 5.95844722e-05, 1.39635913e-05, 8.85354234e-10,
         2.48219271e-06],
        [3.40744853e-03, 9.95093584e-01, 7.53747523e-02, 8.51389530e-07,
         2.11904943e-03, 1.57568033e-03, 3.62314610e-03, 2.28922659e-07,
         1.00691963e-04],
        [9.70812678e-01, 9.99893606e-01, 9.99939203e-01, 5.60020581e-08,
         9.68635082e-04, 5.82562316e-05, 6.16331934e-04, 3.51791911e-08,
         1.45391212e-03],
        [9.86168470e-06, 1.56819582e-01, 1.89886196e-05, 3.50820272e-07,
         8.87319446e-04, 2.03533494e-03, 2.54973362e-04, 2.51323975e-08,
         1.23925543e-06],
        [9.99807656e-01, 9.99883771e-01, 9.99469042e-01, 6.71667522e-07,
         8.02069902e-04, 1.13189235e-04, 6.45476743e-04, 4.69275250e-07,
         2.58781807e-03],
        [2.20587481e-06, 1.97649002e-04, 8.33388840e-05, 2.20446665e-08,
         2.27525830e-04, 7.34925270e-05, 1.07702717e-05, 7.87658161e-10,
         2.62924232e-06],
        [1.09434339e-04, 9.95668709e-01, 8.19605470e-01, 3.36300694e-08,
         1.54811144e-03, 2.48432159e-04, 6.02405460e-04, 1.47048134e-08,
         3.73544935e-05]]], dtype=float32), array([[[7.31058598e-01, 9.12888481e-06, 7.31056571e-01, 1.25335268e-04,
         7.17944443e-01, 7.19741821e-01, 8.93994275e-06, 1.63965480e-04,
         7.29864597e-01],
        [7.96512225e-08, 1.84943452e-02, 1.35628006e-05, 6.95061544e-06,
         4.50926036e-01, 5.04472628e-05, 5.41344498e-08, 7.89520449e-09,
         2.25634403e-06],
        [1.47320088e-05, 2.48942408e-04, 7.06576288e-01, 1.14498016e-06,
         7.74308061e-03, 1.31605975e-06, 2.90634915e-07, 3.57984845e-07,
         1.07473010e-04],
        [9.78566587e-01, 3.26402346e-06, 1.52002497e-06, 2.05071065e-05,
         4.82624455e-05, 1.26906102e-07, 1.85550505e-06, 2.03300297e-04,
         1.15561406e-05],
        [2.68772027e-07, 9.83904839e-01, 8.37109208e-01, 2.25257253e-07,
         2.15890282e-03, 4.78132642e-06, 1.58900434e-06, 6.73150780e-08,
         1.05915335e-03],
        [3.41159437e-04, 9.97464657e-01, 8.11381881e-07, 2.73950718e-07,
         4.75673733e-06, 7.61511956e-08, 3.40556568e-07, 1.06397447e-05,
         6.60888077e-07],
        [4.91961271e-01, 1.60413891e-01, 4.13540343e-04, 2.68482495e-07,
         4.91894752e-07, 1.52139947e-07, 4.81222685e-07, 6.82187874e-06,
         5.97104699e-05],
        [3.21022549e-06, 9.98555660e-01, 1.78561077e-05, 1.77679539e-07,
         1.42363115e-06, 3.73103433e-08, 1.56472947e-06, 2.31751997e-07,
         3.60880586e-06],
        [3.51745845e-03, 9.49004233e-01, 1.88658655e-01, 5.17170591e-08,
         2.38258349e-06, 2.27672174e-07, 1.07361029e-06, 8.97918710e-07,
         2.74394732e-03],
        [2.27124910e-05, 9.99863505e-01, 1.54019199e-05, 1.00380227e-07,
         1.25945110e-06, 6.54012524e-08, 1.90866274e-07, 2.73832114e-07,
         5.53027439e-06],
        [2.75976793e-03, 7.94755518e-01, 9.38366575e-04, 5.68192995e-08,
         4.51667461e-07, 8.28586408e-08, 3.44932829e-07, 3.35703385e-06,
         3.08121031e-04],
        [5.06503529e-05, 9.97215688e-01, 2.44318835e-05, 2.26016166e-08,
         9.91649699e-07, 4.98263724e-08, 1.72369909e-07, 4.52465372e-07,
         1.55382022e-05],
        [1.85218560e-05, 9.99530375e-01, 8.46100319e-03, 2.82541563e-08,
         5.70995454e-03, 1.62168562e-05, 2.10109442e-06, 9.51099537e-08,
         2.98228185e-03],
        [6.24814959e-07, 9.99994636e-01, 2.69905946e-08, 5.12745487e-07,
         1.99027781e-05, 1.86791979e-07, 9.90748248e-08, 6.40877488e-07,
         4.40591172e-08],
        [8.61881290e-06, 7.04736590e-01, 7.41196275e-01, 4.16543025e-06,
         1.10168231e-03, 2.78543848e-06, 1.18067373e-05, 1.82286828e-06,
         1.65951205e-03],
        [1.06065613e-07, 9.99997854e-01, 1.01151585e-07, 1.02495449e-06,
         5.15636093e-05, 2.73251544e-07, 5.92174594e-08, 4.17774515e-07,
         1.76489650e-08],
        [1.66935621e-07, 7.11940289e-01, 9.93536353e-01, 1.15987195e-05,
         2.72279620e-01, 3.34897893e-04, 4.59427865e-05, 9.76647584e-07,
         1.35231018e-02],
        [2.99406437e-08, 9.99999046e-01, 3.69561057e-08, 1.35107775e-05,
         9.09045862e-04, 1.03285129e-06, 1.40585172e-07, 1.77446964e-06,
         1.34107054e-08],
        [1.62533373e-01, 1.28835440e-03, 1.44592595e-05, 9.43067698e-06,
         5.37666153e-07, 8.00559334e-08, 1.15543298e-06, 1.56456765e-04,
         1.94768691e-05],
        [3.22369510e-06, 7.21826673e-01, 1.47849321e-04, 8.74703332e-08,
         1.06167533e-06, 4.80055071e-08, 4.95070651e-07, 1.05814638e-06,
         6.48637360e-05],
        [2.25260854e-03, 4.14760917e-01, 3.73914838e-03, 4.17898214e-08,
         1.31169554e-06, 2.24699860e-07, 2.36120144e-07, 4.85314649e-06,
         1.11311674e-03],
        [1.19493627e-04, 9.85799551e-01, 8.15689564e-04, 8.60509619e-09,
         2.41489306e-06, 1.45078857e-07, 1.65678230e-07, 1.27314672e-06,
         3.29047441e-04],
        [7.83860160e-05, 9.97766793e-01, 6.07699156e-03, 2.20288161e-08,
         1.14877230e-05, 1.71033051e-07, 3.69972867e-07, 4.44592047e-07,
         5.39869070e-04],
        [4.92165509e-06, 9.99436975e-01, 7.55255678e-05, 2.85152986e-08,
         1.95424354e-06, 6.22072562e-08, 1.18451347e-07, 1.00252805e-07,
         4.77598087e-06],
        [1.63342818e-07, 9.99978423e-01, 7.37845898e-02, 8.54881989e-07,
         6.94350660e-01, 9.30794626e-02, 2.33820429e-05, 7.03272196e-09,
         7.28666782e-04],
        [4.80462392e-10, 1.00000000e+00, 1.81122062e-09, 1.16501105e-04,
         1.50717184e-01, 4.75715206e-06, 5.46250703e-07, 2.40607989e-07,
         2.58546295e-09],
        [3.27272320e-09, 6.50340080e-01, 9.33319330e-04, 1.25125924e-03,
         2.52051894e-02, 1.19230856e-06, 2.71617064e-05, 3.21562197e-06,
         1.22749896e-06],
        [5.49404140e-05, 9.78106380e-01, 1.01974493e-07, 2.62459125e-05,
         5.70452721e-05, 1.39444737e-07, 1.13730516e-06, 2.11779814e-04,
         3.19051480e-07],
        [2.70429664e-05, 2.62585282e-03, 1.70242786e-03, 1.32920229e-06,
         1.81026780e-06, 4.94028747e-08, 2.85909380e-07, 3.15493344e-06,
         1.77070724e-05],
        [1.05489207e-07, 9.99789953e-01, 1.57591105e-01, 2.42549106e-07,
         4.29594181e-02, 3.36016201e-05, 5.29327690e-06, 4.16479367e-08,
         1.59153342e-03],
        [2.24546355e-08, 9.99999762e-01, 2.33508985e-07, 1.05921201e-04,
         9.04784130e-04, 1.63280004e-06, 2.21532261e-07, 9.34290313e-07,
         1.59730025e-08],
        [1.63338840e-01, 5.25057316e-04, 7.10103905e-06, 4.67392201e-05,
         1.31788727e-06, 1.44643337e-07, 1.65929930e-06, 1.11145659e-04,
         6.84495762e-06]]], dtype=float32), array([[[1.77706049e-12, 1.30089994e-09, 7.31058598e-01, 1.57541472e-05,
         2.86687253e-04, 5.80624305e-03, 8.72634519e-06, 1.95622215e-05,
         2.13569865e-01],
        [2.16580167e-01, 1.07661888e-01, 3.46085944e-05, 1.83892516e-05,
         2.08179131e-06, 1.96586052e-06, 1.24949145e-06, 1.76190422e-03,
         4.48570150e-04],
        [6.11571932e-06, 3.51337626e-10, 9.52564001e-01, 3.97698807e-09,
         5.47953050e-07, 5.48128071e-07, 4.97728990e-07, 3.56272794e-05,
         7.96794474e-01],
        [5.95688887e-10, 9.81888652e-01, 2.81452812e-04, 2.18414485e-07,
         1.74062606e-07, 3.25857386e-08, 1.41899434e-07, 5.21925649e-08,
         1.89844122e-05],
        [1.22881062e-07, 2.22571250e-09, 9.93305683e-01, 4.65228478e-09,
         6.63480705e-07, 1.52778775e-05, 1.15853857e-06, 9.81793710e-06,
         8.40928197e-01],
        [4.28975094e-03, 4.36265469e-01, 9.77919190e-05, 3.86063721e-06,
         1.54043036e-08, 2.67255587e-08, 2.84912176e-07, 3.21931984e-05,
         1.87012585e-04],
        [1.24802546e-09, 2.99061642e-09, 9.99088764e-01, 4.26004210e-09,
         5.44474858e-07, 1.34738530e-05, 2.03486911e-06, 2.57854754e-06,
         9.23341870e-01],
        [9.98488545e-01, 6.83689177e-01, 2.62551993e-07, 1.13142878e-05,
         4.15068442e-08, 1.71725731e-07, 4.63435157e-08, 3.75883537e-04,
         1.74772664e-04],
        [6.39731379e-10, 1.20065458e-09, 9.99876499e-01, 8.54292970e-10,
         1.08686457e-07, 1.50080723e-06, 8.24643337e-07, 3.26113218e-06,
         9.32042539e-01],
        [1.20565659e-04, 9.96618807e-01, 1.79898234e-06, 1.10950964e-06,
         2.22723227e-08, 1.53846727e-07, 1.14498114e-07, 5.94103949e-06,
         2.09839563e-04],
        [8.35123897e-12, 4.39634590e-07, 9.99983311e-01, 1.91168098e-07,
         6.08482587e-05, 6.77087307e-02, 9.86192390e-05, 2.49438358e-06,
         9.69063520e-01],
        [9.99707639e-01, 7.99764276e-01, 6.85170107e-08, 1.46306811e-05,
         2.82263084e-08, 1.57325488e-07, 7.24164195e-08, 5.93390083e-04,
         4.08816646e-04],
        [4.85117853e-05, 3.71612519e-10, 9.99940813e-01, 1.08511677e-09,
         6.90167079e-09, 4.38600871e-08, 3.94424511e-08, 2.78428070e-05,
         7.94386089e-01],
        [6.49692022e-10, 9.98663664e-01, 2.62677466e-04, 4.36774101e-08,
         3.94031252e-09, 1.13466543e-08, 2.61015671e-08, 6.89894648e-08,
         8.87897215e-04],
        [1.03780007e-08, 5.91704570e-08, 9.99999762e-01, 6.09251272e-09,
         3.17599074e-07, 5.92668330e-05, 3.98141356e-06, 4.76540663e-06,
         9.22551095e-01],
        [5.49882452e-06, 9.99756813e-01, 1.22928202e-06, 8.64688172e-06,
         2.32913031e-08, 1.13424832e-07, 2.68375686e-07, 2.73513956e-06,
         8.65519542e-05],
        [5.52866730e-09, 1.61233471e-09, 1.00000000e+00, 1.49931321e-08,
         7.48778120e-07, 1.01294325e-04, 5.24505367e-06, 9.22775234e-06,
         9.73999679e-01],
        [9.99788523e-01, 5.03615439e-01, 1.64009180e-07, 9.64857190e-06,
         3.03064596e-08, 9.63164908e-08, 4.46453186e-08, 6.99907541e-04,
         3.22065782e-04],
        [2.12548379e-08, 1.62576702e-10, 1.00000000e+00, 8.31033353e-10,
         5.10315612e-09, 7.03326393e-08, 9.95974077e-08, 6.02607952e-06,
         9.23960447e-01],
        [5.16323162e-09, 9.99990225e-01, 3.79681587e-04, 8.83896902e-08,
         7.54906040e-08, 2.45371979e-07, 9.47625409e-08, 9.53708366e-08,
         1.32825878e-03],
        [8.34475457e-12, 2.03430801e-07, 1.00000000e+00, 6.44642171e-08,
         7.31176115e-05, 1.29936576e-01, 5.68690375e-05, 3.12425618e-06,
         9.56452012e-01],
        [9.99890208e-01, 4.82066303e-01, 6.77392009e-08, 1.17451737e-05,
         2.09270681e-08, 9.12941687e-08, 4.62445726e-08, 6.03109598e-04,
         4.17029689e-04],
        [8.08573191e-08, 3.92218827e-11, 1.00000000e+00, 7.48771323e-10,
         8.10911072e-09, 5.53975354e-08, 5.87350684e-08, 1.63144960e-05,
         8.91892552e-01],
        [1.33463317e-07, 9.99723673e-01, 2.50295420e-06, 5.64162292e-07,
         8.18544077e-09, 1.70304375e-08, 4.12328625e-08, 9.77284387e-08,
         8.86222842e-05],
        [3.12529841e-12, 6.71698558e-07, 1.00000000e+00, 1.31938094e-07,
         4.17023897e-04, 3.44973475e-01, 4.67083446e-04, 2.07392191e-06,
         9.38298643e-01],
        [9.99849558e-01, 4.14276004e-01, 3.68464512e-08, 1.47375295e-05,
         1.41445495e-08, 6.17206695e-08, 3.10516697e-08, 4.94837761e-04,
         2.19171154e-04],
        [3.96132469e-04, 1.53518739e-10, 9.99509335e-01, 1.31379108e-09,
         7.86879983e-09, 3.88244104e-08, 2.43677842e-08, 3.92021102e-05,
         8.28268349e-01],
        [7.40807664e-08, 9.79207039e-01, 4.46561262e-06, 6.03497199e-08,
         6.01868999e-09, 1.50313433e-08, 1.10979208e-08, 1.67511018e-07,
         2.64679489e-04],
        [1.60786578e-06, 1.64058047e-08, 1.00000000e+00, 4.66198413e-10,
         3.48196387e-08, 2.32794469e-06, 6.24816664e-07, 4.97567316e-06,
         8.43679667e-01],
        [6.15484481e-08, 9.99975801e-01, 1.91475356e-05, 2.66217057e-07,
         2.45898235e-08, 3.44652804e-08, 7.70245023e-08, 1.66135649e-07,
         2.64008297e-04],
        [4.41319685e-07, 4.90310992e-09, 1.00000000e+00, 2.41843723e-09,
         1.39414112e-07, 1.70219937e-06, 1.18036276e-07, 1.38223031e-05,
         9.31880295e-01],
        [3.63902871e-07, 9.99729633e-01, 2.04288085e-06, 1.62496804e-06,
         7.62427277e-09, 1.79897839e-08, 2.63207305e-08, 3.17224107e-07,
         5.20923641e-05]]], dtype=float32), array([[[7.67547782e-14, 1.05497111e-12, 3.40534934e-10, 4.39708322e-01,
         1.82552612e-05, 1.01992557e-08, 1.41500545e-09, 8.89301955e-05,
         7.30710089e-01],
        [1.78172195e-14, 6.98975600e-10, 9.54572679e-05, 2.73972864e-06,
         2.89441459e-06, 2.39443770e-10, 2.28408299e-11, 1.46412660e-07,
         2.07171440e-02],
        [5.04573217e-10, 9.52545404e-01, 9.52446401e-01, 3.35356526e-06,
         1.98028438e-08, 3.24635963e-09, 1.41905812e-08, 7.63544394e-10,
         9.46077228e-01],
        [6.64179242e-05, 7.29168406e-08, 9.82008636e-01, 4.44075113e-06,
         5.09261575e-08, 5.57844493e-10, 1.98691737e-07, 1.18988428e-08,
         9.76962447e-01],
        [5.19044183e-11, 5.60165467e-13, 6.10133469e-01, 7.03678961e-05,
         9.00304622e-06, 8.44718340e-09, 9.02273101e-08, 6.13613196e-08,
         9.29042161e-01],
        [1.05973653e-10, 7.76298039e-05, 9.81068075e-01, 8.51449430e-01,
         4.45049331e-08, 4.01731581e-09, 9.07843287e-07, 4.23471036e-09,
         2.47776192e-02],
        [7.30337342e-03, 7.41514981e-01, 9.99088943e-01, 9.89351634e-07,
         1.30025114e-07, 2.27092816e-08, 3.27957039e-08, 1.42691547e-07,
         9.99084830e-01],
        [8.33535694e-08, 9.82756319e-07, 9.99664426e-01, 1.86129068e-06,
         3.81974310e-08, 3.27196520e-10, 8.52753090e-10, 4.16228430e-09,
         9.51047182e-01],
        [4.15564960e-09, 7.93986543e-11, 9.99770701e-01, 2.65052386e-05,
         3.91208005e-06, 7.01907368e-08, 1.08713465e-07, 4.59492639e-08,
         9.98749197e-01],
        [2.31622832e-10, 3.41037214e-02, 9.98723626e-01, 3.70610668e-03,
         1.06973097e-09, 4.44451725e-10, 3.01642955e-09, 8.93535579e-10,
         1.23690650e-01],
        [1.24342158e-03, 1.95273057e-01, 9.99983311e-01, 3.02619810e-07,
         2.09734718e-08, 2.17655494e-09, 1.52155035e-08, 9.78058807e-08,
         9.99981761e-01],
        [2.18024820e-09, 1.41965519e-11, 9.88323927e-01, 5.55085535e-05,
         3.21273683e-06, 1.13765992e-08, 2.12968789e-08, 4.21667217e-08,
         9.21194673e-01],
        [2.87058177e-09, 9.22001839e-01, 9.97693300e-01, 9.68632870e-04,
         3.56615182e-09, 5.07791864e-10, 1.32393096e-09, 2.57385624e-09,
         6.98188841e-01],
        [1.29043969e-04, 5.28640807e-01, 9.99999166e-01, 6.15169711e-07,
         6.23032577e-08, 3.33052164e-09, 2.23152186e-09, 1.42653853e-08,
         9.99978244e-01],
        [5.02290698e-09, 1.74700844e-11, 9.98211622e-01, 3.49947186e-05,
         2.96271028e-05, 6.75261802e-08, 2.56602490e-08, 1.34966651e-08,
         8.61012459e-01],
        [1.02129225e-11, 1.21811713e-10, 1.22556090e-03, 9.73321319e-01,
         5.08114044e-06, 9.28186150e-09, 1.60251730e-07, 9.91706486e-08,
         1.12620161e-04],
        [5.92052165e-05, 4.48808635e-08, 9.99971271e-01, 4.02510166e-04,
         8.80346943e-06, 7.53363061e-09, 2.42893884e-06, 5.82686823e-07,
         9.99505937e-01],
        [1.96231406e-10, 4.15858903e-09, 8.35078120e-01, 3.65608931e-03,
         1.08688639e-07, 4.12339135e-10, 1.05232969e-08, 8.05446765e-10,
         9.88982022e-02],
        [2.07653538e-05, 9.94481206e-01, 1.00000000e+00, 2.32876187e-06,
         8.05457674e-08, 2.56741806e-09, 3.18608029e-09, 3.81682730e-09,
         9.99975145e-01],
        [6.24913454e-08, 1.20124219e-04, 9.99997020e-01, 1.04960418e-06,
         5.37839462e-08, 2.18490920e-10, 1.33117434e-10, 6.61565969e-10,
         7.77654827e-01],
        [1.16329424e-07, 3.30180967e-07, 1.00000000e+00, 9.76113142e-07,
         4.59487772e-08, 8.28252134e-10, 5.16183318e-10, 1.12494041e-08,
         9.99559164e-01],
        [8.61571162e-11, 6.27633945e-10, 9.99547958e-01, 3.23563814e-04,
         1.20877849e-06, 6.39245767e-09, 6.27038244e-09, 8.98213059e-09,
         8.89171124e-01],
        [5.75651926e-09, 2.10775974e-09, 2.89704442e-01, 5.35189033e-01,
         5.51358517e-06, 1.34409239e-08, 1.36110700e-07, 9.03507100e-08,
         8.82148743e-03],
        [2.81051007e-06, 4.03591249e-09, 9.99312639e-01, 8.89050961e-03,
         1.00229936e-05, 1.68916010e-08, 1.16608066e-06, 2.60387822e-07,
         9.58052516e-01],
        [5.24553116e-07, 1.11539662e-02, 9.99997139e-01, 5.58414831e-05,
         1.18200120e-07, 1.07993892e-09, 3.32613781e-09, 3.11688764e-09,
         8.73397529e-01],
        [9.07549634e-07, 8.25110972e-02, 1.00000000e+00, 4.35772364e-07,
         2.54906816e-08, 6.04062467e-10, 2.45838599e-10, 1.37535128e-09,
         9.98845458e-01],
        [4.32905739e-10, 1.01769926e-10, 9.99742985e-01, 1.68666484e-05,
         1.10051451e-05, 2.48087133e-08, 8.95402508e-09, 1.10709610e-08,
         9.31268334e-01],
        [4.42385545e-10, 2.78021650e-09, 3.84259224e-03, 9.90059078e-01,
         1.35767280e-07, 6.17737195e-10, 9.62549080e-08, 2.55701913e-08,
         1.60485506e-04],
        [3.01862237e-05, 9.98685956e-01, 1.00000000e+00, 2.20190236e-06,
         1.79416489e-07, 3.18939741e-09, 3.47827034e-09, 2.71357137e-09,
         9.99957919e-01],
        [3.60772354e-08, 1.00429104e-04, 9.99996662e-01, 2.52302789e-06,
         6.82564263e-08, 1.46918311e-10, 1.37407280e-10, 6.14019779e-10,
         3.80601555e-01],
        [8.87116158e-08, 7.89983273e-02, 1.00000000e+00, 9.96332005e-07,
         1.06306430e-07, 9.44530565e-10, 4.84752238e-10, 1.57018920e-09,
         9.85932648e-01],
        [3.53872665e-08, 1.51017615e-10, 9.99889731e-01, 3.25825822e-05,
         4.88834739e-05, 6.62666437e-08, 1.67363989e-08, 9.12669851e-09,
         9.97477174e-01]]], dtype=float32), array([[[7.31058598e-01, 7.31058598e-01, 7.31057465e-01, 7.31051624e-01,
         6.80707017e-05, 4.63514766e-07, 1.60170160e-07, 4.37218706e-09,
         2.21590235e-05],
        [7.82676434e-05, 1.77739736e-07, 3.53222094e-06, 4.42095052e-06,
         1.76250641e-08, 6.72664910e-11, 8.25985893e-08, 5.22151655e-09,
         8.93208008e-10],
        [4.29747473e-07, 8.85662213e-02, 9.50356185e-01, 8.09799967e-05,
         5.49422108e-09, 3.05606616e-11, 1.13418821e-06, 3.53216002e-12,
         1.09734603e-04],
        [2.49565646e-10, 3.31617026e-12, 9.23977673e-01, 9.53684867e-05,
         2.85056547e-08, 5.31953197e-11, 1.33867132e-07, 5.71110867e-11,
         1.14062382e-03],
        [1.01130935e-08, 2.27699293e-05, 1.68332413e-01, 6.25841421e-05,
         5.65328007e-10, 2.41758141e-10, 7.41827293e-08, 1.40472733e-09,
         9.93242502e-01],
        [2.06922755e-01, 6.81195816e-05, 2.48052746e-01, 5.90881973e-04,
         1.24108820e-10, 2.53038302e-12, 8.59833482e-10, 1.03737046e-08,
         9.97527003e-01],
        [4.15925246e-11, 9.46952183e-10, 8.31908835e-07, 4.03831655e-05,
         2.83657473e-12, 4.94741746e-14, 2.61014821e-10, 4.82653195e-10,
         9.98356938e-01],
        [1.38314572e-05, 9.89846170e-01, 8.48580676e-05, 2.30987644e-05,
         6.77909291e-12, 4.32152713e-13, 4.60660537e-11, 1.34221800e-09,
         9.99664605e-01],
        [5.74291404e-03, 3.49123463e-09, 1.09222942e-08, 1.34205520e-02,
         1.37408043e-10, 1.32941808e-13, 5.55008484e-10, 5.82398529e-09,
         9.02191460e-01],
        [1.75995683e-05, 9.64239001e-01, 1.64627045e-06, 1.64180085e-06,
         1.21133815e-11, 1.30965036e-13, 1.43585950e-11, 3.06239589e-10,
         9.99948323e-01],
        [9.90436256e-01, 3.75510928e-10, 9.53924850e-09, 3.72078210e-01,
         3.77315512e-09, 1.93402626e-13, 2.24923885e-10, 2.09403006e-09,
         2.79326051e-01],
        [2.19544432e-07, 4.43429649e-02, 1.09267585e-05, 1.15298990e-05,
         2.32687314e-10, 2.30385047e-13, 2.05841802e-11, 4.97882603e-11,
         9.99920368e-01],
        [8.88260900e-07, 8.87320518e-01, 7.97214383e-09, 2.80141580e-06,
         3.39303620e-11, 4.98095726e-14, 2.56696157e-11, 8.65916644e-11,
         9.98461962e-01],
        [5.07849753e-01, 8.12072449e-06, 6.04572303e-09, 2.08201841e-03,
         7.03140213e-10, 3.71073371e-13, 2.86033350e-11, 2.54138127e-10,
         9.21660960e-01],
        [2.42361333e-03, 2.73946699e-10, 1.04667142e-09, 5.34205846e-02,
         3.74049201e-08, 6.21518505e-12, 1.90015914e-09, 1.82053161e-09,
         1.17222369e-01],
        [1.48476965e-06, 9.99845982e-01, 1.85164311e-06, 5.26185488e-07,
         1.34257869e-10, 1.32739739e-12, 1.47097560e-11, 4.77579851e-11,
         9.99971151e-01],
        [8.25942874e-01, 2.01901500e-08, 1.66477898e-09, 3.75280678e-02,
         1.36466083e-09, 1.82077416e-13, 3.75760083e-11, 2.00572822e-10,
         2.35884398e-01],
        [1.69721752e-05, 7.83280993e-05, 7.46713340e-08, 2.47925520e-04,
         2.94013969e-09, 6.90498060e-13, 2.57703470e-10, 2.21623622e-10,
         9.91568923e-01],
        [1.56571286e-06, 9.84311163e-01, 3.61279717e-07, 1.12308794e-06,
         1.41853418e-10, 2.91359032e-13, 1.18448983e-11, 6.05221984e-11,
         9.99778152e-01],
        [5.43004274e-03, 6.54250383e-04, 5.68683944e-09, 1.49756670e-04,
         1.22166971e-10, 6.88078135e-14, 2.95263362e-11, 2.58137428e-10,
         9.79880989e-01],
        [9.99351501e-01, 1.82700248e-07, 6.56403074e-08, 4.27990526e-01,
         5.86211470e-08, 8.73652539e-12, 5.82637549e-10, 1.34699074e-09,
         4.69769984e-01],
        [2.62154529e-08, 7.58731365e-03, 6.95945630e-08, 4.97402198e-06,
         2.19160357e-10, 4.24065785e-13, 1.80569032e-11, 2.21153929e-11,
         9.84488726e-01],
        [9.56097960e-01, 6.42082114e-07, 5.59973046e-09, 1.76953077e-02,
         1.41452636e-08, 9.75886798e-13, 3.93844457e-10, 3.53904728e-09,
         9.63273048e-01],
        [6.96508664e-08, 1.18342973e-06, 4.35920322e-09, 5.33783059e-05,
         9.99393901e-11, 4.81835234e-14, 2.52454377e-11, 3.35550372e-11,
         2.84191191e-01],
        [9.98094141e-01, 3.44372886e-08, 3.52211893e-01, 2.23078132e-02,
         4.30261281e-07, 3.29693495e-11, 7.19956006e-08, 1.55310023e-08,
         9.78002965e-01],
        [2.76908310e-08, 1.15819049e-10, 1.57382910e-05, 8.21918249e-04,
         1.18476828e-06, 1.27814967e-10, 1.13883821e-07, 3.53584495e-09,
         3.55400026e-01],
        [1.36073581e-07, 1.00000000e+00, 4.17029969e-06, 1.02625950e-06,
         2.83895372e-11, 2.24785880e-12, 1.84669988e-11, 1.11361770e-11,
         9.99998450e-01],
        [9.97239232e-01, 1.50768535e-08, 8.25658986e-11, 1.15720004e-01,
         1.30169575e-09, 4.39672645e-14, 4.43976383e-11, 8.05965183e-10,
         2.57175595e-01],
        [3.30946187e-10, 2.80020595e-05, 1.35756721e-08, 1.07251226e-05,
         6.65443117e-11, 2.37197469e-13, 4.20183263e-11, 8.95896118e-12,
         9.63199258e-01],
        [4.04512882e-03, 3.09838355e-02, 1.10559959e-07, 3.99768353e-04,
         1.20378540e-09, 8.20497912e-13, 1.18472759e-10, 1.68494038e-10,
         9.99528646e-01],
        [3.41835076e-08, 7.25031793e-02, 4.66703565e-10, 4.30661612e-06,
         3.30921471e-11, 4.04785932e-14, 2.00264371e-11, 1.48192743e-11,
         7.24245369e-01],
        [2.68787146e-04, 8.12229872e-01, 1.43299648e-08, 1.39954163e-05,
         1.87530061e-10, 3.13662535e-13, 2.43015105e-11, 2.31348038e-10,
         9.99751091e-01]]], dtype=float32), array([[[8.13276787e-14, 1.20899764e-12, 1.01753363e-10, 9.51079997e-08,
         5.97105573e-05, 5.34601622e-06, 1.36542297e-07, 1.75987849e-10,
         6.73726908e-11],
        [1.33655422e-11, 1.57426312e-11, 8.10408407e-10, 4.57185845e-09,
         1.23860455e-05, 3.53189522e-09, 5.06270004e-09, 6.17901286e-10,
         6.82850857e-15],
        [1.08013601e-13, 1.22401340e-12, 2.57528961e-01, 7.10637438e-10,
         1.61865246e-05, 5.65999470e-09, 1.93868352e-10, 4.37288428e-09,
         1.28044778e-13],
        [9.78409784e-11, 4.96930170e-06, 1.02885322e-11, 1.02452340e-08,
         1.19994130e-08, 5.38675882e-10, 4.78246331e-11, 1.15369950e-10,
         4.11563700e-11],
        [3.32203275e-03, 3.86796281e-12, 2.21797615e-11, 3.40937476e-07,
         3.33420793e-08, 9.71677599e-11, 1.96173655e-09, 1.40501385e-07,
         2.28757471e-10],
        [1.28109134e-09, 4.61363142e-10, 1.60606944e-10, 3.59824455e-08,
         2.26190608e-07, 1.39546064e-09, 4.69454309e-10, 5.35630207e-10,
         4.54755712e-11],
        [1.92227161e-15, 6.94631241e-09, 6.28777981e-01, 5.23160573e-08,
         7.29374826e-01, 1.21735166e-05, 5.28220198e-07, 2.63770839e-10,
         9.65109828e-13],
        [5.13529974e-13, 2.18363326e-07, 4.29383092e-13, 2.17409415e-08,
         1.73397524e-07, 4.53774263e-09, 1.94093253e-09, 1.89280785e-10,
         1.43326188e-13],
        [3.57888334e-13, 6.12320056e-11, 1.04729161e-05, 1.08202878e-08,
         1.13115122e-04, 9.59485504e-08, 5.94117955e-09, 1.47837964e-09,
         1.48408976e-12],
        [4.70482291e-15, 5.56840050e-08, 5.58757650e-14, 1.10695435e-08,
         1.84002749e-06, 1.60072293e-08, 1.05803533e-09, 1.12315934e-09,
         3.40537277e-13],
        [1.72679752e-12, 1.37693661e-07, 4.79514323e-13, 3.05548120e-08,
         4.68237602e-07, 2.87302857e-08, 1.27786715e-09, 4.36255421e-10,
         5.05048824e-12],
        [3.08696818e-11, 4.58046850e-10, 1.37336147e-13, 8.52876436e-09,
         2.62641294e-07, 7.13132753e-09, 2.14821799e-10, 5.81156401e-10,
         5.96333182e-12],
        [2.87984570e-08, 2.37759545e-09, 7.03574265e-12, 3.12931192e-08,
         4.69378904e-07, 1.30401876e-08, 3.18458621e-10, 2.56488697e-09,
         1.14679588e-09],
        [1.72011816e-09, 5.68715353e-11, 3.24158262e-13, 1.22419177e-08,
         2.82433774e-07, 4.78898698e-09, 3.45338931e-11, 1.78011450e-09,
         1.28905428e-11],
        [1.21745898e-05, 1.88810767e-09, 2.86153705e-11, 1.33960532e-08,
         5.44262093e-07, 5.61899727e-09, 3.44945239e-10, 1.60818576e-08,
         4.69443640e-09],
        [1.84063979e-11, 1.00453895e-10, 1.97856293e-12, 7.19631510e-09,
         4.03953919e-07, 8.77661832e-10, 8.35262692e-11, 4.17507834e-10,
         7.64058261e-12],
        [1.94227887e-08, 1.08375843e-07, 3.10113697e-12, 3.13721660e-10,
         3.30294299e-08, 9.39959488e-09, 1.55861990e-11, 2.69565870e-10,
         8.69234795e-10],
        [2.67773322e-14, 2.26748412e-10, 1.59204006e-04, 2.64536375e-08,
         1.20149122e-03, 6.25620658e-08, 3.11864756e-09, 3.24015037e-10,
         1.19476870e-13],
        [4.72458715e-15, 8.82981599e-09, 1.10070133e-07, 8.35145926e-08,
         3.24151576e-01, 4.23403180e-05, 5.14113516e-08, 2.87227776e-11,
         8.31083385e-14],
        [6.40329716e-12, 2.50172377e-07, 2.61653817e-13, 1.71944392e-09,
         1.95492930e-07, 9.47450918e-09, 9.48343404e-10, 4.83238893e-10,
         3.43578985e-12],
        [1.03315312e-08, 1.18994259e-10, 4.58042587e-14, 2.12096012e-08,
         3.47478306e-07, 8.77800777e-10, 8.97470154e-11, 3.83422227e-09,
         6.21078839e-12],
        [6.01893887e-14, 3.90425647e-09, 2.31421705e-11, 3.99512281e-08,
         2.45322190e-06, 1.00659987e-08, 1.60630309e-09, 8.28096092e-10,
         9.58319708e-12],
        [2.93320760e-13, 2.24986643e-08, 3.35362293e-11, 1.73608598e-07,
         6.10907409e-06, 1.65759371e-08, 4.93002306e-09, 1.44774026e-09,
         8.94305723e-12],
        [6.71540254e-11, 8.40864445e-09, 8.06822599e-13, 5.60983260e-09,
         1.04875099e-07, 5.03181630e-09, 1.73467268e-10, 4.26833813e-09,
         7.47380022e-12],
        [4.04823558e-15, 1.77017601e-08, 6.70694411e-02, 1.60068339e-07,
         6.71819210e-01, 2.06372260e-05, 1.02938536e-07, 3.21398519e-10,
         5.89404231e-13],
        [1.13406532e-11, 3.94612378e-08, 1.21499035e-12, 2.40183096e-09,
         1.78409593e-07, 4.25015667e-09, 5.47395351e-10, 3.32823713e-10,
         4.74615356e-12],
        [6.25693815e-07, 4.14031613e-12, 8.60939060e-14, 1.41017455e-08,
         9.36753253e-08, 5.21554178e-09, 2.54857836e-11, 1.75096169e-08,
         4.77997850e-11],
        [4.92668406e-10, 2.08817824e-11, 4.61767397e-13, 2.65642019e-09,
         7.76609568e-08, 3.87079346e-09, 1.52082721e-11, 1.11735576e-09,
         4.89068265e-11],
        [2.00015074e-14, 1.36652145e-09, 7.50711560e-01, 1.98130778e-07,
         9.95982885e-01, 5.93066216e-04, 8.67811764e-07, 2.62680433e-09,
         2.78243384e-13],
        [1.37484018e-13, 6.58497902e-06, 6.35026157e-14, 2.09102708e-08,
         7.27633687e-06, 1.50879657e-07, 1.89548977e-09, 1.29803002e-10,
         9.54280464e-14],
        [8.50393356e-09, 4.47622650e-09, 1.91222743e-13, 3.89682633e-08,
         2.57931015e-06, 4.50895143e-09, 7.34686645e-10, 1.62763569e-09,
         1.00008359e-12],
        [1.30331713e-13, 1.00463096e-10, 3.96138317e-10, 1.22824659e-07,
         2.38195407e-05, 1.36288776e-07, 3.10733905e-09, 7.57430674e-10,
         1.18012956e-12]]], dtype=float32), array([[[2.40132295e-15, 2.15651594e-17, 5.36788877e-11, 2.91146716e-06,
         7.02254468e-08, 6.61965860e-09, 6.28630801e-07, 8.49710788e-11,
         7.13514268e-01],
        [5.61656108e-08, 2.85182864e-06, 3.75820952e-03, 3.24166507e-07,
         2.45643059e-05, 2.39052406e-05, 3.78026831e-04, 1.48544413e-10,
         4.43525945e-12],
        [9.52574134e-01, 2.56828894e-03, 9.52574015e-01, 2.12899045e-06,
         5.82559005e-06, 7.19996933e-08, 7.49232368e-06, 6.16258185e-04,
         5.86913347e-06],
        [2.98445366e-11, 2.74240781e-13, 9.81563509e-01, 3.98860713e-08,
         3.64183592e-07, 1.21614249e-07, 1.38997697e-04, 4.87899001e-07,
         5.35785522e-12],
        [4.20140580e-08, 2.39653037e-11, 9.93306756e-01, 2.12545092e-06,
         8.45833565e-05, 2.14502288e-04, 1.77147728e-03, 1.44462558e-06,
         8.84862461e-11],
        [2.33765786e-06, 1.07917227e-01, 9.97525930e-01, 4.52597639e-08,
         6.27260448e-08, 6.01141963e-08, 1.13181095e-03, 6.71592147e-07,
         4.31400965e-12],
        [9.99089003e-01, 9.93008852e-01, 9.99088943e-01, 2.46177606e-05,
         5.73472381e-09, 1.90847995e-08, 9.51957281e-06, 3.69425106e-04,
         8.51064613e-07],
        [7.36623762e-10, 8.77965756e-12, 9.99664664e-01, 2.21410843e-07,
         5.15300229e-08, 4.51409022e-07, 7.21177421e-05, 4.81512323e-08,
         2.03337946e-09],
        [2.02743822e-10, 2.37090026e-05, 9.99876618e-01, 2.49192198e-07,
         4.48210594e-05, 5.55562383e-06, 4.34852019e-03, 4.08417606e-07,
         2.90777246e-11],
        [7.87073784e-09, 3.95212446e-10, 9.99954224e-01, 2.29459852e-06,
         1.65412479e-04, 1.73352237e-04, 1.02126645e-03, 1.13410431e-06,
         9.79698767e-10],
        [1.85963392e-04, 9.99983311e-01, 9.99982715e-01, 2.89280724e-08,
         5.10544107e-10, 5.97876149e-09, 1.70323729e-05, 1.65828752e-07,
         3.40707462e-10],
        [9.99993920e-01, 5.13362356e-05, 9.99993861e-01, 6.67306231e-05,
         1.03200470e-08, 1.46684407e-08, 1.75417772e-05, 6.77429125e-05,
         3.24853744e-08],
        [1.10895996e-06, 4.79756179e-10, 9.99997735e-01, 7.07721483e-07,
         1.34251181e-07, 6.17387514e-07, 6.01323482e-05, 3.99574219e-07,
         9.75105152e-09],
        [8.02098020e-06, 9.99999106e-01, 9.99999166e-01, 7.18986115e-09,
         4.91644669e-10, 8.06478884e-09, 6.92553704e-06, 2.03891979e-08,
         2.32040520e-09],
        [9.99999642e-01, 8.75989645e-05, 9.99999404e-01, 1.82181553e-04,
         9.63972102e-09, 5.19996535e-09, 1.62486958e-05, 6.55378681e-05,
         1.48941233e-08],
        [1.36189328e-06, 9.42806363e-01, 1.00000000e+00, 3.10690668e-10,
         2.98635179e-11, 2.34743586e-10, 1.23327573e-06, 1.17035313e-06,
         9.30690802e-11],
        [1.59114599e-04, 3.05548475e-10, 1.00000000e+00, 3.63656218e-05,
         4.25246416e-09, 1.69116973e-07, 4.81429342e-05, 3.61235060e-08,
         1.83178628e-07],
        [6.13501611e-11, 1.09234452e-03, 1.00000000e+00, 7.54639728e-08,
         3.89630145e-07, 2.71468679e-07, 8.08350800e-04, 5.06503923e-08,
         4.31221066e-11],
        [2.47535237e-09, 3.69867124e-08, 1.00000000e+00, 6.18683828e-07,
         6.02336986e-05, 2.66042880e-05, 1.28870481e-03, 1.35492940e-07,
         8.38380565e-09],
        [7.85622400e-11, 7.43324846e-10, 9.99994755e-01, 1.00857369e-06,
         1.94635199e-04, 6.89271474e-05, 3.65889724e-03, 9.89019355e-08,
         1.59169587e-11],
        [9.69200552e-01, 9.99999821e-01, 9.99980986e-01, 6.60162959e-06,
         1.11829257e-09, 6.16525142e-09, 1.72982418e-05, 7.55348211e-08,
         1.09161640e-08],
        [9.99965072e-01, 8.26498479e-08, 9.99999762e-01, 9.95357696e-05,
         6.01628436e-09, 7.42082884e-09, 2.88210013e-05, 5.63650974e-06,
         3.25504494e-08],
        [3.06551763e-11, 1.17829538e-10, 1.00000000e+00, 6.30772874e-08,
         2.95335099e-07, 1.20306213e-05, 1.13011025e-04, 3.36623818e-09,
         1.64518053e-08],
        [2.49445429e-06, 1.00000000e+00, 9.99998987e-01, 2.94658324e-08,
         1.31102817e-09, 6.79326018e-09, 1.05555473e-05, 5.28507904e-09,
         1.58423141e-09],
        [2.18662471e-01, 8.76991280e-09, 1.00000000e+00, 2.49387977e-05,
         1.65395768e-08, 1.24080870e-07, 1.21090761e-05, 1.42030586e-07,
         1.78882499e-06],
        [1.76416802e-06, 9.99995828e-01, 1.00000000e+00, 8.08085598e-09,
         2.71842904e-09, 1.64882774e-08, 1.88781360e-05, 3.87842967e-08,
         1.12058862e-10],
        [1.00971499e-06, 1.92761873e-09, 1.00000000e+00, 3.90786863e-06,
         1.25711182e-07, 1.52446285e-06, 5.15150714e-05, 2.30945263e-09,
         1.69401471e-08],
        [3.26459454e-12, 8.53918900e-05, 1.00000000e+00, 2.04610089e-07,
         6.36412869e-06, 1.09386337e-06, 1.35409797e-03, 4.10894287e-08,
         3.84551939e-11],
        [9.99711633e-01, 1.00000000e+00, 1.00000000e+00, 1.96317451e-05,
         2.01009898e-09, 3.37388251e-08, 3.66861173e-06, 5.09585163e-07,
         2.64099049e-06],
        [2.98288251e-05, 1.05867267e-01, 9.99999046e-01, 1.66362696e-07,
         2.98449217e-11, 6.89097557e-10, 5.80945516e-06, 2.26507677e-06,
         3.21901561e-10],
        [2.98322666e-05, 5.27394013e-06, 1.00000000e+00, 9.20935577e-07,
         6.55368524e-08, 7.54167388e-07, 7.23196354e-06, 5.79909347e-08,
         8.14769976e-07],
        [8.53077049e-13, 1.07410451e-04, 1.00000000e+00, 5.35009441e-08,
         6.55122903e-06, 1.03083403e-05, 1.27274438e-03, 1.15005783e-08,
         8.05322120e-09]]], dtype=float32), array([[[2.80200672e-11, 4.10192662e-18, 1.19809456e-05, 1.60598095e-08,
         6.13313711e-09, 4.77240701e-06, 1.03124084e-05, 3.11103605e-07,
         1.48583216e-14],
        [9.12612506e-07, 8.48183525e-04, 5.53909217e-07, 2.39709808e-10,
         3.69368806e-11, 1.71166860e-07, 4.89717000e-04, 4.37377730e-06,
         7.30717153e-10],
        [2.87290106e-07, 8.27573426e-11, 9.52574134e-01, 1.43482859e-09,
         9.43056522e-10, 7.19417592e-09, 1.47047016e-04, 4.26866897e-08,
         6.11046005e-07],
        [1.51674246e-12, 1.04616252e-14, 9.81960475e-01, 2.18435783e-10,
         9.40775791e-10, 1.60306518e-04, 4.28353203e-04, 4.11684714e-10,
         5.05410214e-10],
        [9.36355091e-11, 6.53009238e-08, 9.93306875e-01, 2.65873209e-11,
         9.09840259e-10, 6.78316719e-05, 1.54753398e-05, 5.61471369e-10,
         5.12482188e-07],
        [6.65424584e-13, 1.11072884e-08, 2.22634748e-02, 3.05631431e-09,
         1.40541216e-11, 1.58303772e-06, 2.79819855e-04, 2.26179708e-07,
         1.81882298e-09],
        [4.13943368e-08, 1.57853946e-01, 6.92627355e-02, 1.22656417e-07,
         1.75318423e-11, 1.67064673e-08, 5.67126381e-06, 1.17551344e-05,
         4.95673930e-06],
        [1.65866990e-11, 2.54851598e-02, 1.00486897e-04, 6.94644967e-11,
         6.27428708e-12, 3.21976529e-10, 3.22026978e-07, 1.47446713e-06,
         3.44381675e-07],
        [9.19524401e-10, 1.86236530e-12, 9.99875188e-01, 1.02877185e-09,
         1.79306781e-09, 1.71769265e-08, 9.10822735e-07, 7.27223703e-09,
         2.38826612e-08],
        [5.80465851e-13, 2.28279960e-13, 9.99953747e-01, 6.99873381e-10,
         7.85102383e-09, 7.28152343e-04, 5.87883042e-05, 1.02549608e-10,
         4.02370975e-12],
        [3.56638070e-12, 1.83008559e-08, 9.99825597e-01, 1.34354042e-10,
         4.43957315e-10, 4.72000189e-04, 3.92888751e-06, 2.39543452e-09,
         7.79659184e-11],
        [3.34126254e-10, 9.99925494e-01, 3.92783960e-07, 2.27048241e-10,
         4.93257605e-12, 4.25320801e-09, 1.13173462e-06, 1.48221598e-05,
         2.46329868e-09],
        [1.31528441e-08, 5.70371150e-15, 9.99902904e-01, 7.22760651e-09,
         8.31982205e-10, 5.50998713e-09, 7.68013706e-06, 4.97184904e-10,
         3.97208044e-10],
        [4.61256196e-14, 1.08238026e-04, 1.00023462e-04, 4.30591153e-11,
         1.35336577e-11, 2.68759209e-07, 3.66427855e-07, 2.85374654e-06,
         6.37384312e-11],
        [1.32815581e-09, 1.00248442e-07, 2.37600237e-01, 6.34280717e-09,
         4.55196991e-11, 9.26767729e-09, 1.14182251e-06, 1.20885979e-05,
         4.27234426e-09],
        [1.06344950e-11, 8.76629353e-03, 2.04917469e-05, 5.88705959e-11,
         2.26249726e-12, 1.03759001e-09, 6.19491743e-07, 8.86363159e-06,
         1.69963243e-07],
        [1.96173877e-09, 7.38977835e-14, 1.00000000e+00, 5.00756214e-10,
         8.72235706e-09, 4.35548003e-07, 2.56057920e-05, 5.21775234e-10,
         1.34830913e-07],
        [1.29777048e-13, 1.78797976e-09, 8.23868513e-01, 8.73246475e-11,
         7.44431392e-11, 3.98874283e-04, 3.73303305e-06, 4.00751299e-09,
         1.69013917e-11],
        [7.48937690e-10, 2.62299180e-01, 1.15228593e-02, 1.55993884e-08,
         1.48720602e-11, 7.76263533e-08, 2.73390214e-07, 2.10020407e-05,
         1.71181380e-08],
        [3.38293282e-10, 6.18522827e-05, 3.90231609e-04, 1.14014798e-09,
         1.48347675e-12, 1.95277433e-10, 2.12414008e-07, 1.37932375e-06,
         8.44238031e-08],
        [3.50251277e-08, 4.16242996e-09, 2.10797787e-03, 1.81121820e-08,
         3.53655213e-12, 1.53180330e-10, 4.55299045e-07, 3.04543446e-05,
         1.27741927e-07],
        [1.30829722e-11, 7.95228751e-15, 9.99998569e-01, 3.23214033e-09,
         5.74787051e-10, 1.05510185e-06, 2.30538535e-05, 6.23337548e-10,
         2.26886426e-10],
        [1.03148913e-12, 6.29995153e-11, 9.99993742e-01, 2.10567730e-10,
         5.18211474e-09, 3.48541141e-03, 1.52030416e-05, 3.24836796e-10,
         4.69544473e-11],
        [1.85961524e-10, 1.00000000e+00, 2.57703931e-07, 8.70585548e-11,
         7.09558822e-13, 4.53662530e-09, 1.57940136e-07, 7.34419446e-05,
         1.68223890e-09],
        [9.51444079e-09, 8.33503449e-16, 9.99998331e-01, 2.54140131e-09,
         3.32122463e-09, 5.30726503e-08, 1.02305021e-05, 1.39175949e-09,
         1.26794242e-09],
        [2.36670666e-12, 9.94184673e-01, 2.24990188e-07, 4.96198950e-11,
         1.06118239e-11, 2.10669882e-07, 5.78700508e-07, 2.36504202e-05,
         1.92885463e-09],
        [1.47296646e-06, 1.77536037e-07, 4.49912404e-05, 1.49687224e-07,
         2.16474443e-11, 1.30324835e-08, 2.46551394e-07, 3.80467609e-05,
         1.88455203e-07],
        [1.67049485e-09, 1.75734715e-06, 2.52874997e-07, 4.03869799e-10,
         1.41632919e-12, 1.02053137e-10, 1.40376741e-07, 2.25854219e-05,
         3.90171806e-09],
        [7.46815110e-10, 4.08958132e-13, 1.00000000e+00, 2.61009714e-10,
         1.72302317e-09, 1.97329157e-07, 1.85336648e-06, 7.90321975e-10,
         7.19955517e-09],
        [6.84649684e-14, 9.67066646e-01, 3.22021970e-06, 8.97557723e-12,
         1.16506995e-11, 1.05360712e-07, 1.97270410e-07, 8.45471459e-06,
         1.82295151e-10],
        [1.05803843e-09, 3.55600505e-13, 9.99961793e-01, 6.37771946e-10,
         4.09749595e-10, 1.04260165e-08, 1.96363339e-06, 2.78615406e-08,
         2.85302981e-08],
        [5.28496517e-14, 8.75464923e-10, 6.47979379e-02, 7.29154515e-11,
         6.71997111e-11, 9.40099417e-05, 1.77253005e-05, 5.86556759e-08,
         1.24299720e-11]]], dtype=float32), array([[[1.27971955e-09, 7.31058598e-01, 8.61927507e-09, 3.71248433e-07,
         2.73604110e-06, 7.31058240e-01, 8.73898796e-04, 2.31536960e-05,
         6.23287082e-01],
        [3.00191361e-09, 9.97164079e-07, 2.82550566e-10, 2.07959412e-04,
         1.39831559e-06, 7.60432243e-01, 3.85900959e-03, 1.52892007e-05,
         2.23964222e-10],
        [2.01038946e-03, 9.18132400e-07, 2.20836053e-04, 2.34685540e-05,
         7.98997189e-06, 8.94669950e-01, 6.10911194e-03, 1.27768784e-03,
         2.68854052e-07],
        [8.10356587e-02, 1.57715672e-08, 7.29226449e-04, 3.22418771e-07,
         6.71711064e-07, 9.29720521e-01, 2.71139597e-03, 1.28972039e-04,
         8.20938385e-06],
        [2.71825283e-03, 2.16534843e-08, 1.18884869e-01, 4.71994832e-10,
         4.32178331e-06, 2.40905620e-02, 3.24758948e-05, 1.29495338e-02,
         1.86772650e-05],
        [1.84085858e-10, 2.98156664e-08, 8.52723345e-02, 1.08718168e-09,
         1.31047218e-05, 1.06138606e-02, 7.14016278e-05, 3.77253164e-03,
         1.96655545e-08],
        [3.61967756e-15, 9.99088645e-01, 1.07306022e-08, 1.82737327e-08,
         1.75718259e-11, 1.00784982e-02, 7.13645131e-04, 1.59452495e-04,
         1.19140895e-11],
        [9.90637839e-01, 3.78975407e-10, 1.16106647e-03, 2.55976431e-03,
         1.67736584e-06, 7.99734116e-01, 1.50781712e-02, 1.19589027e-02,
         1.32736275e-07],
        [4.23743207e-10, 1.52370759e-12, 1.53613955e-01, 4.99731201e-10,
         6.05547175e-05, 2.24998312e-05, 8.39266504e-05, 2.38588938e-04,
         2.66880962e-10],
        [3.89909502e-12, 1.16929432e-05, 3.01287801e-04, 2.47609183e-10,
         5.81779425e-09, 7.25874415e-05, 1.96146466e-05, 1.95206958e-03,
         7.11279258e-10],
        [3.87434085e-09, 9.99983311e-01, 3.80916561e-08, 4.89263954e-08,
         6.09591674e-12, 7.33715715e-03, 5.92537224e-04, 1.69659930e-03,
         1.47291945e-09],
        [2.01153103e-02, 1.61080563e-04, 1.45680232e-10, 7.64238212e-05,
         6.28049790e-08, 9.52306092e-01, 2.78720800e-02, 1.33517213e-04,
         8.55744453e-09],
        [4.94584711e-08, 4.59157740e-10, 9.88401890e-01, 3.69033387e-10,
         8.03158582e-06, 1.18257885e-05, 1.14586446e-05, 4.15928589e-05,
         7.26298140e-06],
        [8.21062402e-13, 9.62677658e-01, 2.11916429e-07, 1.07167804e-08,
         1.30066999e-10, 2.21460621e-04, 3.23626999e-04, 4.05667024e-03,
         5.79130331e-13],
        [5.91876997e-05, 5.77708721e-01, 1.27679278e-09, 2.38603225e-05,
         1.56607491e-08, 7.38821208e-01, 3.58769740e-03, 5.67256284e-05,
         1.95991667e-09],
        [9.99989510e-01, 7.25094473e-09, 1.97619556e-07, 1.37149473e-04,
         2.58964483e-05, 8.94775927e-01, 2.33706878e-03, 1.11990565e-04,
         9.70626530e-08],
        [6.73543930e-01, 3.70023990e-05, 1.53677977e-08, 5.99617670e-06,
         1.09650264e-05, 4.40807581e-01, 8.89670942e-03, 1.85022262e-04,
         5.70570036e-09],
        [1.96582698e-11, 1.00000000e+00, 2.00540737e-10, 2.17811480e-09,
         2.77377038e-10, 9.65091586e-01, 6.59337780e-03, 1.33800870e-06,
         9.39067561e-08],
        [9.99990582e-01, 6.54743459e-09, 3.58015342e-08, 8.66603851e-02,
         2.88833235e-05, 9.86608267e-01, 8.67960081e-02, 3.31994270e-05,
         7.98237863e-07],
        [6.91553891e-01, 8.96796308e-08, 2.20752142e-07, 1.96673773e-06,
         1.86979771e-04, 1.89263403e-01, 7.47680198e-04, 6.26866895e-05,
         7.06751146e-09],
        [2.65475664e-05, 1.03343211e-06, 6.96405436e-07, 7.28749239e-09,
         3.76445746e-06, 2.06473410e-01, 8.50468699e-04, 1.02949256e-04,
         2.53900767e-09],
        [1.27196312e-04, 1.88082993e-07, 4.32067691e-06, 1.34679908e-07,
         2.99607109e-06, 8.77620876e-02, 2.86072493e-04, 4.83244425e-03,
         1.70512626e-09],
        [2.61840478e-06, 1.85423721e-06, 2.19931171e-05, 5.52891279e-08,
         1.72851469e-06, 8.29952955e-03, 9.70964029e-05, 1.00604342e-02,
         5.17156007e-09],
        [1.17643726e-08, 9.99827027e-01, 7.25627487e-08, 1.99414210e-08,
         5.42886536e-09, 1.09147996e-01, 3.81919742e-03, 5.74425969e-04,
         4.69745354e-10],
        [1.52064476e-05, 6.01045880e-11, 2.19976008e-02, 3.11624405e-07,
         4.74163890e-03, 2.14330852e-02, 9.91582870e-04, 1.99415972e-05,
         2.79287127e-09],
        [2.00379557e-12, 2.43089795e-02, 2.13248850e-08, 2.37020803e-08,
         6.00062799e-09, 1.61783099e-02, 2.39777565e-03, 8.27435986e-04,
         6.32549514e-13],
        [2.38243786e-07, 9.99999642e-01, 1.43954848e-09, 1.55324983e-06,
         9.23494337e-11, 3.01852584e-01, 9.99072194e-03, 1.83560653e-04,
         1.68246350e-09],
        [2.34585732e-05, 5.37707806e-01, 1.07410424e-12, 1.94198083e-06,
         3.29236691e-08, 9.99008656e-01, 2.67920613e-01, 2.62219728e-05,
         2.17990923e-08],
        [1.89620891e-07, 1.94842788e-11, 9.66747344e-01, 3.05349246e-10,
         1.47273331e-05, 6.55629856e-06, 6.93320762e-05, 8.21150461e-05,
         6.96392135e-07],
        [1.86564834e-13, 5.84369242e-01, 9.01338950e-08, 2.37630404e-09,
         8.35976982e-11, 8.86231282e-05, 3.82661819e-04, 1.89545960e-03,
         5.95051826e-14],
        [4.67855389e-05, 9.99558330e-01, 2.74719053e-10, 4.01830948e-06,
         1.28957254e-08, 8.57304931e-01, 1.87519789e-02, 9.92558926e-05,
         1.25845689e-09],
        [9.86825347e-01, 2.05027209e-06, 1.67567245e-11, 2.93123722e-03,
         4.08650612e-06, 9.98750806e-01, 1.58469707e-01, 4.15336908e-05,
         5.33917399e-09]]], dtype=float32)]