tf.Tensor(
[[[3.94627165e-19 2.93715395e-19 1.36630769e-08 1.70782091e-08
   1.91477997e-11 1.10252953e-12 2.08645292e-06 2.17838981e-03
   2.25040200e-15]
  [3.24197373e-07 8.79866828e-04 8.80329013e-01 1.12889410e-07
   5.31447837e-11 1.16984933e-09 2.74209947e-06 1.19315600e-02
   2.72632722e-10]
  [1.61990774e-05 8.28860700e-01 6.08112896e-06 1.10644587e-08
   3.68510561e-12 1.48105279e-08 3.03419029e-06 2.29076522e-05
   3.87972793e-10]
  [9.82013226e-01 3.53271370e-11 6.15355930e-07 1.42132446e-01
   1.08825066e-06 1.30025379e-03 7.93214049e-03 4.40458127e-04
   1.10068889e-07]
  [9.92481053e-01 6.98738756e-09 1.07680848e-04 5.86661099e-06
   1.22218098e-05 1.33152789e-04 9.10168746e-05 1.84784885e-02
   1.94383691e-08]
  [2.08606377e-08 9.97515023e-01 3.30746047e-07 7.89404098e-09
   3.80075216e-09 1.07608364e-04 6.11578906e-03 1.22956495e-04
   5.61359736e-10]
  [9.98880923e-01 1.59728614e-07 2.89337249e-10 6.22201199e-03
   1.89778973e-06 1.79544091e-01 1.96755320e-01 6.64150924e-04
   2.78078693e-09]
  [2.07388484e-06 1.38001894e-07 8.75835359e-01 2.15896634e-09
   3.99152450e-05 1.13861890e-04 3.77961223e-05 1.81843730e-04
   2.41067391e-06]
  [1.50396318e-07 2.72306488e-06 1.22555150e-07 1.75118196e-08
   4.36469847e-08 2.58592510e-04 5.92630531e-04 1.36603657e-02
   3.16802411e-13]
  [2.72947073e-04 3.40557825e-11 9.25083160e-02 4.29886811e-08
   2.33867249e-05 5.89947158e-05 7.99598452e-03 1.09566923e-03
   1.02504735e-07]
  [1.88970262e-08 1.03607511e-10 8.91106611e-05 4.05791400e-09
   6.32820593e-06 2.24616335e-04 3.67582636e-03 2.33541448e-02
   4.69700989e-09]
  [3.36612138e-09 9.99953747e-01 4.38044282e-07 5.13564025e-10
   3.17346462e-11 6.07278140e-04 3.12975096e-03 3.83368024e-04
   1.17117427e-10]
  [1.60847560e-06 1.30771988e-12 9.97653842e-01 2.71290101e-09
   3.16604972e-04 1.98843668e-06 2.13946518e-03 1.78952032e-05
   1.78897352e-07]
  [4.41844644e-10 8.35572183e-01 1.18257859e-07 9.45904421e-09
   1.33280853e-09 3.29165159e-05 3.22360988e-03 2.65397923e-03
   3.99895740e-14]
  [9.99649644e-01 3.03026404e-08 1.46098415e-07 2.55125668e-03
   3.57825733e-08 3.11455037e-02 2.18501553e-01 5.73468534e-03
   8.57128697e-08]
  [7.93410891e-07 8.87658596e-01 7.61205595e-12 5.59959439e-08
   9.71332081e-09 8.07864428e-01 6.67939901e-01 4.16737275e-05
   9.70441434e-08]
  [7.42329478e-01 1.98445316e-10 5.86782455e-01 1.48663631e-07
   7.99208879e-04 2.73829699e-03 6.33079559e-04 1.50153655e-05
   3.10575751e-06]
  [2.96704661e-10 9.98333573e-01 9.65667901e-09 2.04751505e-08
   2.09247624e-08 1.63817406e-03 4.97462135e-03 2.11902763e-04
   1.58244728e-12]
  [9.58592892e-01 3.75742701e-11 4.34200078e-01 8.40542157e-07
   5.74201345e-04 3.75133753e-03 5.90030430e-03 5.15265914e-04
   2.96376470e-07]
  [6.71317224e-08 1.30797816e-05 7.18480180e-07 2.18883667e-09
   1.82786528e-06 9.71645117e-04 2.91981921e-03 3.60761362e-04
   1.14953077e-13]
  [2.45969423e-09 8.21099048e-13 9.99999642e-01 2.89524706e-11
   5.10498881e-04 3.26618351e-06 6.38812257e-04 4.98721609e-04
   1.10575087e-08]
  [1.31903696e-10 1.26510859e-04 5.17168610e-06 7.29563854e-10
   6.34208241e-10 3.29193390e-05 9.61690792e-04 1.76532136e-03
   3.03048222e-13]
  [7.40040541e-01 2.58588791e-03 7.30989882e-07 2.42938540e-07
   2.12688800e-08 1.76116824e-03 1.95708573e-02 2.53042585e-04
   9.32416477e-10]
  [2.52472601e-05 3.95636940e-10 1.58135295e-02 7.87339349e-09
   1.63882971e-04 4.28760723e-05 1.01497769e-03 3.66844179e-05
   7.38020489e-09]
  [5.45347448e-11 9.98676538e-01 2.23091604e-07 1.24708310e-09
   4.52592547e-10 4.85641103e-05 1.21930242e-03 1.06858532e-03
   3.57097842e-13]
  [9.99981284e-01 8.37863778e-10 3.14533710e-04 8.64017010e-03
   2.74073386e-06 9.46233869e-02 2.14035571e-01 1.56528782e-03
   2.40070813e-06]
  [1.04878310e-07 9.99989033e-01 8.69596894e-10 8.55833093e-09
   4.20743484e-09 5.10405898e-01 2.37498701e-01 2.18491587e-05
   2.49322074e-09]
  [9.99973238e-01 3.42418559e-11 1.79228187e-02 4.44501638e-04
   8.70674849e-05 4.71777916e-02 2.01678276e-03 3.85761756e-04
   5.79348011e-07]
  [4.90847230e-03 4.48862565e-08 3.34449833e-05 1.38200020e-08
   1.43453479e-04 5.70020080e-03 8.32587481e-04 2.28791367e-02
   1.91249655e-10]
  [6.59630541e-06 3.97150338e-01 3.91464766e-07 7.54953167e-09
   1.05347846e-08 5.39124012e-04 1.64652765e-02 4.45033237e-02
   5.91797444e-11]
  [9.54368293e-01 1.06084730e-09 3.20315361e-03 4.34878348e-06
   1.10030174e-04 1.53246522e-03 1.27026439e-03 5.67668257e-03
   1.47504826e-08]
  [2.33065234e-10 9.99674618e-01 7.79029374e-09 3.11135757e-08
   4.69690287e-09 3.30349803e-03 1.80182755e-02 1.23513455e-04
   5.02913440e-11]]], shape=(1, 32, 9), dtype=float32)