[array([[[4.99989480e-01, 4.32951361e-01, 3.49769980e-01, 6.78016008e-08,
         1.56521419e-05, 7.70008146e-09, 3.01750833e-06, 4.16086039e-07,
         7.07507133e-05],
        [4.99775171e-01, 4.99998629e-01, 2.52698669e-07, 1.07937677e-08,
         1.94663770e-08, 3.09294412e-09, 7.89803067e-08, 1.65480216e-08,
         5.83647341e-02],
        [4.98480648e-01, 5.00000119e-01, 1.41882273e-09, 6.82073598e-09,
         1.69528491e-09, 2.05447814e-09, 1.70534911e-08, 3.94322708e-09,
         3.84336561e-01],
        [4.96304095e-01, 5.00000417e-01, 2.07122708e-10, 5.05121411e-09,
         9.56412949e-10, 2.64712008e-09, 1.38101006e-08, 2.98693426e-09,
         4.50923502e-01],
        [4.95129466e-01, 5.00000715e-01, 1.24839208e-10, 4.53997728e-09,
         9.30083011e-10, 3.36505868e-09, 1.32625395e-08, 3.47151285e-09,
         4.56079423e-01],
        [4.94796515e-01, 5.00000954e-01, 1.21823399e-10, 4.23709512e-09,
         9.01555053e-10, 3.42145534e-09, 1.22175345e-08, 3.75201825e-09,
         4.53571022e-01],
        [4.94779259e-01, 5.00001192e-01, 1.27107824e-10, 4.05641165e-09,
         8.72667882e-10, 3.34319838e-09, 1.14943992e-08, 3.80804499e-09,
         4.50819135e-01],
        [4.94588077e-01, 5.00001371e-01, 1.23604085e-10, 4.01949718e-09,
         8.40269576e-10, 3.31062688e-09, 1.11328520e-08, 3.68937059e-09,
         4.51337993e-01],
        [4.94497478e-01, 5.00001609e-01, 1.22513832e-10, 3.96441813e-09,
         8.34557867e-10, 3.29090866e-09, 1.09668825e-08, 3.69179909e-09,
         4.51059908e-01],
        [4.94283944e-01, 5.00001848e-01, 1.16869181e-10, 3.96940436e-09,
         8.15982948e-10, 3.28743321e-09, 1.08665628e-08, 3.58086338e-09,
         4.52454805e-01],
        [4.93718475e-01, 5.00002086e-01, 9.92948085e-11, 4.13362544e-09,
         7.48314077e-10, 3.31007111e-09, 1.08021503e-08, 3.10576032e-09,
         4.57818568e-01],
        [4.93938863e-01, 5.00002325e-01, 1.07122117e-10, 3.92720967e-09,
         7.84504683e-10, 3.25636740e-09, 1.07109956e-08, 3.36072903e-09,
         4.54757929e-01],
        [4.93899226e-01, 5.00002503e-01, 1.06192638e-10, 3.91110833e-09,
         7.81109399e-10, 3.24110561e-09, 1.07137339e-08, 3.35368533e-09,
         4.54640329e-01],
        [4.93557096e-01, 5.00002742e-01, 9.60498417e-11, 4.00717326e-09,
         7.38019090e-10, 3.24974092e-09, 1.07052767e-08, 3.04814196e-09,
         4.58204865e-01],
        [4.93720651e-01, 5.00002980e-01, 1.00992839e-10, 3.89449317e-09,
         7.61322894e-10, 3.27700356e-09, 1.07926148e-08, 3.23691074e-09,
         4.56270278e-01],
        [4.93641466e-01, 5.00003219e-01, 1.01421767e-10, 3.84912813e-09,
         7.61911201e-10, 3.31395622e-09, 1.08211839e-08, 3.29043170e-09,
         4.56560671e-01],
        [4.93103772e-01, 5.00003517e-01, 8.84326223e-11, 4.05228251e-09,
         7.08786863e-10, 3.76915432e-09, 1.14343974e-08, 3.03657099e-09,
         4.62092042e-01],
        [4.92435813e-01, 5.00003934e-01, 7.85140494e-11, 4.19297441e-09,
         6.70612954e-10, 4.47580195e-09, 1.22248540e-08, 2.95515501e-09,
         4.67210174e-01],
        [4.91676033e-01, 5.00004530e-01, 6.77131753e-11, 4.42216397e-09,
         6.26285357e-10, 5.63717562e-09, 1.34946418e-08, 2.83659984e-09,
         4.72217619e-01],
        [4.91032094e-01, 5.00005245e-01, 6.03410100e-11, 4.60422944e-09,
         5.94402194e-10, 6.28734487e-09, 1.41110350e-08, 2.68332423e-09,
         4.75383282e-01],
        [4.91581947e-01, 5.00005841e-01, 6.77740294e-11, 4.37603287e-09,
         6.35203390e-10, 6.34021147e-09, 1.42683332e-08, 3.02580005e-09,
         4.72705781e-01],
        [4.91092682e-01, 5.00006557e-01, 6.19238896e-11, 4.52414994e-09,
         6.01914907e-10, 6.36783115e-09, 1.42170169e-08, 2.77890311e-09,
         4.74949956e-01],
        [4.91235316e-01, 5.00007272e-01, 6.31076649e-11, 4.47126247e-09,
         6.08820772e-10, 6.38160724e-09, 1.42456544e-08, 2.82217982e-09,
         4.74510789e-01],
        [4.91320461e-01, 5.00007927e-01, 6.47426279e-11, 4.42202097e-09,
         6.16291129e-10, 6.33330988e-09, 1.42069601e-08, 2.89116220e-09,
         4.74021405e-01],
        [4.90717292e-01, 5.00008643e-01, 5.77657817e-11, 4.63484806e-09,
         5.80372694e-10, 6.39801190e-09, 1.41915235e-08, 2.60430633e-09,
         4.76612419e-01],
        [4.91260290e-01, 5.00009298e-01, 6.43043813e-11, 4.42357306e-09,
         6.14183593e-10, 6.29363184e-09, 1.41634544e-08, 2.87200264e-09,
         4.74226415e-01],
        [4.90881175e-01, 5.00010014e-01, 5.92971713e-11, 4.58657690e-09,
         5.87730475e-10, 6.36773390e-09, 1.42114862e-08, 2.66481504e-09,
         4.75965500e-01],
        [4.91446614e-01, 5.00010610e-01, 6.68704397e-11, 4.35401182e-09,
         6.26919960e-10, 6.25575325e-09, 1.41536516e-08, 2.97749203e-09,
         4.73304570e-01],
        [4.91128623e-01, 5.00011265e-01, 6.33116615e-11, 4.44687887e-09,
         6.06035555e-10, 6.24366603e-09, 1.40691370e-08, 2.82427992e-09,
         4.74670649e-01],
        [4.90213335e-01, 5.00012040e-01, 5.41024343e-11, 4.79310502e-09,
         5.63986136e-10, 6.42296705e-09, 1.41552983e-08, 2.48383802e-09,
         4.78249133e-01],
        [4.90191728e-01, 5.00012815e-01, 5.37852263e-11, 4.77416373e-09,
         5.64833402e-10, 6.43557341e-09, 1.41318015e-08, 2.47944554e-09,
         4.78416622e-01],
        [4.89832133e-01, 5.00013649e-01, 5.18196423e-11, 4.88050489e-09,
         5.60070212e-10, 6.51047749e-09, 1.41426684e-08, 2.44487275e-09,
         4.79358435e-01]]], dtype=float32), array([[[7.31052220e-01, 3.08367845e-07, 4.99999046e-01, 5.00000179e-01,
         1.00510348e-07, 1.03407837e-02, 7.01099634e-05, 2.41157068e-07,
         4.27014602e-05],
        [7.29501426e-01, 2.62740605e-06, 4.99985009e-01, 5.00000417e-01,
         2.72777023e-09, 1.50108186e-03, 6.26742840e-05, 4.17755341e-09,
         8.85872396e-07],
        [7.28530049e-01, 4.68630606e-06, 4.99971509e-01, 5.00000477e-01,
         7.78481390e-10, 7.90029357e-04, 2.82477067e-05, 8.21693602e-10,
         7.06536071e-07],
        [7.26555943e-01, 7.94161133e-06, 4.99966800e-01, 5.00000596e-01,
         1.37117739e-09, 2.88232346e-03, 1.01879239e-04, 1.31150002e-09,
         8.43275018e-07],
        [7.29493856e-01, 9.74073487e-07, 4.99983639e-01, 5.00006735e-01,
         1.56238666e-08, 1.06251210e-01, 7.56874681e-04, 9.64399494e-09,
         4.72750031e-07],
        [7.28301346e-01, 2.75635921e-06, 4.99992281e-01, 5.00008881e-01,
         1.62628631e-08, 4.26210836e-02, 4.49642539e-04, 7.57307905e-09,
         6.93554853e-07],
        [7.28717387e-01, 3.04864716e-06, 4.99988616e-01, 5.00009120e-01,
         9.50722789e-09, 1.70062315e-02, 1.78918242e-04, 3.60090024e-09,
         1.14847273e-06],
        [7.27960587e-01, 4.11858900e-06, 4.99982059e-01, 5.00009358e-01,
         6.44261133e-09, 1.47044845e-02, 1.72346830e-04, 1.79512827e-09,
         1.88270656e-06],
        [7.28302836e-01, 1.53368876e-06, 4.99992430e-01, 5.00011563e-01,
         1.29172246e-08, 6.69604465e-02, 6.39721751e-04, 5.94073946e-09,
         7.03339708e-07],
        [7.28615165e-01, 1.24231281e-06, 4.99994069e-01, 5.00016451e-01,
         1.67208931e-08, 8.17034692e-02, 9.08240676e-04, 9.48739576e-09,
         5.73968862e-07],
        [7.28198647e-01, 1.43270370e-06, 4.99994218e-01, 5.00027120e-01,
         2.27287877e-08, 8.32223594e-02, 8.02531838e-04, 1.15497807e-08,
         5.47317256e-07],
        [7.28550851e-01, 2.93508651e-06, 4.99992788e-01, 5.00027895e-01,
         1.30141418e-08, 2.32086424e-02, 2.59011984e-04, 3.99565669e-09,
         1.24527503e-06],
        [7.27536201e-01, 3.65118672e-06, 4.99989629e-01, 5.00027955e-01,
         6.77500633e-09, 9.77372751e-03, 9.75877047e-05, 1.21289379e-09,
         3.31340379e-06],
        [7.28707850e-01, 1.75271919e-06, 4.99992847e-01, 5.00029385e-01,
         1.03795355e-08, 5.73961772e-02, 5.24640083e-04, 4.22127577e-09,
         8.07375500e-07],
        [7.28412449e-01, 5.00026090e-06, 4.99985397e-01, 5.00029385e-01,
         5.79506931e-09, 7.38101266e-03, 6.91860914e-05, 9.47434686e-10,
         1.42611952e-05],
        [7.28991449e-01, 3.35743903e-06, 4.99985486e-01, 5.00029504e-01,
         3.65390074e-09, 9.72106587e-03, 1.06230378e-04, 1.19372867e-09,
         2.22790936e-06],
        [7.28059173e-01, 5.97063035e-06, 4.99977171e-01, 5.00029504e-01,
         5.62736835e-09, 4.42728307e-03, 4.80388262e-05, 6.33058106e-10,
         1.69527666e-05],
        [7.27495253e-01, 4.88313071e-06, 4.99988616e-01, 5.00029564e-01,
         7.37868922e-09, 8.89937207e-03, 1.29595399e-04, 2.58014810e-09,
         1.89128104e-06],
        [7.29245126e-01, 5.21244647e-06, 4.99982089e-01, 5.00029624e-01,
         7.55695506e-09, 6.92405319e-03, 6.45965338e-05, 1.38765999e-09,
         1.19061660e-05],
        [7.28911102e-01, 6.48047717e-06, 4.99979824e-01, 5.00029624e-01,
         7.09680048e-09, 7.59896170e-03, 7.97510147e-05, 1.44448242e-09,
         1.19739061e-05],
        [7.27722704e-01, 7.46875685e-06, 4.99968678e-01, 5.00029624e-01,
         5.21009591e-09, 3.45106539e-03, 4.00085773e-05, 6.19948870e-10,
         1.63607911e-05],
        [7.27782369e-01, 8.17794626e-06, 4.99969095e-01, 5.00029624e-01,
         5.30835864e-09, 4.66397172e-03, 4.97479559e-05, 1.01447439e-09,
         1.09816965e-05],
        [7.27579594e-01, 8.93885499e-06, 4.99960512e-01, 5.00029624e-01,
         4.19341495e-09, 3.25266877e-03, 3.54109688e-05, 6.28941621e-10,
         1.47419059e-05],
        [7.27418840e-01, 1.04077126e-05, 4.99956518e-01, 5.00029683e-01,
         4.05803746e-09, 6.67410344e-03, 7.65770674e-05, 8.75182482e-10,
         9.31400064e-06],
        [7.29671240e-01, 3.08294898e-06, 4.99986351e-01, 5.00029981e-01,
         8.28651636e-09, 2.25167386e-02, 1.75297260e-04, 6.02074524e-09,
         1.36943720e-06],
        [7.27958202e-01, 8.73475892e-06, 4.99951959e-01, 5.00029981e-01,
         4.13824086e-09, 3.18729645e-03, 3.66816312e-05, 6.44111209e-10,
         1.67788403e-05],
        [7.27250397e-01, 1.02600161e-05, 4.99958068e-01, 5.00029981e-01,
         2.21057106e-09, 2.21238844e-03, 3.36443336e-05, 4.93815933e-10,
         7.06672972e-06],
        [7.26635575e-01, 1.15615940e-05, 4.99952644e-01, 5.00029981e-01,
         9.57959378e-10, 1.04501424e-03, 2.33739702e-05, 3.67983144e-10,
         2.62262279e-06],
        [7.26315558e-01, 1.15441535e-05, 4.99953091e-01, 5.00029981e-01,
         6.27792318e-10, 7.75548804e-04, 2.10782546e-05, 3.43371553e-10,
         1.51244285e-06],
        [7.27080226e-01, 9.91611796e-06, 4.99959648e-01, 5.00029981e-01,
         6.14024331e-10, 5.68415096e-04, 1.50280621e-05, 3.52002177e-10,
         1.50212861e-06],
        [7.28192329e-01, 9.10667768e-06, 4.99964356e-01, 5.00029981e-01,
         3.93018312e-10, 4.72563232e-04, 1.12447697e-05, 2.54172489e-10,
         1.41215662e-06],
        [7.27595270e-01, 7.98573183e-06, 4.99966532e-01, 5.00029922e-01,
         4.53831334e-10, 4.60863172e-04, 1.21257472e-05, 2.91116325e-10,
         1.40762484e-06]]], dtype=float32), array([[[9.59828089e-04, 5.00000000e-01, 9.44834312e-07, 9.58341878e-11,
         4.96832548e-08, 2.50687360e-09, 4.36861512e-07, 3.17172476e-13,
         5.74288989e-13],
        [5.64897740e-10, 5.00000000e-01, 4.68301209e-07, 1.64080194e-09,
         8.72655619e-08, 4.45945572e-11, 2.36613505e-06, 1.16660222e-20,
         5.51097554e-19],
        [3.38093464e-08, 5.00000060e-01, 9.52571452e-01, 2.29075070e-08,
         2.11290419e-04, 1.94009129e-08, 1.65239238e-04, 3.47275262e-19,
         5.08523324e-16],
        [4.50042403e-09, 5.00000060e-01, 9.81936276e-01, 4.94458252e-10,
         1.73593744e-05, 2.15798657e-10, 2.53314211e-05, 7.00431663e-21,
         5.27205482e-16],
        [7.36811398e-06, 5.00000000e-01, 9.93305743e-01, 3.11514761e-08,
         3.83010629e-04, 4.79080491e-08, 1.13457441e-04, 4.52933001e-18,
         1.14725460e-11],
        [4.01155686e-09, 5.00000000e-01, 8.56640697e-01, 9.36023925e-10,
         8.95195001e-07, 1.75953588e-12, 2.92480545e-05, 1.44222139e-20,
         2.47250327e-13],
        [3.24344285e-07, 5.00000000e-01, 9.99088049e-01, 2.16188223e-09,
         4.93823536e-05, 5.21039545e-10, 2.71128338e-05, 1.64144635e-18,
         8.62752404e-12],
        [8.73785044e-09, 5.00000000e-01, 9.99664187e-01, 9.19708421e-10,
         2.72461216e-06, 1.53084143e-11, 2.71036079e-05, 2.76527836e-20,
         7.22725861e-13],
        [5.16962109e-06, 5.00000000e-01, 9.99876380e-01, 1.13067422e-08,
         1.87244601e-04, 9.09451927e-08, 1.16273775e-04, 1.76662080e-18,
         6.94601321e-11],
        [3.95886351e-10, 5.00000000e-01, 6.04812267e-05, 3.95165289e-11,
         3.42941426e-08, 3.09953425e-13, 3.11341000e-06, 6.65116713e-23,
         3.14476948e-15],
        [2.14284523e-06, 5.00000000e-01, 9.99983251e-01, 2.76868795e-09,
         3.96332965e-04, 6.71499611e-09, 4.23356105e-05, 6.67358461e-19,
         1.48836043e-12],
        [5.37696276e-12, 5.00000000e-01, 1.44973819e-06, 6.89252405e-11,
         3.91255250e-09, 1.94477274e-14, 2.39991709e-06, 1.78078861e-24,
         5.75637759e-18],
        [2.21996879e-10, 5.00000000e-01, 9.99996722e-01, 4.84544127e-10,
         3.75451350e-06, 2.24163587e-11, 1.41882192e-05, 6.72763552e-23,
         6.65524176e-17],
        [3.13875444e-06, 5.00000000e-01, 9.99999225e-01, 1.22909860e-08,
         4.16456693e-04, 1.04749969e-08, 6.85900450e-05, 7.06648662e-19,
         2.49829649e-12],
        [8.47349343e-11, 5.00000000e-01, 1.63224293e-03, 1.31949287e-11,
         3.23191607e-08, 1.23636371e-13, 1.57522709e-06, 3.20868700e-23,
         1.23879140e-15],
        [2.04874382e-07, 5.00000000e-01, 1.00000000e+00, 7.93110688e-10,
         4.99023663e-05, 1.49637591e-09, 1.87269634e-05, 3.54083708e-20,
         7.50119097e-13],
        [3.13637372e-07, 5.00000000e-01, 1.00000000e+00, 1.21427846e-09,
         1.01467464e-04, 2.66927147e-09, 6.28679991e-05, 1.47902349e-19,
         6.97620401e-13],
        [1.09713003e-11, 5.00000000e-01, 2.05648860e-07, 6.74229561e-11,
         1.65527325e-08, 1.83565660e-13, 9.32394869e-06, 3.07573080e-23,
         1.00609382e-16],
        [4.64603227e-06, 5.00000000e-01, 1.00000000e+00, 3.99967170e-09,
         8.10123980e-04, 1.59875384e-08, 6.32852316e-05, 8.54215822e-19,
         6.64409023e-12],
        [6.32918784e-07, 5.00000000e-01, 1.00000000e+00, 3.85928206e-10,
         4.19379357e-05, 7.88254795e-10, 2.47322314e-05, 1.26550065e-19,
         2.03521163e-12],
        [6.39489763e-12, 5.00000000e-01, 1.45377749e-06, 7.95039312e-11,
         2.39986075e-09, 1.71014648e-14, 2.74115473e-06, 1.24374078e-24,
         6.18622696e-18],
        [4.19220269e-05, 5.00000000e-01, 1.00000000e+00, 2.35505428e-08,
         2.92323326e-04, 1.04826007e-07, 5.98837178e-05, 4.26268834e-18,
         5.50266444e-10],
        [2.35828856e-11, 5.00000000e-01, 2.55371810e-06, 1.85236115e-11,
         3.02566372e-09, 2.68808413e-14, 1.22207632e-06, 6.00833266e-24,
         3.82507506e-16],
        [9.82030269e-06, 5.00000000e-01, 1.00000000e+00, 6.89570312e-09,
         3.40830680e-04, 1.75739476e-08, 6.28083944e-05, 1.41861392e-18,
         3.40482872e-12],
        [8.45346623e-12, 5.00000000e-01, 2.59367835e-06, 7.44801443e-11,
         2.77588175e-09, 1.98597157e-14, 2.32253296e-06, 1.62527799e-24,
         1.08018902e-17],
        [7.80021991e-10, 5.00000000e-01, 1.00000000e+00, 2.34747888e-10,
         1.40017110e-05, 1.11325060e-10, 1.42842182e-05, 1.55526641e-22,
         9.78957694e-16],
        [1.56508162e-04, 5.00000000e-01, 1.00000000e+00, 3.30382655e-08,
         8.39101966e-04, 4.25056982e-07, 7.93635918e-05, 2.09259754e-17,
         4.88703078e-09],
        [5.69248190e-11, 5.00000000e-01, 4.15059560e-08, 8.05890944e-12,
         8.52460857e-09, 1.49677728e-13, 2.59063154e-06, 5.24670441e-23,
         2.89220776e-16],
        [3.90930189e-04, 5.00000000e-01, 1.00000000e+00, 2.67927085e-08,
         5.32366044e-04, 1.80609234e-07, 4.15962677e-05, 9.77780920e-18,
         4.19674206e-09],
        [2.42268677e-10, 5.00000000e-01, 1.12444162e-03, 9.76453814e-12,
         2.56371635e-09, 2.33725613e-14, 4.75227779e-07, 4.76234697e-24,
         2.69388585e-16],
        [2.75874863e-05, 5.00000000e-01, 1.00000000e+00, 9.66060298e-09,
         4.26813873e-04, 4.84101328e-08, 5.57831190e-05, 4.87377298e-18,
         5.35641476e-10],
        [8.07852136e-12, 5.00000000e-01, 1.44504156e-06, 2.62992475e-11,
         2.12761986e-09, 6.11247393e-15, 1.33838944e-06, 1.62585465e-24,
         5.08144784e-18]]], dtype=float32), array([[[7.31020510e-01, 2.29593010e-13, 7.31056333e-01, 5.56004397e-06,
         1.98209658e-04, 2.84225916e-06, 2.97936964e-07, 2.41801613e-11,
         1.14134476e-01],
        [4.10202091e-07, 1.09063745e-08, 4.72446620e-01, 1.08693445e-11,
         1.09565246e-09, 8.99061980e-14, 7.10284382e-08, 5.51537880e-16,
         3.40959795e-11],
        [4.66465699e-10, 9.45192099e-01, 1.99806664e-07, 5.22221101e-13,
         6.98436795e-12, 2.52532575e-18, 3.21419833e-08, 2.29563775e-18,
         1.38125795e-16],
        [7.31308460e-01, 6.64297480e-12, 9.82013345e-01, 7.10143555e-10,
         1.76816359e-02, 1.12485238e-11, 1.75604711e-07, 1.92475566e-14,
         1.83030280e-09],
        [4.74379249e-06, 1.12555574e-06, 2.10553122e-08, 2.16013735e-11,
         2.24510480e-10, 5.62771909e-14, 2.94868165e-08, 2.19918658e-16,
         8.41323813e-17],
        [4.30774540e-01, 8.32277362e-14, 9.97527242e-01, 5.36760458e-09,
         5.69755593e-06, 2.46661133e-12, 2.09462865e-08, 1.21488770e-13,
         4.92915007e-08],
        [1.27555189e-09, 5.37553387e-05, 5.61475799e-09, 5.17281704e-12,
         1.42948793e-12, 6.99579758e-16, 3.32177796e-09, 5.10737872e-18,
         3.81698755e-17],
        [1.47910405e-05, 9.44953978e-01, 3.05877824e-04, 3.70115722e-13,
         2.21766338e-11, 1.26193260e-17, 2.25926985e-10, 4.30668665e-19,
         8.12848881e-19],
        [1.24579784e-03, 4.08616364e-02, 5.10450802e-04, 1.55678682e-11,
         2.10147066e-10, 1.96486762e-15, 7.42227280e-10, 7.83031998e-18,
         2.05103207e-19],
        [7.31121659e-01, 1.01296020e-13, 9.99954581e-01, 1.98986005e-09,
         5.95203973e-03, 4.58427150e-11, 7.27836635e-08, 2.45310127e-14,
         9.89566207e-09],
        [1.18602100e-06, 8.61413199e-08, 2.71470189e-08, 4.09997253e-12,
         6.94843835e-11, 1.73515648e-14, 5.56968338e-09, 4.74831900e-16,
         1.53443870e-16],
        [6.24113142e-01, 1.42795281e-13, 9.99993861e-01, 1.15731491e-09,
         1.22685196e-05, 1.64517575e-12, 3.51751090e-08, 1.45063066e-13,
         1.90908498e-08],
        [1.18267796e-09, 3.79641529e-06, 2.02118045e-11, 2.21877074e-12,
         6.98311905e-13, 9.86222907e-16, 2.97581715e-09, 1.68981869e-16,
         5.75766030e-15],
        [7.30757773e-01, 1.37245331e-15, 9.99999166e-01, 3.20442717e-09,
         4.08800261e-05, 3.40979090e-12, 5.46671952e-09, 1.56472532e-13,
         9.91551133e-07],
        [2.51860939e-07, 1.93932692e-09, 7.77981950e-06, 5.45078392e-11,
         1.02797946e-12, 8.16054072e-15, 9.89811455e-10, 4.68518805e-16,
         1.02537889e-12],
        [7.03993291e-02, 1.87380439e-13, 1.00000000e+00, 4.70920525e-11,
         4.32874465e-08, 4.53556971e-14, 2.71552936e-09, 4.06310312e-15,
         2.11494398e-11],
        [2.75726925e-05, 3.20711591e-09, 1.17651224e-02, 5.08104496e-12,
         1.75584131e-11, 4.39369669e-15, 1.54821556e-09, 5.32751497e-17,
         6.79037610e-13],
        [1.43161196e-06, 5.98320365e-03, 1.62297965e-05, 8.42052394e-13,
         2.28719344e-12, 4.27061730e-15, 7.28426819e-10, 6.98695641e-17,
         1.46590455e-15],
        [7.25290358e-01, 2.59503736e-13, 1.00000000e+00, 4.28103039e-11,
         4.25281687e-05, 5.51587313e-13, 3.25406391e-09, 2.81754058e-14,
         3.32261718e-10],
        [1.10632526e-02, 4.96799813e-13, 9.99209046e-01, 3.10637488e-10,
         1.20301036e-09, 1.08656675e-13, 4.94870811e-09, 7.22474804e-15,
         1.22643048e-10],
        [6.60839141e-04, 6.73371135e-13, 9.99997497e-01, 1.16830330e-11,
         1.53724800e-09, 8.56420359e-15, 1.86443283e-09, 1.78009691e-15,
         2.97921444e-11],
        [3.82761913e-03, 6.15219403e-11, 9.99321222e-01, 2.46788245e-12,
         9.14654075e-10, 3.29896192e-14, 4.41123804e-09, 3.09646298e-15,
         4.06338851e-12],
        [5.29532731e-01, 1.12911084e-13, 1.00000000e+00, 9.92345858e-11,
         2.50293033e-06, 2.92734505e-13, 9.13438036e-09, 2.66385170e-14,
         4.72713424e-09],
        [1.65069114e-08, 9.86871171e-08, 1.03319308e-05, 1.72101374e-12,
         5.52146924e-13, 1.84497328e-15, 3.89088262e-10, 1.69022844e-16,
         2.16043580e-14],
        [5.93306899e-01, 2.80475946e-13, 1.00000000e+00, 1.56443719e-10,
         2.59595754e-06, 5.86669764e-13, 7.30943484e-09, 2.50280550e-14,
         4.62307415e-10],
        [1.95244487e-09, 2.85503864e-02, 5.17358933e-10, 2.74794754e-13,
         2.74194621e-13, 3.85296759e-17, 2.23711472e-09, 1.80684411e-18,
         2.07302628e-19],
        [7.33476818e-01, 3.44424077e-12, 1.00000000e+00, 7.02869707e-11,
         5.83561850e-05, 5.66836633e-10, 3.61544039e-08, 1.27565859e-13,
         3.32903705e-10],
        [2.71594822e-01, 9.69692805e-14, 9.99956965e-01, 1.29697321e-11,
         8.80517703e-09, 6.93653102e-14, 1.24460997e-09, 3.14910290e-15,
         1.76922984e-13],
        [7.87477195e-10, 1.37358487e-01, 5.51008661e-09, 9.37891800e-13,
         4.06404511e-13, 4.20056576e-17, 1.12994103e-09, 2.26345749e-17,
         2.57556668e-19],
        [7.31084883e-01, 4.00370980e-13, 1.00000000e+00, 1.66583025e-10,
         2.17318535e-04, 9.42155381e-11, 2.72022742e-08, 1.65406182e-13,
         4.51452542e-10],
        [1.05375122e-08, 6.59823418e-04, 7.82764520e-10, 6.88700941e-14,
         4.32970310e-13, 6.70461650e-17, 1.85853458e-10, 2.43870339e-18,
         2.88900034e-20],
        [7.17510998e-01, 2.76522190e-14, 1.00000000e+00, 9.35632127e-11,
         3.43818829e-05, 8.73779608e-12, 3.33081873e-09, 7.18380704e-13,
         4.05903144e-10]]], dtype=float32), array([[[7.31057405e-01, 5.00000000e-01, 4.99942124e-01, 3.28924527e-10,
         8.85328865e-14, 9.02248179e-14, 8.80427160e-06, 4.31084608e-08,
         2.35538130e-12],
        [9.90794575e-08, 5.00000000e-01, 6.07728543e-06, 9.59617295e-19,
         3.31511816e-21, 9.49663766e-21, 1.38906941e-07, 8.17351308e-12,
         1.64367832e-20],
        [2.75869155e-04, 5.00000000e-01, 3.11642140e-01, 2.47292841e-18,
         3.22800222e-20, 3.90610437e-21, 5.41586076e-07, 9.96803334e-12,
         1.48826776e-21],
        [8.91295844e-04, 5.00000000e-01, 2.80471265e-01, 3.19304972e-18,
         4.39307707e-20, 2.15749416e-20, 1.17496484e-06, 5.16112222e-11,
         2.33112615e-20],
        [1.13497712e-01, 4.99599218e-01, 4.99889612e-01, 5.01632516e-18,
         2.65883976e-20, 1.31853785e-20, 6.35180186e-07, 7.53631740e-11,
         1.86578975e-19],
        [1.80622577e-04, 4.99999881e-01, 7.99244642e-02, 2.16613024e-19,
         1.19826785e-21, 6.68464727e-22, 5.62291007e-07, 4.53716665e-12,
         1.04592949e-21],
        [1.32060804e-05, 5.00000000e-01, 1.91349126e-02, 7.28429620e-19,
         7.56303290e-22, 1.61794165e-21, 2.15648333e-06, 3.65754475e-11,
         1.04286626e-20],
        [2.65367836e-01, 4.99504656e-01, 4.99996424e-01, 6.36020166e-18,
         7.48425845e-20, 1.27159059e-20, 1.48274717e-06, 1.78580803e-10,
         1.20890249e-19],
        [1.50601918e-04, 4.99950349e-01, 3.67186904e-01, 2.23791181e-19,
         1.18648202e-22, 4.81381554e-22, 3.72108445e-07, 5.09947076e-12,
         2.68841535e-21],
        [4.13339003e-04, 5.00000000e-01, 1.17489442e-01, 7.05325793e-19,
         3.81038326e-21, 6.58392399e-22, 1.44366231e-06, 4.05240815e-12,
         5.22869731e-22],
        [9.79396582e-01, 9.36974585e-03, 5.00021040e-01, 5.51093664e-16,
         1.75784359e-18, 1.09163222e-18, 5.82266102e-06, 1.30518085e-09,
         2.45799433e-19],
        [9.99993801e-01, 2.02469176e-20, 5.00021100e-01, 5.25907136e-21,
         2.13612104e-19, 4.15043753e-20, 1.31039202e-09, 2.37981293e-12,
         5.85922478e-19],
        [1.21792872e-03, 1.67900701e-22, 5.00020444e-01, 6.08894659e-23,
         3.96421142e-29, 1.55446935e-22, 3.64991426e-10, 1.55211689e-14,
         1.38460289e-19],
        [3.84032406e-04, 6.14532591e-22, 5.00021100e-01, 1.62657830e-22,
         4.97508342e-28, 1.56155382e-22, 5.26243660e-10, 2.05809203e-14,
         4.31144237e-18],
        [3.49694379e-02, 9.95017838e-23, 5.00021100e-01, 5.60463017e-23,
         1.25019210e-27, 4.67741600e-23, 3.62568475e-10, 2.12149329e-14,
         1.95595396e-18],
        [5.93681904e-08, 3.31031943e-19, 4.96398032e-01, 5.28294942e-24,
         1.99695143e-31, 3.09344408e-25, 1.40559800e-10, 1.75015139e-16,
         4.42119611e-19],
        [1.09749734e-02, 1.72090890e-23, 5.00021100e-01, 1.19284604e-23,
         2.76753186e-27, 3.30508896e-23, 3.60679958e-10, 6.09547694e-15,
         7.18673128e-19],
        [3.74920317e-10, 7.74910622e-11, 2.30540209e-08, 7.63436486e-23,
         2.81044995e-34, 4.25422951e-28, 1.74514347e-09, 3.39487629e-15,
         2.14624078e-20],
        [9.79559541e-01, 2.73918174e-21, 5.00021100e-01, 2.15865544e-21,
         3.90982317e-25, 4.50796925e-22, 5.66399816e-10, 1.30629773e-13,
         2.35715828e-18],
        [1.38632661e-09, 2.07010976e-13, 5.19799755e-07, 1.25865635e-22,
         3.67108722e-34, 1.60315487e-27, 1.42534473e-09, 5.14582976e-15,
         6.66747963e-20],
        [9.48016805e-07, 1.40850109e-11, 1.57102004e-01, 2.17323354e-22,
         7.08156001e-32, 5.61866103e-27, 1.58495761e-09, 1.43197897e-15,
         5.50549121e-20],
        [4.79447481e-05, 1.12786570e-12, 4.48303968e-01, 8.75298452e-22,
         1.74533698e-31, 3.06205975e-26, 1.48656043e-09, 7.16335287e-16,
         1.02333389e-20],
        [4.43246648e-08, 2.41678123e-07, 2.69371449e-05, 1.25182901e-23,
         9.30483308e-34, 8.05090476e-28, 1.11019505e-09, 3.40989974e-16,
         5.65907255e-22],
        [1.87654177e-06, 9.59820795e-07, 1.69969633e-01, 2.10398859e-23,
         4.36523871e-31, 1.30083810e-26, 1.84927118e-09, 1.49288583e-15,
         4.31662789e-21],
        [2.12466421e-05, 2.61860809e-08, 4.15601075e-01, 1.98341745e-22,
         1.01992849e-29, 1.87465177e-25, 3.60370711e-09, 1.57473303e-15,
         3.69306578e-21],
        [9.99998629e-01, 3.60117528e-22, 5.00021100e-01, 1.07497767e-20,
         9.46259924e-23, 1.55272852e-20, 3.42820972e-09, 3.69275547e-13,
         4.67353613e-18],
        [1.34477932e-12, 2.77163903e-10, 3.45121909e-09, 1.48141129e-26,
         2.31984983e-36, 7.73886950e-30, 1.52875684e-10, 2.43493994e-16,
         2.58849686e-23],
        [9.76286173e-01, 3.92191612e-21, 5.00021100e-01, 9.96742880e-20,
         3.07724877e-25, 2.11868808e-20, 3.84122956e-09, 1.30871063e-12,
         6.98269560e-18],
        [7.08296639e-08, 9.43355162e-15, 3.28708161e-03, 1.16470125e-22,
         3.32627065e-33, 5.71438021e-25, 2.69855782e-09, 5.84110109e-15,
         7.04047734e-20],
        [2.48108040e-06, 5.35006720e-19, 4.99301225e-01, 5.82441578e-22,
         1.34546756e-27, 2.04293732e-22, 4.84855978e-09, 7.84605941e-14,
         4.02119574e-16],
        [7.28604198e-03, 1.19572716e-24, 5.00021100e-01, 3.16232217e-23,
         3.69586080e-26, 5.01295231e-22, 1.77481441e-09, 3.10803832e-14,
         1.45334426e-17],
        [5.44395215e-12, 9.16384968e-10, 4.54558666e-08, 1.23817182e-24,
         2.44828769e-36, 5.40835735e-29, 6.20053564e-10, 4.05887203e-16,
         1.31055207e-21]]], dtype=float32), array([[[7.31055498e-01, 2.05634019e-15, 5.27928889e-01, 5.29421559e-05,
         1.62396595e-04, 1.06215030e-02, 5.12751896e-10, 4.18139011e-01,
         7.30754495e-01],
        [6.75756673e-12, 1.33400841e-04, 6.11038686e-09, 8.22206073e-15,
         2.50626113e-21, 8.48063151e-16, 4.10102643e-13, 7.95913543e-11,
         6.05536454e-11],
        [1.63453109e-08, 8.93432203e-12, 5.21901011e-01, 7.46095460e-12,
         3.58162058e-17, 1.75328335e-10, 5.02296989e-12, 4.07935295e-05,
         1.89255184e-06],
        [1.56141305e-03, 9.69509465e-16, 5.20579755e-01, 1.17984849e-08,
         6.13981096e-17, 3.41067721e-06, 6.04826451e-14, 4.55478847e-01,
         4.43723111e-04],
        [3.05883873e-06, 1.50439923e-15, 5.03161490e-01, 1.21443250e-07,
         1.99412525e-18, 2.83762415e-06, 1.00555436e-12, 5.49374223e-01,
         9.26687062e-06],
        [1.10986593e-06, 3.98014562e-16, 5.00140190e-01, 7.32304534e-06,
         1.33482487e-18, 5.09876118e-05, 2.44987190e-13, 7.07182050e-01,
         3.81021673e-04],
        [6.43290605e-07, 8.81790951e-13, 5.00001729e-01, 2.93881341e-04,
         1.35023553e-17, 1.20635331e-02, 6.38584034e-14, 5.72707653e-01,
         5.99915832e-02],
        [4.01507236e-08, 3.30020698e-11, 5.00000000e-01, 1.27748232e-02,
         3.45909086e-18, 1.63497344e-01, 2.79711836e-15, 4.15413439e-01,
         4.14991200e-01],
        [7.67570563e-10, 9.99629021e-01, 4.99586582e-01, 3.29330042e-02,
         3.57388511e-23, 1.43156842e-06, 4.17826403e-15, 1.14490482e-04,
         2.01435806e-03],
        [1.98470704e-15, 9.98592377e-01, 1.46283895e-01, 2.19817415e-01,
         1.96098862e-23, 7.09649612e-07, 1.58161878e-15, 4.44342445e-11,
         3.24221852e-04],
        [2.95991451e-01, 4.14173345e-18, 4.99999583e-01, 7.31077075e-01,
         1.48489402e-13, 4.99996126e-01, 4.08906612e-14, 2.09976977e-04,
         8.52133989e-01],
        [1.38536189e-03, 3.24863053e-12, 2.75538390e-04, 1.56612080e-02,
         1.90465556e-22, 3.00124690e-08, 4.71443947e-17, 7.77526710e-10,
         9.36391771e-01],
        [9.09515858e-01, 5.13477896e-25, 5.00644624e-01, 1.21692857e-02,
         1.15525373e-15, 4.23386693e-04, 8.19281501e-17, 5.95481886e-09,
         9.75301683e-01],
        [2.34749598e-09, 7.16490686e-01, 5.89796822e-11, 3.95083299e-13,
         2.15220091e-27, 6.22649155e-17, 2.60953805e-16, 1.79635584e-16,
         2.45273608e-04],
        [9.45644743e-11, 9.80070829e-01, 2.56213767e-04, 6.82033943e-12,
         1.27746545e-25, 3.20363345e-16, 1.08074903e-15, 1.04828392e-18,
         1.34130796e-05],
        [9.89645323e-13, 8.11959326e-01, 5.91919225e-08, 4.61162566e-11,
         1.11145895e-22, 7.88362566e-14, 1.04955140e-12, 6.18347493e-20,
         1.07336518e-05],
        [6.23066399e-12, 7.42549956e-01, 2.04955111e-03, 7.73304587e-10,
         7.01079695e-22, 4.66554218e-14, 5.74503715e-13, 2.41380178e-22,
         3.63054664e-06],
        [7.95462193e-14, 7.31222987e-01, 4.77793856e-06, 3.25548234e-11,
         8.32632108e-22, 1.20199413e-14, 8.40524807e-13, 1.52231414e-21,
         1.02637750e-06],
        [1.96051491e-11, 7.31313169e-01, 3.56537610e-01, 6.87255947e-11,
         4.81051409e-21, 6.98730353e-14, 2.62029005e-13, 1.65866777e-22,
         2.26705811e-06],
        [1.54739849e-12, 7.31413484e-01, 3.48382273e-05, 4.46093718e-10,
         3.08679005e-21, 1.21789975e-13, 1.15441795e-13, 2.01154836e-22,
         1.57902279e-04],
        [9.97237802e-01, 3.02424564e-23, 9.92737591e-01, 3.46884735e-05,
         7.93149435e-11, 1.06811523e-04, 2.60678328e-15, 3.59473076e-11,
         9.99851108e-01],
        [6.26371988e-14, 9.47184622e-01, 1.26177003e-11, 7.33105576e-15,
         1.33420353e-26, 7.63388185e-20, 4.03646394e-15, 7.17322885e-20,
         6.98510121e-07],
        [6.95115920e-09, 5.27244151e-01, 9.86777961e-01, 2.23845942e-12,
         1.06728360e-20, 1.77109080e-17, 1.67842547e-13, 2.19951816e-20,
         3.19259527e-07],
        [8.62131033e-10, 9.37462568e-01, 2.48885272e-06, 5.82931980e-10,
         1.86889439e-20, 7.03915076e-14, 8.24132776e-12, 5.16674433e-19,
         8.48704949e-03],
        [9.99910593e-01, 6.28059337e-21, 9.98479724e-01, 1.39966164e-06,
         6.18466649e-12, 1.38799226e-06, 1.60002830e-14, 5.51366034e-14,
         9.99959230e-01],
        [9.98388052e-01, 2.14465759e-21, 9.99129355e-01, 8.12409723e-11,
         2.82964012e-20, 1.16201124e-12, 5.40824333e-18, 1.00770663e-16,
         1.68401152e-01],
        [2.57728257e-08, 4.27770743e-08, 8.86447560e-06, 2.76157396e-12,
         1.74235061e-23, 2.72070424e-16, 8.28228646e-15, 3.05324100e-19,
         2.04324577e-04],
        [3.29146042e-12, 9.99686003e-01, 2.06329714e-05, 2.14536278e-10,
         2.28701142e-23, 1.01309885e-16, 1.40512211e-12, 6.91950365e-22,
         3.09602598e-07],
        [2.03392059e-13, 9.99784827e-01, 9.98945092e-04, 1.40638179e-09,
         1.41126837e-22, 2.80627369e-14, 2.91001771e-12, 1.30515380e-24,
         6.64969519e-08],
        [1.24427798e-13, 9.99825180e-01, 8.19733716e-04, 9.36768219e-10,
         2.60723010e-23, 8.87013580e-15, 6.50185201e-13, 7.93230011e-25,
         1.87656664e-08],
        [3.66822595e-09, 9.96257186e-01, 9.99994993e-01, 3.51574698e-08,
         1.12240654e-19, 9.57089009e-12, 2.10525044e-12, 3.41074880e-21,
         3.37094069e-04],
        [7.48910808e-13, 9.99863267e-01, 2.76137497e-02, 1.61052888e-12,
         5.24955427e-25, 1.32290727e-18, 9.72630569e-15, 6.30067889e-25,
         3.71034368e-08]]], dtype=float32), array([[[7.31058061e-01, 6.88568235e-13, 7.31058300e-01, 7.98952037e-14,
         4.19591458e-07, 1.42558654e-13, 3.56512442e-09, 1.66407332e-10,
         6.25466754e-08],
        [1.00273918e-03, 1.46975707e-27, 8.80636215e-01, 4.88145551e-17,
         4.44875087e-14, 2.30993005e-16, 3.56060448e-09, 2.04713655e-12,
         1.11528764e-11],
        [1.04266792e-06, 1.32987882e-28, 9.52549338e-01, 3.69921390e-21,
         1.49597202e-17, 1.31812988e-21, 4.47405535e-09, 2.45559870e-15,
         3.97334482e-14],
        [4.53545744e-17, 5.35934124e-18, 1.47471699e-04, 1.72220649e-25,
         3.07540958e-23, 1.35655973e-25, 3.84055288e-11, 1.59453808e-18,
         1.88235376e-22],
        [1.16525996e-06, 1.92867409e-29, 9.93304253e-01, 5.41646428e-21,
         4.29044041e-15, 2.32887742e-20, 5.11286586e-08, 8.58055055e-13,
         4.99990891e-12],
        [4.45779275e-10, 2.71856808e-29, 9.97521996e-01, 1.34309910e-24,
         8.37005386e-20, 4.90244828e-24, 2.96132459e-11, 1.37961179e-16,
         7.12602003e-17],
        [3.41830599e-08, 4.08779413e-29, 9.99088526e-01, 1.46396819e-22,
         4.46552011e-16, 1.18610702e-21, 6.64389344e-09, 1.21706017e-13,
         6.86905502e-14],
        [1.64379899e-16, 4.62221964e-24, 5.86312846e-04, 2.45619879e-25,
         1.91110488e-21, 7.93956145e-26, 1.06549225e-09, 4.68720452e-16,
         7.48156559e-20],
        [4.90091345e-08, 6.76242152e-29, 9.99876499e-01, 8.06428964e-23,
         3.29388614e-16, 8.11032920e-22, 1.27112709e-09, 1.71617251e-13,
         1.63264118e-12],
        [8.24960195e-17, 2.49736587e-20, 1.52431952e-04, 3.05415993e-27,
         1.22156468e-23, 6.93359239e-28, 4.65896904e-11, 2.37233073e-19,
         1.19750269e-23],
        [1.66570635e-06, 1.53041480e-29, 9.99983251e-01, 1.29295317e-20,
         2.32235953e-14, 5.66631450e-20, 2.36846169e-08, 7.97476831e-13,
         2.80297985e-12],
        [1.87796655e-18, 3.72025208e-17, 2.30135029e-05, 2.80120540e-28,
         1.65834241e-25, 4.58196579e-29, 4.70410516e-12, 2.42741926e-21,
         5.76114142e-25],
        [9.49196217e-15, 4.27433755e-10, 9.93239045e-01, 4.80882792e-23,
         7.57514634e-18, 6.16947969e-27, 8.39253911e-09, 1.44114517e-17,
         1.74991248e-23],
        [1.10653193e-04, 1.31429947e-27, 9.99999106e-01, 3.24617532e-20,
         5.28939549e-14, 4.60898131e-21, 1.36038203e-09, 2.52166316e-13,
         2.13994912e-14],
        [9.28271071e-11, 8.81871345e-29, 9.99974608e-01, 4.21850374e-23,
         2.70216621e-18, 4.12942746e-23, 3.85524279e-09, 2.64029995e-15,
         6.22956151e-16],
        [9.79347590e-08, 9.58468467e-29, 1.00000000e+00, 1.01604762e-24,
         1.51558377e-15, 1.17016945e-23, 3.72217729e-10, 2.58085095e-14,
         8.41025112e-15],
        [3.57450318e-08, 3.91762701e-30, 9.99999046e-01, 4.14241314e-24,
         5.79144819e-19, 3.76139056e-24, 1.32219416e-10, 4.04319637e-16,
         8.07258504e-16],
        [7.42507361e-17, 1.49370724e-21, 5.21458751e-05, 6.93792566e-26,
         1.02921172e-20, 7.60992545e-27, 9.46358991e-10, 2.47293205e-17,
         1.97219291e-22],
        [3.64721586e-08, 1.53790477e-28, 1.00000000e+00, 5.02187237e-22,
         2.25465792e-15, 6.11345926e-21, 2.63357478e-08, 7.11238414e-13,
         1.41136376e-12],
        [9.19193166e-16, 7.11873571e-23, 2.56657600e-04, 2.25651961e-25,
         3.85172654e-21, 3.68998810e-25, 2.35855002e-09, 7.06769268e-16,
         5.21486614e-20],
        [1.58764034e-13, 4.33551370e-20, 1.00000000e+00, 2.23392432e-24,
         5.32041381e-19, 2.22714687e-25, 1.62098709e-10, 2.88745961e-16,
         4.18336287e-20],
        [3.95405948e-07, 1.10999061e-29, 1.00000000e+00, 2.65116882e-24,
         4.42333893e-16, 7.52659195e-23, 3.72861769e-10, 5.71155739e-14,
         2.28947691e-15],
        [7.76944828e-12, 2.24074969e-26, 9.99970376e-01, 3.27050137e-27,
         3.41009812e-21, 8.10588554e-27, 1.58413699e-11, 2.11184885e-17,
         3.56126457e-21],
        [2.11958581e-15, 3.30596661e-10, 6.80886269e-01, 1.69961167e-24,
         1.62522855e-21, 3.25190430e-28, 3.74983489e-10, 2.22083436e-18,
         5.07121363e-24],
        [1.06405965e-12, 3.81666826e-16, 1.00000000e+00, 5.38561828e-22,
         1.28699765e-19, 9.29093652e-25, 1.83215687e-09, 4.27212747e-17,
         9.29401719e-21],
        [3.34887486e-14, 1.68357567e-11, 9.99901652e-01, 8.46215747e-24,
         3.76152939e-19, 7.85711913e-28, 3.85645960e-09, 1.70282470e-18,
         1.69577642e-23],
        [7.56940246e-03, 4.33894287e-33, 1.00000000e+00, 1.02249843e-18,
         6.40418870e-13, 1.11269575e-18, 6.47213394e-09, 2.12194949e-11,
         1.05331108e-12],
        [4.10991025e-14, 7.77793310e-26, 4.02055681e-02, 5.21076894e-25,
         2.37832795e-20, 3.99077213e-25, 9.71275949e-10, 2.43602467e-16,
         5.49700033e-19],
        [8.79059263e-17, 1.21709925e-11, 9.53099012e-01, 9.57119809e-24,
         9.67416161e-20, 5.56168162e-27, 2.85889867e-09, 3.94239905e-17,
         5.14708895e-23],
        [3.48931647e-12, 6.80485160e-17, 1.00000000e+00, 6.50644700e-22,
         2.53226174e-17, 2.97091150e-24, 2.98794323e-09, 2.14133767e-16,
         6.17671661e-20],
        [9.22995639e-07, 5.04127626e-25, 1.00000000e+00, 1.47666037e-21,
         1.17178858e-12, 3.39576705e-21, 2.07468553e-09, 3.35801157e-13,
         4.99173615e-16],
        [1.10669163e-16, 4.67749364e-12, 7.57431448e-01, 2.85573539e-25,
         1.22689858e-22, 1.79862232e-27, 9.32599900e-11, 1.83697623e-18,
         1.86934239e-24]]], dtype=float32), array([[[7.29846776e-01, 1.11175499e-10, 6.42243922e-02, 2.85770739e-07,
         2.55577302e-08, 2.96644721e-05, 2.16840365e-11, 1.19969249e-04,
         2.02223542e-03],
        [4.52832882e-10, 5.51376899e-04, 3.71985323e-08, 2.16075991e-13,
         4.18045791e-18, 1.02159898e-14, 1.02956983e-11, 6.76734195e-14,
         2.39409686e-12],
        [3.93812627e-07, 6.29937075e-12, 8.80841970e-01, 7.15190740e-10,
         6.39516551e-10, 5.74693288e-13, 3.73089044e-08, 1.13472471e-13,
         5.99209181e-12],
        [1.31551226e-20, 9.82005119e-01, 9.52593446e-01, 9.58627912e-14,
         1.27172299e-15, 1.13124964e-17, 2.48998089e-09, 2.67898933e-19,
         2.58838850e-19],
        [3.23918913e-11, 1.22495762e-14, 9.82021332e-01, 4.54808101e-11,
         1.72975859e-07, 2.17826104e-11, 2.53351527e-06, 1.86456240e-15,
         6.70669187e-10],
        [2.37648163e-18, 1.43779486e-01, 9.93309975e-01, 3.78641642e-15,
         8.79540581e-13, 8.71662124e-16, 4.63257654e-09, 3.32512875e-18,
         2.16784372e-16],
        [4.49340920e-16, 2.97544170e-02, 9.97528374e-01, 1.72049237e-13,
         7.50985607e-10, 8.64356872e-14, 2.33263620e-07, 9.53288466e-16,
         2.53236339e-14],
        [4.93796540e-23, 9.99664545e-01, 9.99089360e-01, 4.67035874e-14,
         8.65937270e-12, 2.77293679e-16, 8.72820124e-07, 3.65060447e-17,
         4.19351743e-18],
        [3.23381414e-06, 1.03332988e-14, 9.99664783e-01, 5.71771692e-11,
         8.37937762e-07, 3.28551179e-11, 3.06662400e-06, 8.15913539e-16,
         1.30258471e-10],
        [1.77688176e-16, 2.34697808e-08, 9.99876618e-01, 3.61855728e-14,
         4.62492072e-10, 1.13390412e-14, 1.13025358e-07, 1.70403425e-17,
         1.93854291e-13],
        [1.68869356e-12, 6.41088349e-10, 9.99954581e-01, 7.07116711e-13,
         1.10217520e-07, 1.33988220e-12, 4.35506900e-06, 4.11718893e-16,
         1.27025786e-11],
        [7.32888614e-20, 9.99978065e-01, 9.99983311e-01, 1.04805525e-15,
         1.39296866e-10, 4.13986559e-17, 1.87650627e-07, 4.87069918e-18,
         1.00659476e-17],
        [1.55538364e-19, 9.99997616e-01, 9.99993920e-01, 2.22180713e-13,
         5.92957350e-10, 1.41035856e-15, 6.09384688e-06, 2.99959804e-16,
         2.30982761e-16],
        [5.65548864e-16, 8.96518826e-01, 9.99997854e-01, 4.35638227e-11,
         2.67040452e-08, 1.98825873e-13, 7.21581500e-06, 5.09268501e-17,
         5.56607982e-14],
        [1.07821382e-22, 9.99999762e-01, 9.99999225e-01, 1.81159978e-13,
         1.90395113e-11, 3.36324993e-16, 3.68598035e-06, 2.43769663e-17,
         4.90563069e-17],
        [1.29313454e-14, 9.06071961e-01, 9.99999762e-01, 2.53065791e-10,
         8.84718219e-08, 1.24174369e-12, 1.63029945e-05, 3.73676446e-16,
         2.86134343e-13],
        [3.04468200e-21, 1.00000000e+00, 1.00000000e+00, 8.32541027e-14,
         1.86498622e-10, 6.51682400e-17, 2.44842213e-05, 3.74882720e-17,
         3.43823280e-17],
        [1.77749926e-21, 1.00000000e+00, 1.00000000e+00, 1.98343880e-12,
         1.47454354e-10, 5.84985306e-16, 3.42361363e-06, 9.86957496e-17,
         4.43835107e-17],
        [1.11887132e-14, 9.47272956e-01, 1.00000000e+00, 5.24040568e-11,
         5.74186476e-09, 4.01516555e-14, 1.38085136e-06, 6.94045827e-17,
         9.20427403e-14],
        [3.04731023e-12, 2.00213582e-10, 1.00000000e+00, 5.29353054e-11,
         1.31376188e-09, 4.43652797e-12, 1.30335053e-07, 1.03789951e-16,
         2.71598109e-11],
        [2.17365327e-11, 3.72413341e-12, 1.00000000e+00, 1.86544855e-12,
         2.00315824e-07, 6.89745136e-13, 1.55701639e-06, 2.36930574e-15,
         3.27513794e-10],
        [3.72451471e-17, 1.23318666e-09, 1.00000000e+00, 2.55655225e-13,
         9.91755775e-11, 7.91426996e-14, 6.30862814e-06, 2.85732569e-17,
         4.88399876e-11],
        [6.27476821e-11, 4.98062553e-17, 1.00000000e+00, 5.25959137e-12,
         9.82373916e-09, 4.04888449e-12, 4.33351806e-06, 1.32629986e-15,
         1.93212074e-07],
        [4.40802125e-21, 9.99997437e-01, 1.00000000e+00, 3.36748880e-16,
         3.71051523e-11, 1.94592717e-17, 5.19932030e-07, 9.29426588e-18,
         3.01686997e-18],
        [3.19811504e-11, 3.47097432e-13, 1.00000000e+00, 2.47331387e-12,
         1.22523898e-06, 7.16084147e-13, 4.14560191e-06, 2.39299381e-16,
         4.70077222e-09],
        [1.39032317e-23, 1.00000000e+00, 1.00000000e+00, 6.20495612e-14,
         9.86210462e-13, 2.69062821e-16, 1.12770613e-06, 1.98440345e-19,
         1.02875502e-18],
        [1.04708603e-11, 1.05438813e-09, 1.00000000e+00, 9.90787383e-11,
         2.80573040e-08, 2.02723493e-12, 5.30180660e-06, 1.26030734e-16,
         1.71781145e-09],
        [1.57198179e-19, 1.00000000e+00, 1.00000000e+00, 1.15224846e-13,
         1.62243982e-10, 9.39114322e-16, 1.14693348e-05, 5.03388827e-18,
         4.50056663e-16],
        [6.04608768e-12, 1.86614946e-10, 1.00000000e+00, 9.61191543e-12,
         3.30085726e-07, 2.88864418e-12, 6.50694392e-06, 6.85340115e-17,
         1.85499316e-09],
        [3.07275358e-22, 1.00000000e+00, 1.00000000e+00, 4.09661806e-13,
         5.09017065e-11, 1.44238872e-16, 1.15385308e-06, 4.86891382e-19,
         5.29095274e-19],
        [8.28501355e-23, 1.00000000e+00, 1.00000000e+00, 8.28328118e-12,
         3.43467060e-10, 1.07299328e-15, 1.26086470e-05, 5.51889452e-16,
         5.64650427e-16],
        [1.11800010e-23, 1.00000000e+00, 1.00000000e+00, 1.20861038e-11,
         2.13401172e-10, 1.10976774e-16, 6.60484193e-06, 8.80897143e-18,
         5.92719709e-17]]], dtype=float32), array([[[5.24664586e-07, 7.31045008e-01, 7.31058478e-01, 9.70796685e-13,
         1.96592336e-13, 2.84074164e-09, 1.38422745e-10, 1.17462966e-11,
         3.03878323e-09],
        [1.27000632e-07, 8.80608320e-01, 6.15771853e-07, 1.01546167e-11,
         9.52061130e-13, 2.34941677e-10, 3.85259483e-07, 3.38641051e-12,
         2.15920901e-12],
        [3.92836839e-04, 9.52289104e-01, 1.75888956e-01, 1.13212512e-11,
         6.62087260e-11, 2.42931941e-09, 6.90482068e-07, 7.08372294e-09,
         1.01020808e-12],
        [2.34909909e-04, 9.81893361e-01, 9.78245437e-01, 2.76018444e-12,
         1.99617232e-12, 1.51881774e-09, 1.73443138e-09, 1.06204379e-10,
         1.57670567e-12],
        [1.41132839e-09, 9.93246913e-01, 1.80673599e-01, 1.82220493e-12,
         6.06990163e-16, 5.81276381e-11, 2.84395600e-08, 7.86864532e-11,
         2.30704754e-14],
        [3.45714949e-03, 9.97501493e-01, 9.95204508e-01, 8.79214979e-10,
         1.90335161e-12, 2.83734664e-07, 2.93651770e-08, 5.38103428e-08,
         8.96519924e-12],
        [8.84960833e-13, 9.99069691e-01, 3.88020813e-01, 1.31248948e-13,
         4.69045363e-18, 9.96964924e-12, 2.31431407e-09, 2.29898704e-11,
         5.70767773e-15],
        [8.40746313e-02, 9.99657393e-01, 9.99664545e-01, 2.38451126e-09,
         3.91509186e-10, 2.02490288e-10, 1.68558003e-08, 1.20955503e-08,
         8.92769365e-13],
        [4.78047669e-13, 9.99870896e-01, 7.95653556e-04, 9.84410145e-13,
         1.98568855e-19, 1.67367829e-13, 2.01070804e-09, 3.07521993e-13,
         5.71132082e-16],
        [6.02445126e-01, 9.99952495e-01, 9.99954581e-01, 1.96114547e-09,
         3.84760036e-11, 4.61424954e-10, 6.28065351e-08, 1.74820940e-08,
         1.45192116e-12],
        [7.93045490e-11, 9.99982476e-01, 9.54235613e-01, 4.90517045e-12,
         3.53691445e-17, 4.83798418e-12, 1.68682845e-08, 1.54915109e-10,
         9.26078459e-17],
        [7.31058598e-01, 4.04211864e-09, 9.99993861e-01, 6.82645521e-07,
         2.33954215e-05, 8.14975947e-02, 1.54337121e-09, 1.11461327e-06,
         1.14183513e-05],
        [5.48313607e-15, 9.99997616e-01, 2.60232298e-07, 3.99850784e-08,
         1.63262850e-24, 2.74453260e-09, 8.58881265e-07, 2.43225040e-09,
         2.27800396e-17],
        [2.82798521e-03, 9.99999106e-01, 9.99999225e-01, 3.71480047e-09,
         5.36578982e-15, 9.93935143e-11, 2.59411710e-08, 2.05078337e-08,
         1.66580782e-15],
        [2.53425631e-11, 9.99999762e-01, 1.15838624e-03, 3.24527044e-10,
         2.36481683e-19, 2.32887154e-10, 2.95183577e-06, 1.76192327e-09,
         5.82323028e-16],
        [7.31058598e-01, 9.05100495e-10, 1.00000000e+00, 3.34003943e-07,
         1.77263981e-04, 3.74849141e-03, 2.50837151e-09, 9.61391947e-07,
         1.56626390e-06],
        [1.16429381e-13, 1.00000000e+00, 5.87548413e-07, 1.25574698e-11,
         2.94307388e-25, 1.36212300e-11, 1.11483665e-07, 4.06269332e-12,
         4.95391683e-21],
        [7.31058538e-01, 3.56083474e-05, 1.00000000e+00, 3.09360667e-06,
         2.83765456e-08, 2.05308199e-04, 3.83801932e-07, 1.07420171e-07,
         1.09708992e-07],
        [5.25841950e-14, 1.00000000e+00, 4.71486146e-07, 2.40703762e-10,
         3.14472048e-23, 5.75151177e-11, 3.02621083e-06, 2.00429201e-10,
         6.62309289e-18],
        [7.31058598e-01, 7.67186137e-08, 1.00000000e+00, 4.66265078e-07,
         1.82719339e-06, 3.27251405e-02, 8.30006197e-09, 7.46920821e-04,
         3.39795690e-07],
        [7.31058598e-01, 2.50947529e-09, 1.00000000e+00, 1.73061956e-08,
         1.95440539e-11, 3.82658982e-07, 3.69074478e-08, 6.68922487e-11,
         1.31218083e-11],
        [7.30985522e-01, 3.21302056e-01, 1.00000000e+00, 2.15116369e-10,
         1.48658687e-18, 1.72508174e-09, 4.84350615e-10, 1.43768656e-12,
         4.28156290e-13],
        [7.31058419e-01, 9.33378317e-08, 1.00000000e+00, 2.31299921e-08,
         4.75519850e-15, 3.11944490e-07, 8.70380887e-08, 6.21457538e-11,
         1.69986164e-10],
        [1.82636740e-12, 1.00000000e+00, 1.28986539e-05, 9.49289865e-12,
         2.95845283e-24, 5.43603248e-14, 2.36057645e-06, 5.00612464e-13,
         3.60555524e-20],
        [9.48337942e-09, 1.00000000e+00, 9.98255551e-01, 3.78554632e-10,
         6.65802173e-19, 3.46689561e-12, 3.38027621e-06, 3.12977400e-12,
         9.78863203e-18],
        [3.81761879e-11, 1.00000000e+00, 9.45613325e-01, 2.48701537e-12,
         1.75458159e-20, 2.15719217e-14, 1.08722588e-07, 6.39871524e-14,
         9.10186016e-19],
        [7.31058598e-01, 9.21119458e-10, 1.00000000e+00, 1.78081017e-08,
         3.58402552e-09, 1.67471171e-05, 1.35702782e-09, 1.21253874e-09,
         1.82795663e-08],
        [2.12198143e-15, 1.00000000e+00, 8.10439449e-09, 7.58944574e-11,
         1.72900992e-25, 4.23881633e-13, 3.63887702e-05, 5.03760878e-13,
         4.81799781e-20],
        [7.31058598e-01, 9.39874734e-10, 1.00000000e+00, 1.50933026e-08,
         2.83005397e-09, 6.63846731e-05, 2.15790319e-08, 1.18412515e-07,
         4.19916319e-07],
        [2.39557912e-13, 1.00000000e+00, 1.55538321e-04, 1.92058798e-13,
         1.52784953e-25, 3.83302466e-13, 4.60215460e-07, 4.49267766e-13,
         5.31035615e-22],
        [7.31058478e-01, 1.81201969e-08, 1.00000000e+00, 7.52223031e-08,
         4.73976674e-12, 1.64272096e-05, 3.19514839e-07, 5.48794787e-09,
         2.38020199e-08],
        [5.63658766e-13, 1.00000000e+00, 7.09922119e-07, 2.02675420e-12,
         1.15024203e-23, 1.07689761e-14, 7.64023571e-06, 1.74081301e-12,
         5.38590423e-21]]], dtype=float32), array([[[7.30715990e-01, 5.44340611e-01, 3.46766561e-01, 2.43343657e-05,
         3.26484471e-04, 4.57841134e-06, 7.44753663e-07, 7.32644498e-02,
         3.26772315e-05],
        [5.14780521e-01, 5.61586603e-06, 4.99428034e-01, 7.39300887e-08,
         1.91810218e-12, 1.80417289e-14, 1.76968984e-09, 2.52522536e-09,
         4.65698926e-15],
        [1.18586128e-08, 2.88748182e-04, 7.69853273e-07, 9.94759795e-18,
         8.00696939e-21, 1.23191662e-22, 5.61903605e-13, 1.48636521e-16,
         2.03068673e-24],
        [8.12680132e-12, 3.02467488e-05, 6.53666621e-10, 2.19295811e-16,
         1.47428258e-23, 2.36455717e-22, 4.53495965e-12, 8.08940089e-17,
         4.46156050e-22],
        [2.88477739e-08, 2.53218582e-06, 2.90455773e-07, 6.37875567e-15,
         4.95623207e-22, 6.02405085e-22, 3.08034631e-12, 1.58698412e-13,
         8.77587234e-22],
        [4.25656965e-20, 9.97522950e-01, 1.65584756e-15, 1.88368299e-18,
         2.42352932e-23, 3.78256162e-29, 4.14919835e-11, 8.86719761e-14,
         1.91439384e-25],
        [4.78122217e-08, 9.98745620e-01, 9.10173155e-14, 1.33833526e-12,
         1.07139664e-19, 2.22692207e-21, 1.76624693e-09, 2.04910863e-13,
         2.06801130e-18],
        [7.10906392e-08, 9.99664009e-01, 5.91266428e-07, 3.89660651e-15,
         8.35968331e-18, 3.12066576e-27, 7.71815511e-12, 1.53516224e-13,
         2.96904303e-21],
        [8.26592646e-13, 9.99876261e-01, 8.54338683e-11, 1.49359735e-17,
         1.42677952e-22, 7.73901282e-31, 3.38156326e-12, 1.30619019e-16,
         1.28660206e-24],
        [1.77186488e-10, 9.99954343e-01, 1.74669263e-12, 7.32442889e-17,
         4.05797471e-22, 2.37826130e-30, 3.01124820e-11, 1.50736734e-15,
         3.90243873e-23],
        [1.78135826e-19, 9.99983191e-01, 1.05621155e-14, 3.35324379e-18,
         1.64260414e-24, 3.62817107e-31, 7.45074662e-12, 4.40137462e-15,
         3.04629954e-25],
        [1.28027728e-15, 9.99993801e-01, 3.38152466e-12, 1.99947845e-16,
         5.14719316e-21, 4.87435487e-28, 1.76407014e-11, 4.22125984e-13,
         5.51449124e-21],
        [5.04931331e-01, 3.33133585e-06, 1.08510256e-04, 5.02272980e-11,
         9.54676435e-16, 7.39127075e-23, 1.81339138e-10, 3.58850336e-15,
         3.67630341e-15],
        [7.49103352e-02, 6.94930030e-04, 3.17841768e-03, 6.56436571e-17,
         5.68269698e-22, 3.50326888e-27, 9.66316870e-13, 2.85282641e-18,
         7.07830426e-22],
        [5.10673285e-01, 1.06852860e-10, 4.80113119e-01, 5.49551385e-14,
         2.15842331e-23, 7.67858036e-24, 1.83566039e-13, 7.27471600e-17,
         1.66213911e-16],
        [4.86533296e-12, 9.99930620e-01, 1.04204645e-10, 1.70895563e-20,
         1.71615938e-25, 8.81815014e-33, 7.45899002e-13, 2.50152156e-17,
         2.12466905e-23],
        [4.20920850e-12, 1.00000000e+00, 5.66117086e-13, 7.28012080e-18,
         4.17307570e-21, 4.23111386e-30, 9.40149070e-11, 3.96921942e-16,
         9.92327460e-24],
        [8.17946613e-11, 1.00000000e+00, 9.87243327e-14, 1.08158147e-16,
         1.62760498e-21, 3.25896725e-30, 9.35753419e-11, 1.90974166e-14,
         3.55378506e-22],
        [1.14048535e-19, 1.00000000e+00, 5.32653195e-17, 4.12165384e-19,
         1.70923360e-24, 1.93945847e-31, 1.62012695e-11, 2.16437204e-15,
         7.25213399e-24],
        [2.15461007e-14, 1.00000000e+00, 7.66938759e-13, 2.33600067e-16,
         6.71454209e-21, 3.53244104e-28, 7.79751402e-11, 3.89539665e-13,
         8.88320892e-21],
        [3.00163769e-08, 8.82443190e-01, 4.69256994e-16, 2.06091372e-12,
         5.15312777e-20, 2.84157123e-20, 9.60283142e-09, 3.69866708e-13,
         2.53419281e-21],
        [1.21555585e-10, 9.70887065e-01, 2.39972311e-15, 3.14857372e-15,
         1.74427834e-20, 2.39110556e-23, 1.39324516e-08, 9.60032184e-13,
         2.04451504e-22],
        [2.53298630e-13, 1.00000000e+00, 1.03115080e-13, 6.30655999e-16,
         1.06188685e-23, 3.15799006e-29, 1.05824540e-12, 5.74843504e-13,
         2.24793844e-21],
        [6.82234759e-06, 9.92773056e-01, 2.04226674e-15, 1.46330322e-13,
         1.43666608e-16, 1.80191829e-20, 4.89367791e-09, 1.99331552e-14,
         2.40824530e-23],
        [7.15218960e-07, 1.00000000e+00, 8.80915688e-14, 1.89542202e-13,
         6.06924336e-18, 2.27427243e-25, 5.17338572e-09, 4.78550169e-14,
         7.10590656e-22],
        [2.13515284e-17, 1.00000000e+00, 3.56193071e-18, 4.78664671e-17,
         4.31051072e-24, 8.45366166e-31, 1.63773092e-11, 3.78554779e-15,
         3.26073506e-24],
        [6.16081893e-14, 1.00000000e+00, 9.88019887e-13, 1.45181818e-15,
         4.20236186e-19, 3.11626424e-27, 7.96259794e-11, 1.13278332e-12,
         3.04696082e-20],
        [8.05205613e-15, 1.00000000e+00, 2.26356892e-15, 2.34986196e-17,
         4.32971633e-20, 6.53742908e-28, 6.73224601e-11, 8.35448044e-14,
         1.95636747e-22],
        [2.79090795e-09, 1.00000000e+00, 2.09671603e-11, 1.18848573e-14,
         7.05473703e-19, 9.87377482e-28, 1.18911950e-10, 5.13982574e-14,
         3.09813293e-20],
        [1.32609534e-10, 1.00000000e+00, 3.79338454e-14, 5.67574146e-17,
         8.09655964e-19, 1.56873157e-28, 2.04870926e-10, 7.75284513e-15,
         8.24704851e-23],
        [7.30481088e-01, 6.21108460e-12, 4.99999642e-01, 2.24884538e-08,
         2.11042562e-14, 7.81498538e-17, 1.82337912e-11, 2.77185176e-13,
         3.82244236e-10],
        [2.50984101e-07, 5.60069621e-01, 4.99181603e-08, 6.21584805e-16,
         3.94629485e-20, 2.50277461e-28, 2.72614310e-12, 5.26343163e-17,
         1.19434945e-21]]], dtype=float32)]