tf.Tensor(
[[[7.30927706e-01 1.17275974e-07 6.14050180e-02 1.03744587e-05
   1.88448429e-02 2.61266708e-01 6.69168969e-07 5.00171900e-01
   9.13534015e-02]
  [1.22830969e-07 8.80521178e-01 2.00134050e-12 1.00296453e-12
   1.51691471e-14 5.23413676e-14 9.37316023e-12 1.11305235e-05
   2.81459772e-10]
  [7.31109977e-01 1.04628241e-15 5.00000000e-01 8.58028084e-02
   9.02928043e-09 3.12950590e-08 3.04862446e-09 2.96434148e-08
   1.90632917e-07]
  [1.00722441e-16 9.81315553e-01 2.83066076e-16 2.97486872e-17
   1.89367835e-25 5.07903160e-30 8.67159990e-12 3.55807783e-16
   7.40609275e-22]
  [7.28724778e-01 9.15186221e-13 4.99931306e-01 2.99031850e-13
   3.81780979e-20 1.65749748e-22 5.96422759e-13 1.18060121e-14
   6.93389747e-16]
  [3.02089677e-22 9.97519255e-01 6.35806877e-18 3.51400057e-21
   2.30037510e-25 4.04337340e-35 2.37792945e-12 5.68814049e-15
   9.61657959e-27]
  [4.19614494e-01 6.29687607e-02 2.78449043e-05 1.67697051e-10
   1.39619151e-14 2.35931556e-20 9.54184509e-10 8.24468803e-13
   7.52374135e-15]
  [9.15684544e-16 9.99662876e-01 5.39268122e-21 1.33909980e-16
   1.56432948e-23 9.14077106e-29 4.80667950e-10 4.96364711e-12
   1.20131596e-23]
  [7.30791748e-01 5.15909133e-15 5.00000000e-01 1.04340352e-05
   1.19946201e-14 1.25853341e-14 3.30548922e-10 1.13397208e-11
   1.91113392e-11]
  [2.41801165e-22 9.99954283e-01 6.06181605e-20 6.97895029e-21
   8.34429271e-26 1.10790545e-33 4.91244719e-12 9.94631572e-15
   3.45232495e-27]
  [7.30775893e-01 2.15987218e-14 5.00000000e-01 1.20268169e-07
   1.42002096e-17 3.91924871e-16 1.05750066e-12 9.61613168e-13
   1.58414404e-09]
  [1.54414781e-16 9.99993920e-01 3.14711682e-15 4.79743333e-20
   1.11805949e-26 6.58582794e-31 8.70416152e-12 3.61639319e-15
   9.36811374e-25]
  [6.28701150e-01 9.21263177e-10 4.99963462e-01 2.15681246e-13
   1.17985601e-20 2.96587403e-23 1.36932479e-12 3.78343757e-16
   8.37434105e-16]
  [4.59077047e-12 9.91143644e-01 9.53475840e-12 4.07627084e-19
   8.00338138e-27 1.40641648e-28 1.84715490e-14 4.43074622e-18
   7.52086968e-27]
  [5.23788929e-01 1.89749905e-08 4.98118073e-01 3.20059361e-14
   3.47428418e-21 1.25276784e-23 1.20845033e-12 1.28509417e-16
   2.57815632e-15]
  [7.46756685e-19 1.00000000e+00 4.17048666e-18 6.41596503e-20
   5.45464729e-27 2.78762730e-30 1.33726266e-12 7.21400332e-16
   9.52139705e-27]
  [7.30913758e-01 4.73701852e-16 5.00000000e-01 3.10380592e-08
   1.50027898e-17 4.64510645e-16 7.18216610e-13 1.05474867e-13
   1.01926301e-10]
  [3.26042271e-23 1.00000000e+00 2.64133460e-17 1.83489854e-22
   1.30070606e-26 1.68654497e-35 3.17104871e-12 6.72902826e-17
   1.42465347e-28]
  [1.18902974e-01 8.77910316e-01 4.95097637e-01 6.99330772e-15
   3.95322684e-18 2.45507269e-25 1.31076372e-10 9.52100269e-15
   2.92447734e-16]
  [1.64267142e-11 9.99999762e-01 7.46545187e-13 3.08950139e-17
   3.92786148e-21 4.47558554e-29 3.98913597e-10 1.66662965e-14
   7.94752371e-23]
  [1.84548346e-17 1.00000000e+00 2.04693855e-15 2.05632902e-18
   3.02076002e-24 1.11195430e-31 5.89956209e-11 1.43505365e-13
   6.06173982e-25]
  [1.59627866e-08 1.00000000e+00 3.25549809e-09 2.26697145e-15
   1.28877686e-19 3.61112394e-28 2.10932424e-10 1.47507722e-12
   2.87682625e-20]
  [7.28662610e-01 1.33658818e-13 4.99951065e-01 2.94392760e-10
   1.72718383e-18 6.82359963e-20 4.59590265e-13 3.01745899e-14
   1.67491021e-13]
  [6.01535564e-19 1.00000000e+00 1.71222483e-17 1.87753136e-21
   1.71819513e-26 7.19296105e-34 4.92071791e-12 2.21447400e-17
   8.68498725e-27]
  [6.21779561e-01 9.95671272e-01 4.19649184e-01 1.34545244e-15
   5.44545281e-18 9.11115918e-26 4.47977731e-11 5.17762442e-16
   4.83169596e-18]
  [6.55970991e-01 7.66612251e-13 4.99230564e-01 2.16613226e-13
   1.66347478e-22 8.74286892e-22 2.20822330e-13 6.86491828e-16
   1.09167241e-16]
  [8.87896144e-23 1.00000000e+00 7.19247108e-18 1.36305168e-21
   1.97092013e-26 3.06684020e-34 3.93008846e-12 1.09865593e-16
   9.56766848e-28]
  [7.30943680e-01 4.40524207e-16 5.00000000e-01 1.08556867e-06
   6.14359879e-17 6.24624660e-14 1.03999173e-13 5.72431534e-13
   7.51783258e-09]
  [5.11969209e-01 2.56148036e-09 4.98066247e-01 2.11534472e-15
   5.38612832e-23 1.03121781e-24 2.25596804e-13 4.77310676e-17
   1.09121692e-19]
  [7.45080674e-14 9.99999762e-01 4.50562808e-12 1.54494946e-20
   5.44254182e-26 3.15439889e-31 3.28275845e-13 2.71578566e-17
   5.43978512e-25]
  [7.24958241e-01 1.09335989e-13 4.99999881e-01 8.19680966e-14
   8.43503083e-20 1.99705199e-22 1.16836228e-13 1.20810308e-15
   1.93210468e-14]
  [9.69307953e-22 1.00000000e+00 1.15987141e-17 8.52928548e-21
   5.46627914e-26 6.31621997e-34 8.15521609e-12 8.85005699e-17
   4.50009276e-28]]], shape=(1, 32, 9), dtype=float32)