tf.Tensor(
[[[0.44218147]
  [0.44830215]
  [0.47727466]
  ...
  [0.43844023]
  [0.4270144 ]
  [0.4050829 ]]

 [[0.57246506]
  [0.5485995 ]
  [0.5313319 ]
  ...
  [0.45516223]
  [0.43808424]
  [0.4082672 ]]

 [[0.65260404]
  [0.6795218 ]
  [0.6954907 ]
  ...
  [0.447583  ]
  [0.42840788]
  [0.41027203]]

 ...

 [[0.408032  ]
  [0.41278028]
  [0.4250083 ]
  ...
  [0.43184927]
  [0.42238387]
  [0.40086526]]

 [[0.41699368]
  [0.42096898]
  [0.43221462]
  ...
  [0.43189448]
  [0.42241508]
  [0.40088543]]

 [[0.41659617]
  [0.42060882]
  [0.4318703 ]
  ...
  [0.4318877 ]
  [0.42240965]
  [0.40088192]]], shape=(105, 32, 1), dtype=float32)