tf.Tensor(
[[[2.0852387e-01 7.5809970e-02 4.0791774e-01 1.9083707e-02 6.6815369e-02
   3.7812788e-02 1.2290240e-02 2.5137078e-02 2.1561299e-01]
  [4.1432623e-02 1.8898260e-02 4.8187780e-01 1.8594286e-03 8.0603817e-03
   5.3137797e-03 2.7066717e-04 8.3530077e-04 2.1597559e-02]
  [1.7932020e-02 1.6692683e-02 4.9131414e-01 1.2325591e-03 3.5438589e-03
   2.8871074e-03 1.0848085e-04 3.3203725e-04 8.1233028e-03]
  [1.6073268e-02 1.6775217e-02 4.9214458e-01 1.1828002e-03 3.0269818e-03
   2.6328054e-03 8.9998925e-05 3.0174322e-04 6.9051655e-03]
  [1.5923316e-02 1.6938306e-02 4.9249235e-01 1.1805743e-03 2.8711925e-03
   2.5573319e-03 8.6481508e-05 2.9958968e-04 6.8825278e-03]
  [1.5942991e-02 1.7068053e-02 4.9267972e-01 1.1820593e-03 2.8144603e-03
   2.5315769e-03 8.5453117e-05 2.9945758e-04 7.0122839e-03]
  [1.5965952e-02 1.7130312e-02 4.9279088e-01 1.1830070e-03 2.7869721e-03
   2.5230104e-03 8.4961292e-05 2.9915493e-04 7.1508782e-03]
  [1.5970681e-02 1.7165719e-02 4.9286515e-01 1.1830612e-03 2.7716924e-03
   2.5166224e-03 8.4678119e-05 2.9880391e-04 7.2824750e-03]
  [1.5968438e-02 1.7172404e-02 4.9292016e-01 1.1826389e-03 2.7602143e-03
   2.5130813e-03 8.4439664e-05 2.9839700e-04 7.4004070e-03]
  [1.5957223e-02 1.7181309e-02 4.9296144e-01 1.1819788e-03 2.7517020e-03
   2.5065755e-03 8.4201209e-05 2.9803559e-04 7.5105303e-03]
  [1.5945718e-02 1.7187724e-02 4.9299392e-01 1.1810063e-03 2.7443080e-03
   2.5007853e-03 8.4022358e-05 2.9764473e-04 7.6083867e-03]
  [1.5930217e-02 1.7194632e-02 4.9302244e-01 1.1800493e-03 2.7381957e-03
   2.4934604e-03 8.3873325e-05 2.9728387e-04 7.7001555e-03]
  [1.5918313e-02 1.7203126e-02 4.9304545e-01 1.1789583e-03 2.7326650e-03
   2.4871351e-03 8.3709390e-05 2.9695322e-04 7.7807205e-03]
  [1.5901521e-02 1.7211942e-02 4.9306500e-01 1.1782404e-03 2.7277751e-03
   2.4804370e-03 8.3575258e-05 2.9662275e-04 7.8552961e-03]
  [1.5884085e-02 1.7228490e-02 4.9308240e-01 1.1771950e-03 2.7241821e-03
   2.4728901e-03 8.3441133e-05 2.9635194e-04 7.9245195e-03]
  [1.5870776e-02 1.7235620e-02 4.9309713e-01 1.1765221e-03 2.7195311e-03
   2.4664013e-03 8.3321909e-05 2.9600679e-04 7.9854392e-03]
  [1.5857710e-02 1.7247973e-02 4.9311057e-01 1.1756707e-03 2.7158489e-03
   2.4602707e-03 8.3187770e-05 2.9578136e-04 8.0412906e-03]
  [1.5843146e-02 1.7263934e-02 4.9312201e-01 1.1749387e-03 2.7128819e-03
   2.4532757e-03 8.3068546e-05 2.9545126e-04 8.0945129e-03]
  [1.5826967e-02 1.7281124e-02 4.9313229e-01 1.1744306e-03 2.7100346e-03
   2.4472200e-03 8.2964230e-05 2.9521110e-04 8.1387637e-03]
  [1.5814930e-02 1.7295675e-02 4.9314159e-01 1.1737287e-03 2.7071275e-03
   2.4410901e-03 8.2889717e-05 2.9497108e-04 8.1828022e-03]
  [1.5803874e-02 1.7316310e-02 4.9314868e-01 1.1728331e-03 2.7045931e-03
   2.4350798e-03 8.2830105e-05 2.9479069e-04 8.2205683e-03]
  [1.5788704e-02 1.7332576e-02 4.9315685e-01 1.1724744e-03 2.7023866e-03
   2.4292185e-03 8.2695973e-05 2.9455085e-04 8.2553038e-03]
  [1.5774935e-02 1.7353332e-02 4.9316448e-01 1.1717132e-03 2.7009102e-03
   2.4225675e-03 8.2591658e-05 2.9429572e-04 8.2907677e-03]
  [1.5762180e-02 1.7370922e-02 4.9317056e-01 1.1712650e-03 2.6985847e-03
   2.4169448e-03 8.2546947e-05 2.9411551e-04 8.3195502e-03]
  [1.5749216e-02 1.7391998e-02 4.9317560e-01 1.1705934e-03 2.6970343e-03
   2.4109355e-03 8.2472434e-05 2.9386059e-04 8.3483905e-03]
  [1.5736222e-02 1.7412538e-02 4.9318185e-01 1.1702052e-03 2.6959155e-03
   2.4048958e-03 8.2383027e-05 2.9365055e-04 8.3729634e-03]
  [1.5722573e-02 1.7432179e-02 4.9318680e-01 1.1697871e-03 2.6944396e-03
   2.3993333e-03 8.2338316e-05 2.9348541e-04 8.3951196e-03]
  [1.5709221e-02 1.7452538e-02 4.9319142e-01 1.1692499e-03 2.6931723e-03
   2.3938902e-03 8.2248902e-05 2.9327552e-04 8.4173186e-03]
  [1.5697718e-02 1.7471611e-02 4.9319571e-01 1.1688169e-03 2.6919048e-03
   2.3888943e-03 8.2174396e-05 2.9309565e-04 8.4343534e-03]
  [1.5684247e-02 1.7493337e-02 4.9320024e-01 1.1683096e-03 2.6909057e-03
   2.3834219e-03 8.2114784e-05 2.9291565e-04 8.4527340e-03]
  [1.5673608e-02 1.7508656e-02 4.9320421e-01 1.1681152e-03 2.6894300e-03
   2.3787688e-03 8.2040278e-05 2.9273587e-04 8.4670056e-03]
  [1.5661627e-02 1.7534345e-02 4.9320710e-01 1.1673694e-03 2.6890568e-03
   2.3731478e-03 8.1995560e-05 2.9258546e-04 8.4850034e-03]]], shape=(1, 32, 9), dtype=float32)